1,2,3.890393077459202
1,3,5.95237525386399
1,4,7.482891589446789
1,5,7.628113617235944
1,6,11.118495699711932
1,7,14.06403950454303
1,8,16.776894126141507
1,9,17.66007247117477
1,10,20.13934938352544
1,11,23.911783798143986
1,12,25.977673391087443
1,13,25.0361226916814
1,14,25.08860459802902
1,15,21.493295936905934
1,16,19.88914069676934
1,17,16.46328791590734
1,18,15.016716960534342
1,19,11.773980621088056
1,20,12.400701798823112
1,21,9.541587766913258
1,22,11.49258173381638
1,23,11.094762528749234
1,24,9.934497524770952
1,25,10.329423857149362
1,26,7.921507424668281
1,27,8.79995251505442
1,28,12.36928902162813
1,29,12.823329677127678
1,30,12.73873385687619
1,31,10.99713677243283
1,32,12.893128534255641
1,33,11.574899411463564
1,34,14.540048950089421
1,35,14.864737038953468
1,36,18.591234514717016
1,37,21.28613561704737
1,38,21.6980876977231
1,39,18.342800853787658
1,40,17.104187500631358
1,41,14.063229692630287
1,42,14.853669089005287
1,43,14.045113902706504
1,44,16.716429048341553
1,45,18.48774288041133
1,46,18.07375116098424
1,47,21.802536595510368
1,48,23.076750129884633
1,49,25.90472401144379
1,50,24.93716684857358
1,51,21.497493133602106
1,52,23.414331736273954
1,53,25.797305839861835
1,54,23.28892128974367
1,55,21.49215761737267
1,56,24.895846566414676
1,57,26.56416697227281
1,58,23.90190865055805
1,59,24.633305378037676
2,1,3.890393077459202
2,3,3.871174080282334
2,4,7.178337678010086
2,5,8.862274432928531
2,6,12.26708318467401
2,7,14.39389295515669
2,8,17.686986447053982
2,9,19.272428199117517
2,10,22.182317775431983
2,11,25.815568379175186
2,12,28.273850358855128
2,13,27.722551507792165
2,14,28.151476608688935
2,15,25.088229609252018
2,16,23.67556924289729
2,17,20.242438430154767
2,18,18.546756063867466
2,19,15.200459737890434
2,20,15.186841867032207
2,21,11.813446600376375
2,22,12.725054672275158
2,23,11.131644456170372
2,24,9.227839413729505
2,25,8.26282255645525
2,26,5.3126763025038795
2,27,7.4703961800108365
2,28,11.277211472273143
2,29,12.78543988939341
2,30,13.777933928601724
2,31,12.81609105419543
2,32,15.460278049322628
2,33,14.672757860310783
2,34,17.920042213635604
2,35,18.50667286302045
2,36,22.17927082878505
2,37,24.99016958017688
2,38,25.172186380355292
2,39,21.825386405465295
2,40,20.303403953563137
2,41,17.242516356033704
2,42,17.67195839760879
2,43,16.40731197254085
2,44,19.049169578075848
2,45,20.346384285454878
2,46,20.007639175967814
2,47,23.523420712095223
2,48,25.131301253259302
2,49,28.24322455566632
2,50,27.620241016292177
2,51,24.220702591144505
2,52,26.0754131802564
2,53,28.738011166278604
2,54,26.504246389592726
2,55,24.640859043356546
2,56,28.056751692274986
2,57,29.94404529189147
2,58,27.43519211211361
2,59,27.990654916447976
3,1,5.95237525386399
3,2,3.871174080282334
3,4,3.8656792890506972
3,5,6.54592093801141
3,6,9.428646941990836
3,7,10.941545598249968
3,8,14.466521094939283
3,9,16.498912653657033
3,10,19.70592498184297
3,11,23.151297841073493
3,12,25.93248098864422
3,13,25.818554560100377
3,14,26.724489386537215
3,15,24.678498420456656
3,16,23.865923952518983
3,17,20.56335301148678
3,18,18.44327157294079
3,19,15.35235781174049
3,20,14.877412177074103
3,21,11.549056379936264
3,22,12.209464540980202
3,23,10.055147195253912
3,24,9.224839355656897
3,25,8.749533662145943
3,26,4.934841297337734
3,27,5.294584460904723
3,28,8.881330314618205
3,29,10.179626414274392
3,30,11.855822349566385
3,31,11.016520990772202
3,32,14.109882422327109
3,33,13.74963189844108
3,34,17.250114023005786
3,35,18.412468912103982
3,36,21.91101518461455
3,37,25.096341518330107
3,38,24.99658239904649
3,39,21.958417787060892
3,40,19.82568706392974
3,41,16.54104075562877
3,42,16.2309740816487
3,43,14.422716100652876
3,44,17.00310947475101
3,45,17.972069893390323
3,46,18.067994520730885
3,47,21.37385215415386
3,48,22.955954990774533
3,49,26.332172289627273
3,50,25.91611329257667
3,51,22.735350496335844
3,52,24.79286967368345
3,53,27.59047828787036
3,54,25.672473420362802
3,55,24.090089566626904
3,56,27.65844733927841
3,57,29.57479544496815
3,58,27.472253420776475
3,59,28.186497829060766
4,1,7.482891589446789
4,2,7.178337678010086
4,3,3.8656792890506972
4,5,3.84555967182096
4,6,5.750515818650949
4,7,7.417095909998701
4,8,10.77132598841763
4,9,12.7130437001508
4,10,16.048468967195642
4,11,19.41089782098427
4,12,22.274065289757218
4,13,22.389389003942274
4,14,23.522225334564027
4,15,22.171614447699202
4,16,21.874177349032284
4,17,18.735499455246853
4,18,16.27155122114851
4,19,13.564397619439669
4,20,12.823727857835141
4,21,9.949111369764362
4,22,10.846124074801402
4,23,9.053430516651098
4,24,9.774125334289174
4,25,10.611272382866925
4,26,7.233322715361107
4,27,5.110011430996414
4,28,7.666211774483318
4,29,7.570560723631988
4,30,9.092639630573695
4,31,7.907884549997926
4,32,11.093945938194798
4,33,11.102876187409114
4,34,14.70441790982115
4,35,16.435279066624737
4,36,19.729968556156056
4,37,23.19993161392963
4,38,23.058897247778443
4,39,20.412913695932613
4,40,17.889248038966638
4,41,14.368657881070977
4,42,13.331509834937835
4,43,11.029650182490984
4,44,13.432478695515973
4,45,14.262448897348893
4,46,14.693534580343506
4,47,17.92176728251513
4,48,19.327896627621442
4,49,22.796183436102726
4,50,22.438597097188943
4,51,19.425758099335688
4,52,21.655164249174565
4,53,24.45616319912142
4,54,22.75298722038638
4,55,21.442867838848652
4,56,25.098529147729035
4,57,26.96302451291805
4,58,25.212598124954656
4,59,26.10004963052475
5,1,7.628113617235944
5,2,8.862274432928531
5,3,6.54592093801141
5,4,3.84555967182096
5,6,3.829658962691606
5,7,6.703037585655597
5,8,9.281888577446654
5,9,10.701173826719627
5,10,13.483544471826745
5,11,17.09541329546073
5,12,19.665274414228072
5,13,19.374883946447525
5,14,20.38272574619928
5,15,19.07355468455931
5,16,18.882910127168742
5,17,16.04002445135085
5,18,13.971040831644757
5,19,11.850989000939398
5,20,12.019808810310314
5,21,10.050216175264168
5,22,12.118571998958718
5,23,11.454168484751174
5,24,12.539011597262839
5,25,13.80952741183028
5,26,10.543109623911075
5,27,8.63775334129706
5,28,10.948052487740659
5,29,9.761002263145276
5,30,10.077456847716036
5,31,7.463146044851778
5,32,9.54467749271362
5,33,8.489977971292292
5,34,11.717626729371874
5,35,13.145771340932834
5,36,16.26785960850017
5,37,19.724769505957283
5,38,19.343717999839466
5,39,16.753195099542555
5,40,14.093326634819885
5,41,10.648762033510069
5,42,9.830790591989038
5,43,8.167159323514747
5,44,11.24526952497234
5,45,13.006664544457967
5,46,13.993396564012206
5,47,17.443247721150836
5,48,18.111972659336462
5,49,21.375909783665605
5,50,20.422502642136244
5,51,17.58376614414609
5,52,20.271110924809946
5,53,22.617636130683866
5,54,20.555985799989045
5,55,19.711519595746616
5,56,23.47935617776355
5,57,24.877586574069277
5,58,23.076780937189646
5,59,24.45724886198314
6,1,11.118495699711932
6,2,12.26708318467401
6,3,9.428646941990836
6,4,5.750515818650949
6,5,3.829658962691606
6,7,3.823871874211258
6,8,5.67618679415712
6,9,7.115324770450509
6,10,10.324680660049626
6,11,13.723342869000719
6,12,16.579497282766688
6,13,16.826170837340147
6,14,18.31219142612561
6,15,18.22341093187446
6,16,18.79005622081544
6,17,16.25781559049438
6,18,13.747366711029755
6,19,12.257240447241827
6,20,11.84776716346318
6,21,10.572265240648614
6,22,12.311685864213421
6,23,11.808083027470323
6,24,13.9058838602011
6,25,15.719548489153379
6,26,12.764115178051613
6,27,9.867735159118416
6,28,10.892748285837527
6,29,8.625513196998055
6,30,8.814046811880017
6,31,6.262765746033002
6,32,8.162549510906912
6,33,8.049651748954743
6,34,11.139945468195362
6,35,13.41291103742605
6,36,16.052915409630977
6,37,19.7898017565073
6,38,19.355296948440188
6,39,17.411152552774155
6,40,14.322934015408778
6,41,10.799694182835973
6,42,8.64604078537039
6,43,5.884372477808161
6,44,8.45676915575713
6,45,9.77558688042917
6,46,11.406550442681425
6,47,14.508176865723122
6,48,14.977912592980962
6,49,18.43236668459508
6,50,17.719407149415236
6,51,15.20951293420281
6,52,18.048726057341025
6,53,20.460192924956225
6,54,18.864008309233924
6,55,18.37340139151673
6,56,22.143057027451523
6,57,23.549763023319407
6,58,22.30603638316155
6,59,23.767046345991613
7,1,14.06403950454303
7,2,14.39389295515669
7,3,10.941545598249968
7,4,7.417095909998701
7,5,6.703037585655597
7,6,3.823871874211258
7,8,3.852782335338824
7,9,7.1595461292999945
7,10,10.651929317086704
7,11,13.35228499154759
7,12,16.75396758453989
7,13,17.726385654655374
7,14,19.88904755947658
7,15,21.0315093122411
7,16,22.032408261776204
7,17,19.759270130496798
7,18,17.214227866952367
7,19,15.93572175011203
7,20,15.192457916513971
7,21,13.834378223711571
7,22,14.91071514343526
7,23,13.726314760114008
7,24,15.907737865113617
7,25,17.33067673699899
7,26,14.24470391336521
7,27,11.202375405150962
7,28,11.536725750201125
7,29,9.506504542031642
7,30,10.763853568677446
7,31,9.187169084327747
7,32,11.26132871826971
7,33,11.592731151360836
7,34,14.377923685643806
7,35,16.71722774219552
7,36,18.960805359415936
7,37,22.714041308657592
7,38,21.883086173541244
7,39,20.223470390510144
7,40,16.81327318238483
7,41,13.64610755411116
7,42,11.145979808626343
7,43,8.357660573868838
7,44,10.31671662136262
7,45,10.798214838442552
7,46,13.0472059750769
7,47,15.435944189341727
7,48,15.852348398972566
7,49,19.526576898223738
7,50,19.16258006351034
7,51,17.171288646818983
7,52,20.04545400121942
7,53,22.496359242552863
7,54,21.346013564502126
7,55,21.151740158918315
7,56,24.848898041142938
7,57,26.24306635004189
7,58,25.378996987598708
7,59,26.869962169017672
8,1,16.776894126141507
8,2,17.686986447053982
8,3,14.466521094939283
8,4,10.77132598841763
8,5,9.281888577446654
8,6,5.67618679415712
8,7,3.852782335338824
8,9,3.88925964313787
8,10,7.198854455452949
8,11,9.552723167024604
8,12,13.06904221907946
8,13,14.397768123877576
8,14,16.929030446948353
8,15,19.20718252816334
8,16,20.84063284351785
8,17,19.07702440133808
8,18,16.574470800976712
8,19,16.12401616990215
8,20,15.479408920013734
8,21,15.049437377608802
8,22,16.36440426546682
8,23,15.869370098349076
8,24,18.558512161881218
8,25,20.466525206355932
8,26,17.629493653489313
8,27,14.346621252515481
8,28,14.215927666792124
8,29,11.422105632919546
8,30,11.78180694521904
8,31,9.96535816950423
8,32,10.90197089369235
8,33,11.382278859875816
8,34,13.41530450799897
8,35,16.038713827531826
8,36,17.634756947724487
8,37,21.40750666874732
8,38,20.487607938023046
8,39,19.475529314809872
8,40,15.902941671005566
8,41,13.021294536436534
8,42,9.81734028437915
8,43,7.0338650541246235
8,44,8.176389890205805
8,45,8.595205068837764
8,46,11.709058980027212
8,47,13.610385848910525
8,48,13.250789600217109
8,49,16.793794594848205
8,50,16.29851901665781
8,51,14.896240519846256
8,52,18.021857249448125
8,53,20.137066002089338
8,54,19.252592349643866
8,55,19.638928115257116
8,56,23.226985570335227
8,57,24.321730170507436
8,58,23.915816902270397
8,59,25.670494117115165
9,1,17.66007247117477
9,2,19.272428199117517
9,3,16.498912653657033
9,4,12.7130437001508
9,5,10.701173826719627
9,6,7.115324770450509
9,7,7.1595461292999945
9,8,3.88925964313787
9,10,3.890299974535237
9,11,6.742232386267287
9,12,9.860995573927731
9,13,11.027533713848264
9,14,13.390733571330568
9,15,15.941356876370946
9,16,17.9534484865858
9,17,16.51483376911286
9,18,13.99671893299643
9,19,14.269211924011426
9,20,13.759092062256535
9,21,14.291133479757843
9,22,15.955251687252002
9,23,16.361485061236397
9,24,19.38409836138364
9,25,21.84810278447985
9,26,19.36902851898027
9,27,15.980588366016185
9,28,15.728399173046492
9,29,12.3635908322171
9,30,11.502636867485329
9,31,9.333770562567198
9,32,8.925109211468255
9,33,9.586223285676335
9,34,10.89128231282133
9,35,13.876697233709526
9,36,15.057099796374276
9,37,18.829958158815312
9,38,18.25119429526923
9,39,17.722437812872126
9,40,14.340944415742769
9,41,11.532737989072155
9,42,7.81167082912568
9,43,4.988548836541037
9,44,4.8039702220811265
9,45,5.653576972713565
9,46,9.229381629273853
9,47,11.061833580760638
9,48,9.978065960563722
9,49,13.275506906447772
9,50,12.470627884344765
9,51,11.244926549032787
9,52,14.565742308127637
9,53,16.404322532914094
9,54,15.57599244627499
9,55,16.29396109659591
9,56,19.78775054141236
9,57,20.68880723244495
9,58,20.54111756071545
9,59,22.43654374221647
10,1,20.13934938352544
10,2,22.182317775431983
10,3,19.70592498184297
10,4,16.048468967195642
10,5,13.483544471826745
10,6,10.324680660049626
10,7,10.651929317086704
10,8,7.198854455452949
10,9,3.890299974535237
10,11,3.8562747182907273
10,12,6.278850108362057
10,13,7.238511804654311
10,14,9.971803039275114
10,15,13.884753260519823
10,16,16.51895777686719
10,17,15.901883904094888
10,18,13.980920145099134
10,19,15.245147403291433
10,20,15.360054861715826
10,21,16.65121389729711
10,22,18.72827365689256
10,23,19.65063110356245
10,24,22.6618353183572
10,25,25.25673576023378
10,26,22.784708267434276
10,27,19.5359649461499
10,28,19.448265013473
10,29,16.000688343229353
10,30,14.633612910249127
10,31,12.16054282398438
10,32,10.633285015870326
10,33,10.635365154192534
10,34,10.548163133220156
10,35,13.179286103625234
10,36,13.35579806374181
10,37,16.86870191903871
10,38,16.064745609171204
10,39,16.300021494458797
10,40,12.99179107421983
10,41,11.006301493393693
10,42,7.333177755281664
10,43,6.260881601924306
10,44,5.482903601030747
10,45,7.193949941458593
10,46,10.831706811463107
10,47,12.210507789281074
10,48,9.882207676602063
10,49,12.331283829266544
10,50,10.665014008849894
10,51,10.403463564390785
10,52,14.081890953229207
10,53,15.01843444212154
10,54,14.107555956004752
10,55,15.718265328546886
10,56,18.9818336767332
10,57,19.197910388179878
10,58,19.377400891138233
10,59,21.76226205543993
11,1,23.911783798143986
11,2,25.815568379175186
11,3,23.151297841073493
11,4,19.41089782098427
11,5,17.09541329546073
11,6,13.723342869000719
11,7,13.35228499154759
11,8,9.552723167024604
11,9,6.742232386267287
11,10,3.8562747182907273
11,12,3.849594547702027
11,13,6.722105523237695
11,14,10.260009448290806
11,15,15.8696647616636
11,16,19.014731161000576
11,17,18.87391590754284
11,18,17.028880814576397
11,19,18.60600555565166
11,20,18.472947938094382
11,21,19.96120901865965
11,22,21.722768203744813
11,23,22.603290911890472
11,24,25.82770396260892
11,25,28.483192240310817
11,26,26.099291023213674
11,27,22.678503340124198
11,28,22.161641047079506
11,29,18.624843486814378
11,30,17.381986643035404
11,31,15.396716727485298
11,32,13.864123567498298
11,33,14.275850269166568
11,34,13.879055089908363
11,35,16.459734498016534
11,36,16.043702778963766
11,37,19.233469674039846
11,38,18.318897917951986
11,39,19.16886392775719
11,40,15.972763126248813
11,41,14.498816817138028
11,42,10.985790431443204
11,43,10.061360785549974
11,44,8.545513150862652
11,45,9.009166954383417
11,46,12.678017755341072
11,47,12.930507101575737
11,48,10.004331742010075
11,49,11.905555193182744
11,50,10.568080634503321
11,51,11.57750027972871
11,52,14.93281304360517
11,53,15.454228313289462
11,54,15.31999515425605
11,55,17.434469751233827
11,56,20.257911176594
11,57,20.24454645304544
11,58,21.09916542227837
11,59,23.49130876588964
12,1,25.977673391087443
12,2,28.273850358855128
12,3,25.93248098864422
12,4,22.274065289757218
12,5,19.665274414228072
12,6,16.579497282766688
12,7,16.75396758453989
12,8,13.06904221907946
12,9,9.860995573927731
12,10,6.278850108362057
12,11,3.849594547702027
12,13,3.8220368241127143
12,14,7.405317278599922
12,15,14.161768399217767
12,16,17.734049089384193
12,17,18.321869253146176
12,18,16.99487717695619
12,19,19.276498063735197
12,20,19.534439095091997
12,21,21.615472781898124
12,22,23.645881912944066
12,23,25.029721473997093
12,24,28.253689446010842
12,25,31.10807012955893
12,26,28.856891652008414
12,27,25.52754866844549
12,28,25.133158641448926
12,29,21.49242742051108
12,30,19.732938253809838
12,31,17.570220824513285
12,32,15.317055633605545
12,33,15.434936338239082
12,34,14.09950504231521
12,35,16.317655613653237
12,36,15.081433825779296
12,37,17.770858402881437
12,38,16.998028417241663
12,39,18.562354559841665
12,40,15.841942881979318
12,41,15.037203890408385
12,42,11.963286720658774
12,43,11.951599754162592
12,44,10.131645084245033
12,45,11.01101982384629
12,46,14.163270399006205
12,47,14.197450825708334
12,48,10.620354720105627
12,49,11.271670680924245
12,50,9.118667766541824
12,51,11.103134731326383
12,52,14.338892586198307
12,53,13.884488932506473
12,54,13.782260194195866
12,55,16.588212976027098
12,56,18.97328093979805
12,57,18.32238583979628
12,58,19.54282385314631
12,59,22.228297399796904
13,1,25.0361226916814
13,2,27.722551507792165
13,3,25.818554560100377
13,4,22.389389003942274
13,5,19.374883946447525
13,6,16.826170837340147
13,7,17.726385654655374
13,8,14.397768123877576
13,9,11.027533713848264
13,10,7.238511804654311
13,11,6.722105523237695
13,12,3.8220368241127143
13,14,3.860775029684866
13,15,10.900595967558719
13,16,14.550887766649401
13,17,15.635714222967255
13,18,14.980992871824768
13,19,17.716488809270473
13,20,18.65813348854183
13,21,21.034361808895483
13,22,23.548322798619733
13,23,25.30186575917925
13,24,28.27843656537383
13,25,31.15239404817159
13,26,28.890763315426646
13,27,25.84574984404873
13,28,25.921738638231435
13,29,22.35254630263822
13,30,20.218658791436305
13,31,17.57546533508103
13,32,14.810617887958438
13,33,14.18129234403708
13,34,12.038827942548394
13,35,13.63413663552313
13,36,11.810594003472602
13,37,14.17208748386204
13,38,13.433464119429578
13,39,15.338085528011122
13,40,13.026381584044843
13,41,12.799532205702493
13,42,10.394483764178183
13,43,11.48688628365837
13,44,10.159224954195695
13,45,12.113737943293815
13,46,14.836770423708645
13,47,15.549260920731411
13,48,12.01300844018622
13,49,12.237201605614286
13,50,9.067630061671798
13,51,10.69101887668354
13,52,14.107682876273948
13,53,13.066582650422571
13,54,12.06130898140016
13,55,15.165964922779395
13,56,17.54352797219618
13,57,16.358102542449185
13,58,17.216444898084873
13,59,20.308564447563814
14,1,25.08860459802902
14,2,28.151476608688935
14,3,26.724489386537215
14,4,23.522225334564027
14,5,20.38272574619928
14,6,18.31219142612561
14,7,19.88904755947658
14,8,16.929030446948353
14,9,13.390733571330568
14,10,9.971803039275114
14,11,10.260009448290806
14,12,7.405317278599922
14,13,3.860775029684866
14,15,7.694599040048515
14,16,11.546314508414318
14,17,13.289109819048523
14,18,13.291804956063036
14,19,16.565743256472814
14,20,17.970648419471665
14,21,20.796453386364586
14,22,23.571683637615298
14,23,25.81144299600226
14,24,28.624567705261715
14,25,31.638422200077716
14,26,29.605514979140647
14,27,26.785057880049006
14,28,27.087438902909017
14,29,23.560875247178082
14,30,20.953274493841956
14,31,18.174931636146734
14,32,14.892465430073837
14,33,13.932429947501468
14,34,10.999945799960075
14,35,12.04981348385115
14,36,9.593670376535256
14,37,11.354912076979781
14,38,11.324625929419335
14,39,13.647747077813712
14,40,12.223560487975929
14,41,12.41482777518627
14,42,10.823904130644035
14,43,12.532786473922854
14,44,11.218189085176569
14,45,13.539101766168828
14,46,15.468953449773988
14,47,16.4461553033147
14,48,13.03217500921976
14,49,12.521799682887861
14,50,8.754649092275152
14,51,10.149364440551743
14,52,13.221080454674256
14,53,11.443076278415845
14,54,9.766865019238947
14,55,13.185206257261964
14,56,15.220526022936344
14,57,13.453526028202589
14,58,14.18209808041065
14,59,17.55978268744417
15,1,21.493295936905934
15,2,25.088229609252018
15,3,24.678498420456656
15,4,22.171614447699202
15,5,19.07355468455931
15,6,18.22341093187446
15,7,21.0315093122411
15,8,19.20718252816334
15,9,15.941356876370946
15,10,13.884753260519823
15,11,15.8696647616636
15,12,14.161768399217767
15,13,10.900595967558719
15,14,7.694599040048515
15,16,3.9342947166254842
15,17,6.4163290517243805
15,18,7.960549494296579
15,19,11.69714298824435
15,20,14.15013325256539
15,21,17.31090612377434
15,22,20.558428292654206
15,23,23.44185412492841
15,24,25.62840852443282
15,25,28.658874545876554
15,26,27.070675672890832
15,27,24.915608574316117
15,28,25.839510279964145
15,29,22.746935575816877
15,30,19.58127789744714
15,31,16.60079067419821
15,32,12.949017456105686
15,33,11.198020384377065
15,34,7.4789521433165085
15,35,7.169705666912392
15,36,4.890529428694465
15,37,6.028816460543381
15,38,8.51688267010202
15,39,9.83796442693061
15,40,10.228201770679563
15,41,10.243362265550452
15,42,10.458700112581035
15,43,12.690846045257922
15,44,12.143223933301236
15,45,15.06543768172274
15,46,15.464956533994364
15,47,17.5615714202795
15,48,15.350608879260127
15,49,14.929681241386957
15,50,11.40708964872849
15,51,10.464447721956043
15,52,12.716175597213256
15,53,11.219831243623146
15,54,7.57035602650527
15,55,9.63697887618717
15,56,11.734565506361543
15,57,9.940733440457539
15,58,8.626143235669362
15,59,12.302038297858989
16,1,19.88914069676934
16,2,23.67556924289729
16,3,23.865923952518983
16,4,21.874177349032284
16,5,18.882910127168742
16,6,18.79005622081544
16,7,22.032408261776204
16,8,20.84063284351785
16,9,17.9534484865858
16,10,16.51895777686719
16,11,19.014731161000576
16,12,17.734049089384193
16,13,14.550887766649401
16,14,11.546314508414318
16,15,3.9342947166254842
16,17,3.8027821335322045
16,18,6.963119889501116
16,19,10.309151358033308
16,20,13.400838450728095
16,21,16.38326212384612
16,22,19.824179595919848
16,23,22.85961910210284
16,24,24.550664574849446
16,25,27.42781845950055
16,26,26.03311474769956
16,27,24.363469771784516
16,28,25.693446193306006
16,29,22.985642857632115
16,30,19.770384285977407
16,31,16.762726348259953
16,32,13.334680028939164
16,33,11.139115649458182
16,34,7.711037465791717
16,35,6.1391703852922745
16,36,5.046263296739989
16,37,5.198275663163753
16,38,8.711571054959839
16,39,8.889932253146315
16,40,10.355768849330875
16,41,10.323074426680337
16,42,11.601542462625206
16,43,13.908523968707074
16,44,13.98094449816487
16,45,17.010952864040036
16,46,16.850805624833143
16,47,19.42618653322933
16,48,17.85397127609875
16,49,17.68576258259621
16,50,14.51676771481949
16,51,12.79118140342452
16,52,14.581424162313377
16,53,13.559402820353478
16,54,9.679132581706064
16,55,10.393780383432548
16,56,12.393205367536414
16,57,10.999106986626979
16,58,8.33733393434694
16,59,11.642230906288862
17,1,16.46328791590734
17,2,20.242438430154767
17,3,20.56335301148678
17,4,18.735499455246853
17,5,16.04002445135085
17,6,16.25781559049438
17,7,19.759270130496798
17,8,19.07702440133808
17,9,16.51483376911286
17,10,15.901883904094888
17,11,18.87391590754284
17,12,18.321869253146176
17,13,15.635714222967255
17,14,13.289109819048523
17,15,6.4163290517243805
17,16,3.8027821335322045
17,18,3.8218309022759924
17,19,6.629014570778798
17,20,9.966368252631808
17,21,12.75098961808016
17,22,16.25250528633144
17,23,19.2884535129944
17,24,20.826174491691365
17,25,23.69487742968209
17,26,22.43619464285304
17,27,20.882157563308656
17,28,22.305598470968555
17,29,19.812923830269472
17,30,16.607898480894324
17,31,13.674091350344218
17,32,10.510293823791265
17,33,8.320836959852207
17,34,5.7082282020812585
17,35,4.756977336529463
17,36,6.258139014918219
17,37,7.886482430883289
17,38,10.782893492992793
17,39,9.677698166585326
17,40,10.504917579465559
17,41,9.21283501103175
17,42,10.383853796203697
17,43,12.048773281188177
17,44,12.399372069444064
17,45,15.315290646335516
17,46,14.72572736064774
17,47,17.74644657149823
17,48,16.865132416771687
17,49,17.317987416613253
17,50,14.683109171886581
17,51,12.072555298828547
17,52,13.784526395815293
17,53,13.794640366347197
17,54,10.040379330891104
17,55,9.515445763982836
17,56,12.175678891502123
17,57,11.976135127686616
17,58,8.932710465287453
17,59,11.366651215267934
18,1,15.016716960534342
18,2,18.546756063867466
18,3,18.44327157294079
18,4,16.27155122114851
18,5,13.971040831644757
18,6,13.747366711029755
18,7,17.214227866952367
18,8,16.574470800976712
18,9,13.99671893299643
18,10,13.980920145099134
18,11,17.028880814576397
18,12,16.99487717695619
18,13,14.980992871824768
18,14,13.291804956063036
18,15,7.960549494296579
18,16,6.963119889501116
18,17,3.8218309022759924
18,19,3.832562020095611
18,20,6.471201615094605
18,21,9.60271102646869
18,22,12.920401637555608
18,23,16.016473436518332
18,24,17.962872452550975
18,25,21.10247639181127
18,26,19.97649884747095
18,27,18.023095322781582
18,28,19.037563432018924
18,29,16.359103886134395
18,30,12.990095472337373
18,31,10.28828199834098
18,32,6.982724228465192
18,33,5.750363999382808
18,34,4.320407953095663
18,35,6.014745406085892
18,36,8.315644117578966
18,37,10.978181542896882
18,38,13.322364317058142
18,39,12.15008160074727
18,40,11.84521185387227
18,41,9.407092983513033
18,42,9.302911978344332
18,43,9.755518002413583
18,44,9.596277549778598
18,45,12.064634543267964
18,46,11.077716405810106
18,47,14.24902361647558
18,48,13.838565204019538
18,49,14.736587641454532
18,50,12.687442444465558
18,51,9.457528766110173
18,52,11.124005022435764
18,53,12.075215511030793
18,54,8.81802252289156
18,55,7.521729541215826
18,56,10.879465308706532
18,57,11.727176746643748
18,58,9.246657973519207
18,59,10.982885866190141
19,1,11.773980621088056
19,2,15.200459737890434
19,3,15.35235781174049
19,4,13.564397619439669
19,5,11.850989000939398
19,6,12.257240447241827
19,7,15.93572175011203
19,8,16.12401616990215
19,9,14.269211924011426
19,10,15.245147403291433
19,11,18.60600555565166
19,12,19.276498063735197
19,13,17.716488809270473
19,14,16.565743256472814
19,15,11.69714298824435
19,16,10.309151358033308
19,17,6.629014570778798
19,18,3.832562020095611
19,20,3.812620212448361
19,21,6.133396027098371
19,22,9.667537203447322
19,23,12.703657138041342
19,24,14.305047710970223
19,25,17.381300840968716
19,26,16.434977284635007
19,27,14.74928598301979
19,28,16.010947237066834
19,29,13.79766569520416
19,30,10.595513566337381
19,31,8.122838854905423
19,32,5.958302155771521
19,33,5.147934414291702
19,34,6.249141981520697
19,35,7.904460772719421
19,36,11.153542519291593
19,37,13.914176505696096
19,38,15.929848389667072
19,39,13.985865975696116
19,40,13.427986470865948
19,41,10.362702339094787
19,42,10.31457715777304
19,43,9.905913771169653
19,44,10.354115333649563
19,45,12.38876134143424
19,46,10.936852089532653
19,47,14.520164073721272
19,48,15.040725712079691
19,49,16.599923595222783
19,50,15.220141909171238
19,51,11.59007937208228
19,52,12.955200550791904
19,53,14.770100235269306
19,54,12.013474908421648
19,55,9.921111363849006
19,56,13.234438136681451
19,57,14.825669484413108
19,58,12.250602041835425
19,59,13.093233807243001
20,1,12.400701798823112
20,2,15.186841867032207
20,3,14.877412177074103
20,4,12.823727857835141
20,5,12.019808810310314
20,6,11.84776716346318
20,7,15.192457916513971
20,8,15.479408920013734
20,9,13.759092062256535
20,10,15.360054861715826
20,11,18.472947938094382
20,12,19.534439095091997
20,13,18.65813348854183
20,14,17.970648419471665
20,15,14.15013325256539
20,16,13.400838450728095
20,17,9.966368252631808
20,18,6.471201615094605
20,19,3.812620212448361
20,21,3.83135107792369
20,22,6.531647251605339
20,23,9.909630938282424
20,24,12.12549096816218
20,25,15.6266307616205
20,26,15.141854842935818
20,27,12.985429778848202
20,28,13.482409883198985
20,29,11.11829549886237
20,30,7.570320049215571
20,31,6.224754951687645
20,32,4.852830154374213
20,33,6.51888015343742
20,34,8.631025893362192
20,35,11.220292687842822
20,36,14.256414121646484
20,37,17.25717755060463
20,38,19.17863495529099
20,39,17.447221410360907
20,40,16.41993088021365
20,41,13.01888400790024
20,42,11.989618456662535
20,43,10.3316517428077
20,44,9.968642238268286
20,45,10.816729574389743
20,46,8.485694757959994
20,47,11.970984276753388
20,48,13.366427675050124
20,49,15.239683445302711
20,50,14.761633331922749
20,51,10.910129578609332
20,52,11.658492358887909
20,53,14.33344791949731
20,54,12.46387211407581
20,55,9.808459023063012
20,56,13.036092816207248
20,57,15.442771505500264
20,58,13.488955339633254
20,59,13.56200717324635
21,1,9.541587766913258
21,2,11.813446600376375
21,3,11.549056379936264
21,4,9.949111369764362
21,5,10.050216175264168
21,6,10.572265240648614
21,7,13.834378223711571
21,8,15.049437377608802
21,9,14.291133479757843
21,10,16.65121389729711
21,11,19.96120901865965
21,12,21.615472781898124
21,13,21.034361808895483
21,14,20.796453386364586
21,15,17.31090612377434
21,16,16.38326212384612
21,17,12.75098961808016
21,18,9.60271102646869
21,19,6.133396027098371
21,20,3.83135107792369
21,22,3.812314700775685
21,23,6.590883723889152
21,24,8.437320775568132
21,25,11.83770965638918
21,26,11.348948077002895
21,27,9.399682067704369
21,28,10.29496419503011
21,29,8.678865854201844
21,30,5.923644246968642
21,31,5.192392057205403
21,32,6.30884347662678
21,33,7.739387165599851
21,34,10.867177884206505
21,35,13.14634104650481
21,36,16.59847264361036
21,37,19.714955728475086
21,38,21.229582599772993
21,39,18.992463630178126
21,40,17.6952882558363
21,41,14.050140649345481
21,42,13.154036397074831
21,43,11.08046372963228
21,44,11.545024319072983
21,45,12.15383277671772
21,46,10.135924877370252
21,47,13.675934174564265
21,48,15.584960639901993
21,49,18.029289532705093
21,50,17.831386064291788
21,51,14.045225678171077
21,52,14.963848456474386
21,53,17.89999364103113
21,54,16.163923068166326
21,55,13.610847066728512
21,56,16.79748238289804
21,57,19.274058255334758
21,58,17.24268353891283
21,59,17.202216195869234
22,1,11.49258173381638
22,2,12.725054672275158
22,3,12.209464540980202
22,4,10.846124074801402
22,5,12.118571998958718
22,6,12.311685864213421
22,7,14.91071514343526
22,8,16.36440426546682
22,9,15.955251687252002
22,10,18.72827365689256
22,11,21.722768203744813
22,12,23.645881912944066
22,13,23.548322798619733
22,14,23.571683637615298
22,15,20.558428292654206
22,16,19.824179595919848
22,17,16.25250528633144
22,18,12.920401637555608
22,19,9.667537203447322
22,20,6.531647251605339
22,21,3.812314700775685
22,23,3.861101254239013
22,24,6.324866494862104
22,25,10.137235924987483
22,26,10.612012196770833
22,27,8.50782201885447
22,28,8.309959277050297
22,29,7.283348041511989
22,30,5.097390651562528
22,31,6.815058148438829
22,32,8.842841072866786
22,33,11.13845682880223
22,34,14.32878113365981
22,35,16.869209597748313
22,36,20.216984362548278
22,37,23.377385881324233
22,38,24.922350516868438
22,39,22.77071582417633
22,40,21.33312569530416
22,41,17.6121113484437
22,42,16.32507340750278
22,43,13.699857776696938
22,44,13.661778290468824
22,45,13.234841568585699
22,46,10.697718184808306
22,47,13.615962160495105
22,48,16.331554638042324
22,49,18.896569366233525
22,50,19.452789792484083
22,51,15.744477526659155
22,52,16.047374183160034
22,53,19.427476740492665
22,54,18.3429509848027
22,55,15.503678920555096
22,56,18.334564710004788
22,57,21.284277886400563
22,58,19.60215810691507
22,59,18.976261497473804
23,1,11.094762528749234
23,2,11.131644456170372
23,3,10.055147195253912
23,4,9.053430516651098
23,5,11.454168484751174
23,6,11.808083027470323
23,7,13.726314760114008
23,8,15.869370098349076
23,9,16.361485061236397
23,10,19.65063110356245
23,11,22.603290911890472
23,12,25.029721473997093
23,13,25.30186575917925
23,14,25.81144299600226
23,15,23.44185412492841
23,16,22.85961910210284
23,17,19.2884535129944
23,18,16.016473436518332
23,19,12.703657138041342
23,20,9.909630938282424
23,21,6.590883723889152
23,22,3.861101254239013
23,24,3.83513088697008
23,25,7.330220919463598
23,26,7.738385567791542
23,27,5.371658279083457
23,28,4.731054279982325
23,29,5.21875338772938
23,30,5.457342456954707
23,31,7.819937417059474
23,32,10.97885926479483
23,33,13.10127520045511
23,34,16.680226724361265
23,35,19.180531102684274
23,36,22.61971538993688
23,37,25.955039453307855
23,38,27.072044433699503
23,39,24.730041235106185
23,40,22.921926129521612
23,41,19.114351411128496
23,42,17.697519092454215
23,43,14.764128336880688
23,44,15.163623463510532
23,45,14.477282963793117
23,46,12.568117091872672
23,47,15.252266262308602
23,48,18.12592084252623
23,49,21.13666340841186
23,50,21.883238545189922
23,51,18.364376956170958
23,52,18.974134151880993
23,53,22.47342007704559
23,54,21.523519039178936
23,55,18.962381590274067
23,56,21.921984171739858
23,57,24.817778265337054
23,58,23.239419061341774
23,59,22.771035616835196
24,1,9.934497524770952
24,2,9.227839413729505
24,3,9.224839355656897
24,4,9.774125334289174
24,5,12.539011597262839
24,6,13.9058838602011
24,7,15.907737865113617
24,8,18.558512161881218
24,9,19.38409836138364
24,10,22.6618353183572
24,11,25.82770396260892
24,12,28.253689446010842
24,13,28.27843656537383
24,14,28.624567705261715
24,15,25.62840852443282
24,16,24.550664574849446
24,17,20.826174491691365
24,18,17.962872452550975
24,19,14.305047710970223
24,20,12.12549096816218
24,21,8.437320775568132
24,22,6.324866494862104
24,23,3.83513088697008
24,25,3.8364853546043873
24,26,5.482252629833932
24,27,5.366048641364542
24,28,6.370776736567082
24,29,8.416969036947146
24,30,9.112620430234868
24,31,10.735525649735132
24,32,13.796935874583191
24,33,15.208106232559649
24,34,18.768549094817505
24,35,20.712322644571007
24,36,24.373963012038832
24,37,27.48630965524532
24,38,28.600418064368974
24,39,25.877968880622692
24,40,24.34627803505039
24,41,20.667370699183675
24,42,19.853130931896168
24,43,17.325814638959862
24,44,18.261850642092508
24,45,18.008939971004835
24,46,16.193264597658526
24,47,19.022405739107178
24,48,21.80347729744706
24,49,24.742467471405323
24,50,25.268606938329118
24,51,21.64015959529526
24,52,22.266140566309186
24,53,25.633863636428465
24,54,24.365055670987473
24,55,21.650357615246815
24,56,24.54319209577797
24,57,27.3824816345494
24,58,25.405936623610295
24,59,24.841898790742395
25,1,10.329423857149362
25,2,8.26282255645525
25,3,8.749533662145943
25,4,10.611272382866925
25,5,13.80952741183028
25,6,15.719548489153379
25,7,17.33067673699899
25,8,20.466525206355932
25,9,21.84810278447985
25,10,25.25673576023378
25,11,28.483192240310817
25,12,31.10807012955893
25,13,31.15239404817159
25,14,31.638422200077716
25,15,28.658874545876554
25,16,27.42781845950055
25,17,23.69487742968209
25,18,21.10247639181127
25,19,17.381300840968716
25,20,15.6266307616205
25,21,11.83770965638918
25,22,10.137235924987483
25,23,7.330220919463598
25,24,3.8364853546043873
25,26,3.883379746607662
25,27,6.160281830101174
25,28,7.88225493466069
25,29,10.919686154571322
25,30,12.438540517655262
25,31,13.785865859773596
25,32,17.0265303364235
25,33,17.999168507668816
25,34,21.60327085524934
25,35,23.20604759904866
25,36,26.945521734219106
25,37,29.985678423423114
25,38,30.845301646244483
25,39,27.863984556026764
25,40,26.317485950765075
25,41,22.766979532023377
25,42,22.237185817459142
25,43,19.876098387099198
25,44,21.255042669377907
25,45,21.159022044307495
25,46,19.691648779116388
25,47,22.520062225401862
25,48,25.23775440426298
25,49,28.321287117419523
25,50,28.76518074284939
25,51,25.18158246871486
25,52,25.997294256778986
25,53,29.32380707225214
25,54,27.92539905107028
25,55,25.302616700357298
25,56,28.254817394608768
25,57,30.998190422451977
25,58,28.87388326183536
25,59,28.400587347342427
26,1,7.921507424668281
26,2,5.3126763025038795
26,3,4.934841297337734
26,4,7.233322715361107
26,5,10.543109623911075
26,6,12.764115178051613
26,7,14.24470391336521
26,8,17.629493653489313
26,9,19.36902851898027
26,10,22.784708267434276
26,11,26.099291023213674
26,12,28.856891652008414
26,13,28.890763315426646
26,14,29.605514979140647
26,15,27.070675672890832
26,16,26.03311474769956
26,17,22.43619464285304
26,18,19.97649884747095
26,19,16.434977284635007
26,20,15.141854842935818
26,21,11.348948077002895
26,22,10.612012196770833
26,23,7.738385567791542
26,24,5.482252629833932
26,25,3.883379746607662
26,27,3.894607701319044
26,28,7.080014504941884
26,29,9.77736346861831
26,30,11.656118668652011
26,31,12.204729475692147
26,32,15.583990546794693
26,33,16.082742461976288
26,34,19.744513053733947
26,35,21.21840215602369
26,36,24.897057097869247
26,37,28.04158980924151
26,38,28.482230886167546
26,39,25.459873818972394
26,40,23.63301263158813
26,41,20.15183710218589
26,42,19.660852792256488
26,43,17.43270694035202
26,44,19.305602788637795
26,45,19.587387405380912
26,46,18.788585376078263
26,47,21.844799157796142
26,48,24.138513577332915
26,49,27.423698244807824
26,50,27.54171482182873
26,51,24.105789054858015
26,52,25.478701030623473
26,53,28.638287149634216
26,54,27.03332042763584
26,55,24.8426094057491
26,56,28.11237930305668
26,57,30.532027022857303
26,58,28.421516062832023
26,59,28.468140266901145
27,1,8.79995251505442
27,2,7.4703961800108365
27,3,5.294584460904723
27,4,5.110011430996414
27,5,8.63775334129706
27,6,9.867735159118416
27,7,11.202375405150962
27,8,14.346621252515481
27,9,15.980588366016185
27,10,19.5359649461499
27,11,22.678503340124198
27,12,25.52754866844549
27,13,25.84574984404873
27,14,26.785057880049006
27,15,24.915608574316117
27,16,24.363469771784516
27,17,20.882157563308656
27,18,18.023095322781582
27,19,14.74928598301979
27,20,12.985429778848202
27,21,9.399682067704369
27,22,8.50782201885447
27,23,5.371658279083457
27,24,5.366048641364542
27,25,6.160281830101174
27,26,3.894607701319044
27,28,3.8137212773929976
27,29,5.951812046006276
27,30,8.196099542601235
27,31,9.046364821215995
27,32,12.706917615274218
27,33,13.777373491474288
27,34,17.561660588853204
27,35,19.59834854266778
27,36,23.105381167399294
27,37,26.51746750937236
27,38,26.937687901105456
27,39,24.26944021301163
27,40,22.099296007941426
27,41,18.414800382212544
27,42,17.27165567982608
27,43,14.556460041698909
27,44,16.063601126211704
27,45,15.980659688085867
27,46,15.304564856018278
27,47,18.216528480349883
27,48,20.53061893136586
27,49,23.93358846841795
27,50,24.24163852474084
27,51,20.94087429221566
27,52,22.371998699568163
27,53,25.63184910650285
27,54,24.315616554528933
27,55,22.307019038840718
27,56,25.65119394746958
27,57,28.10592160130854
27,58,26.36333276739387
27,59,26.51020970471074
28,1,12.36928902162813
28,2,11.277211472273143
28,3,8.881330314618205
28,4,7.666211774483318
28,5,10.948052487740659
28,6,10.892748285837527
28,7,11.536725750201125
28,8,14.215927666792124
28,9,15.728399173046492
28,10,19.448265013473
28,11,22.161641047079506
28,12,25.133158641448926
28,13,25.921738638231435
28,14,27.087438902909017
28,15,25.839510279964145
28,16,25.693446193306006
28,17,22.305598470968555
28,18,19.037563432018924
28,19,16.010947237066834
28,20,13.482409883198985
28,21,10.29496419503011
28,22,8.309959277050297
28,23,4.731054279982325
28,24,6.370776736567082
28,25,7.88225493466069
28,26,7.080014504941884
28,27,3.8137212773929976
28,29,3.8209561493787625
28,30,7.024623206463146
28,31,9.269167675961517
28,32,13.001917430605646
28,33,14.991796700272175
28,34,18.738837760058445
28,35,21.328139469552152
28,36,24.62999260973294
28,37,28.20004147705284
28,38,28.74105995593252
28,39,26.4257573572002
28,40,24.07282670577329
28,41,20.277323928947894
28,42,18.497834957250728
28,43,15.251170246693157
28,44,15.954531208523717
28,45,14.962080700593413
28,46,14.035003722137986
28,47,16.33428159871357
28,48,19.087532314998384
28,49,22.55278428098631
28,50,23.447491141951925
28,51,20.313309733603155
28,52,21.386607345652035
28,53,24.91334672414077
28,54,24.170831636787966
28,55,22.11910353390299
28,56,25.285060722207923
28,57,28.00810394973335
28,58,26.711336903065334
28,59,26.601395183393436
29,1,12.823329677127678
29,2,12.78543988939341
29,3,10.179626414274392
29,4,7.570560723631988
29,5,9.761002263145276
29,6,8.625513196998055
29,7,9.506504542031642
29,8,11.422105632919546
29,9,12.3635908322171
29,10,16.000688343229353
29,11,18.624843486814378
29,12,21.49242742051108
29,13,22.35254630263822
29,14,23.560875247178082
29,15,22.746935575816877
29,16,22.985642857632115
29,17,19.812923830269472
29,18,16.359103886134395
29,19,13.79766569520416
29,20,11.11829549886237
29,21,8.678865854201844
29,22,7.283348041511989
29,23,5.21875338772938
29,24,8.416969036947146
29,25,10.919686154571322
29,26,9.77736346861831
29,27,5.951812046006276
29,28,3.8209561493787625
29,30,3.837476327120715
29,31,6.2496925881724685
29,32,9.834223177804109
29,33,12.278906247288578
29,34,15.88000126652247
29,35,18.8421334954977
29,36,21.885312758491438
29,37,25.561541518973783
29,38,26.13389889030343
29,39,24.173452613191635
29,40,21.689714655561886
