1,2,3.8451092711920447
1,3,5.669289559479923
1,4,7.2780750806898915
1,5,7.765684970823291
1,6,11.09394585925988
1,7,13.975694278929375
1,8,16.50104826330569
1,9,16.99666370413912
1,10,19.834943889244524
1,11,22.18591038427557
1,12,22.130922173944043
1,13,22.866922366766882
1,14,25.33406404402476
1,15,24.472062349078676
1,16,26.387416747422897
1,17,23.98719573897229
1,18,20.803194434161576
1,19,19.796446091616538
1,20,16.732354710459948
1,21,14.537286095148948
1,22,11.156387215458292
1,23,11.597446174593122
1,24,8.717235527969784
1,25,10.739713203396303
1,26,10.729284391424924
1,27,9.335569881425917
1,28,10.081628599122153
1,29,7.794982399377114
1,30,8.42170789296627
1,31,11.9854875285641
1,32,12.313971423150818
1,33,11.883086762982773
1,34,10.262781604107488
1,35,12.06570512828827
1,36,11.542949194459197
1,37,14.724971124746181
1,38,15.552623926937788
1,39,19.264866080946224
1,40,21.950140565683753
1,41,22.283663119675648
1,42,18.650734899511068
1,43,17.775165996713653
1,44,14.62038284614489
1,45,15.236868819805075
1,46,13.770468582087114
1,47,16.059915233120503
1,48,17.396856237423055
1,49,16.778498009831804
1,50,20.17515843713355
1,51,22.071237264923447
1,52,24.733098780286127
1,53,24.671819443815238
1,54,20.907055646978073
1,55,21.719512436870318
1,56,24.820822279014443
1,57,23.03884503679118
1,58,20.857475342833656
1,59,24.235471553258197
1,60,26.051663442989454
1,61,23.579168674884542
1,62,23.65843022435614
1,63,27.49996427489705
1,64,27.9059454720724
2,1,3.8451092711920447
2,3,3.8449718395458197
2,4,7.230522252056038
2,5,8.79944986919063
2,6,12.234584050402198
2,7,14.265836181460566
2,8,17.423688824396738
2,9,18.669147626798065
2,10,21.900686101028935
2,11,24.35439132286757
2,12,24.772030154188773
2,13,25.715872822637383
2,14,28.430251377323092
2,15,27.83167613157221
2,16,29.85603605015994
2,17,27.353811270670054
2,18,24.311388554482484
2,19,23.46314670572776
2,20,20.48633978228872
2,21,18.20062508116065
2,22,14.84094403835094
2,23,14.862360275319807
2,24,11.588195883226792
2,25,12.727130819484676
2,26,11.54451745614477
2,27,9.389085540817474
2,28,8.634734622826112
2,29,5.766059748823214
2,30,7.801005988394778
2,31,11.56091974489504
2,32,12.931939585329086
2,33,13.589399940009415
2,34,12.51393275293372
2,35,14.968564033477161
2,36,14.696142613250187
2,37,18.063107300342622
2,38,18.953656571994983
2,39,22.56502942517708
2,40,25.332283609263687
2,41,25.33324198793663
2,42,21.673330392368282
2,43,20.527608667958262
2,44,17.42507220877012
2,45,17.831965643229704
2,46,16.12763291130028
2,47,18.541471689878374
2,48,19.478286762856843
2,49,19.05585016548198
2,50,22.119985087109413
2,51,24.287068855565334
2,52,27.219077131038986
2,53,27.423984080607205
2,54,23.77127305324821
2,55,24.648648503456887
2,56,27.92987304414498
2,57,26.343442342060687
2,58,24.282617594737637
2,59,27.635152197089468
2,60,29.588685624960736
2,61,27.264533996812137
2,62,27.30596735659928
2,63,31.149774327228645
2,64,31.668270713518332
3,1,5.669289559479923
3,2,3.8449718395458197
3,4,3.836112017502976
3,5,6.317214546153671
3,6,9.264110050069943
3,7,10.764269266109679
3,8,14.14223866855104
3,9,15.782273435164278
3,10,19.272018646125204
3,11,21.710483201228193
3,12,22.604403620813457
3,13,23.878630233228993
3,14,26.93120574968478
3,15,26.67675532223401
3,16,29.016164783492183
3,17,26.566650849110914
3,18,23.70267417911345
3,19,23.4719750593277
3,20,20.564969458873286
3,21,17.886659864719935
3,22,14.788838886571774
3,23,14.321909144654494
3,24,11.163223422631818
3,25,12.083385751113385
3,26,10.338004784820546
3,27,9.139842504814874
3,28,8.67781679425279
3,29,4.916021860386891
3,30,5.449518151984366
3,31,9.153231019058865
3,32,10.346952970209946
3,33,11.630883224831415
3,34,10.565583540383798
3,35,13.456675233632033
3,36,13.564732246547935
3,37,17.18706555963462
3,38,18.621180644669472
3,39,22.052459263368608
3,40,25.19678883176682
3,41,25.10195582877578
3,42,21.674132799372437
3,43,19.89361178628495
3,44,16.543604840014165
3,45,16.20596741925136
3,46,14.00418507572733
3,47,16.33438520798767
3,48,16.893659448249785
3,49,16.87956405483909
3,50,19.653789927535446
3,51,21.822457835662277
3,52,25.037415075429927
3,53,25.39066846862332
3,54,21.941411939972316
3,55,23.09852493235838
3,56,26.481115376811044
3,57,25.10156528310511
3,58,23.43789703139437
3,59,26.847540532160068
3,60,28.852825054820514
3,61,26.924660984428467
3,62,27.20597203069601
3,63,30.972504758130317
3,64,31.619501113375524
4,1,7.2780750806898915
4,2,7.230522252056038
4,3,3.836112017502976
4,5,3.8249680901168572
4,6,5.712384203291602
4,7,7.40880596926589
4,8,10.550681168493123
4,9,12.064458529211297
4,10,15.618682585279375
4,11,17.963219304910204
4,12,19.07138335087586
4,13,20.59154457722187
4,14,23.837868757883818
4,15,23.761803894073722
4,16,26.350515833664964
4,17,24.055213399784424
4,18,21.311884985907035
4,19,21.624437941925127
4,20,18.794758371345907
4,21,15.820020958060248
4,22,13.11925520950095
4,23,12.328112203562902
4,24,9.706778701099102
4,25,10.816348932406651
4,26,9.341661107755261
4,27,9.637940486375168
4,28,10.34588683498502
4,29,6.995394842902316
4,30,5.009367523242512
4,31,7.935883776144403
4,32,7.853449467356251
4,33,9.008337114041241
4,34,7.554167410937023
4,35,10.545162830019967
4,36,11.015402624262533
4,37,14.731763178728077
4,38,16.71007692545564
4,39,19.939713732367387
4,40,23.364768536539216
4,41,23.394527238333108
4,42,20.27508597891645
4,43,18.062243057142574
4,44,14.481983428734438
4,45,13.40954106496676
4,46,10.731687944516988
4,47,12.834247738134092
4,48,13.203388374157058
4,49,13.529481585716473
4,50,16.217125357091724
4,51,18.212976756277637
4,52,21.56054971147521
4,53,21.906349878625658
4,54,18.604531211852574
4,55,20.009211306106984
4,56,23.374882912698165
4,57,22.110533552032134
4,58,20.79869335250731
4,59,24.237701207313474
4,60,26.20586522969535
4,61,24.614178018548223
4,62,25.137732581730322
4,63,28.78175273468474
4,64,29.493530970199053
5,1,7.765684970823291
5,2,8.79944986919063
5,3,6.317214546153671
5,4,3.8249680901168572
5,6,3.7991758808301523
5,7,6.545182399836423
5,8,8.996500265532084
5,9,10.20336732783474
5,10,13.460230160209784
5,11,16.339182723166996
5,12,16.99560927915551
5,13,17.946693083659465
5,14,21.057014306207865
5,15,21.249692353083187
5,16,23.562325327288487
5,17,20.967371978636756
5,18,18.48128911665674
5,19,18.84275307169319
5,20,16.42894218597011
5,21,13.852724686661777
5,22,11.747249261281176
5,23,11.927526176124324
5,24,10.285483388558921
5,25,12.499384760644514
5,26,12.052707069462892
5,27,12.673713284572752
5,28,13.7636642185108
5,29,10.434167825991134
5,30,8.642898794340976
5,31,11.374896192236514
5,32,10.346929302168364
5,33,10.424467702453212
5,34,7.614850929169004
5,35,9.348237176973974
5,36,8.607675505820103
5,37,12.013464875571637
5,38,13.606863813706584
5,39,16.650081255645
5,40,20.060078363412007
5,41,19.80474138038088
5,42,16.73869774937526
5,43,14.363732336908926
5,44,10.889695019860985
5,45,10.074221711755035
5,46,8.045244804133509
5,47,10.977776077201037
5,48,12.34939526700644
5,49,13.367333982568494
5,50,16.420962434764192
5,51,17.651149991139608
5,52,20.955070879273094
5,53,20.632576154463095
5,54,17.31572535608316
5,55,19.267686324080124
5,56,22.246739545997837
5,57,20.45526755238942
5,58,19.497741426089085
5,59,23.18209602644384
5,60,24.645127551161178
5,61,22.894096631421874
5,62,23.93425293938673
5,63,27.49405795495659
5,64,27.754124481878108
6,1,11.09394585925988
6,2,12.234584050402198
6,3,9.264110050069943
6,4,5.712384203291602
6,5,3.7991758808301523
6,7,3.8093111472503605
6,8,5.408557920714893
6,9,6.612648447394919
6,10,10.145326565226437
6,11,12.925172107603563
6,12,14.09257591476165
6,13,15.50274169693508
6,14,18.9506310816104
6,15,19.467142216913555
6,16,22.140966162482467
6,17,19.816900595812395
6,18,17.592135186429346
6,19,18.72193777307649
6,20,16.497821731801103
6,21,13.638208014310981
6,22,12.210622506808809
6,23,11.842189481318071
6,24,10.951406123397788
6,25,12.85313749870239
6,26,12.474937814976256
6,27,14.084536023362071
6,28,15.618369972881686
6,29,12.598111508697144
6,30,9.840476619852742
6,31,11.434620816572192
6,32,9.463879278600226
6,33,9.500731329166449
6,34,6.6922215239553315
6,35,8.167910594613485
6,36,8.124263782372015
6,37,11.327526902507044
6,38,13.651021361824284
6,39,16.21897857573166
6,40,19.908423635110903
6,41,19.786221284709203
6,42,17.257847299553646
6,43,14.365729670551598
6,44,10.822647809187
6,45,8.712614357186128
6,46,5.8013016525066154
6,47,8.25347608457894
6,48,9.197825221501212
6,49,10.940533759509536
6,50,13.601074451869986
6,51,14.5436553421509
6,52,18.058712511520216
6,53,17.804266061841105
6,54,14.825568961580704
6,55,17.11309106349401
6,56,20.043011141487817
6,57,18.52752231486468
6,58,18.112154197979294
6,59,21.706138845217133
6,60,23.15331384988029
6,61,21.935536813865355
6,62,23.20396604562846
6,63,26.538375994402145
6,64,26.9454323768848
7,1,13.975694278929375
7,2,14.265836181460566
7,3,10.764269266109679
7,4,7.40880596926589
7,5,6.545182399836423
7,6,3.8093111472503605
7,8,3.8530050754969856
7,9,7.032379518342607
7,10,10.762926737691304
7,11,13.466837173358007
7,12,15.454335140494477
7,13,17.132746654264764
7,14,20.803635164898953
7,15,21.824582030172266
7,16,24.606121744265465
7,17,22.31638334185457
7,18,20.497477425240636
7,19,21.989068156996264
7,20,20.0105058045804
7,21,17.17679555854365
7,22,15.936430392019414
7,23,15.268453768742553
7,24,14.23364360580349
7,25,15.52178669859412
7,26,14.422676698631038
7,27,16.040637098616536
7,28,17.050694451959256
7,29,13.90142380341662
7,30,11.166349599963878
7,31,12.172595769257754
7,32,10.603469773319901
7,33,11.682959825868137
7,34,9.703210361863178
7,35,11.446447309613125
7,36,11.686714319001196
7,37,14.58345406466232
7,38,16.893823633726914
7,39,19.054198768230055
7,40,22.769302749701865
7,41,22.306472205503113
7,42,20.042740235645617
7,43,16.797664976732616
7,44,13.602682006065322
7,45,11.16933927854242
7,46,8.446811045749252
7,47,10.388413015999253
7,48,10.493156447347086
7,49,12.80213268694713
7,50,14.608514338013501
7,51,15.506584907721189
7,52,19.278493961628087
7,53,19.26919568167838
7,54,16.82016294828371
7,55,19.288800878037016
7,56,22.1800291873531
7,57,20.9799779678411
7,58,20.985302677882974
7,59,24.43086069422674
7,60,25.877129810813102
7,61,25.022543872019693
7,62,26.395317914993164
7,63,29.57835110897818
7,64,30.06388781247776
8,1,16.50104826330569
8,2,17.423688824396738
8,3,14.14223866855104
8,4,10.550681168493123
8,5,8.996500265532084
8,6,5.408557920714893
8,7,3.8530050754969856
8,9,3.8197963844653287
8,10,7.248654949769367
8,11,10.03196202498197
8,12,12.22580051031605
8,13,13.984152610858402
8,14,17.75334068212144
8,15,19.139561192332252
8,16,22.0165675107443
8,17,19.93848218738351
8,18,18.523020694549192
8,19,20.59316203337209
8,20,19.021161843771974
8,21,16.328684453724765
8,22,15.918787192827383
8,23,15.341987648344773
8,24,15.256761043815846
8,25,16.760826927071115
8,26,16.302878140320573
8,27,18.50335967903452
8,28,20.050351075675678
8,29,17.16663619226933
8,30,14.082996819058415
8,31,14.617579462314499
8,32,12.220132271027136
8,33,12.507764720616633
8,34,10.301536833401014
8,35,10.951332107549563
8,36,11.16317286780775
8,37,13.31655556955399
8,38,15.855335678771334
8,39,17.405333955759996
8,40,21.162502030082347
8,41,20.796371381781412
8,42,19.105700956178627
8,43,15.618971144986132
8,44,12.683022930381929
8,45,9.520225575563677
8,46,6.952957123687908
8,47,8.197121464524956
8,48,8.3616205175537
8,49,11.533453276272597
8,50,13.008103682483107
8,51,13.04093662597419
8,52,16.76210889249351
8,53,16.40055515994251
8,54,14.403744808632654
8,55,17.32047164180131
8,56,19.811182177014093
8,57,18.619367683247308
8,58,19.253017689881293
8,59,22.591996660790958
8,60,23.724143454271687
8,61,23.248143277933824
8,62,24.984300943393322
8,63,27.860766133750204
8,64,28.241357353359717
9,1,16.99666370413912
9,2,18.669147626798065
9,3,15.782273435164278
9,4,12.064458529211297
9,5,10.20336732783474
9,6,6.612648447394919
9,7,7.032379518342607
9,8,3.8197963844653287
9,10,3.8258010975601535
9,11,6.641576134109439
9,12,8.483065978614663
9,13,10.468337960842582
9,14,14.283559779826321
9,15,15.490017652546163
9,16,18.545713318771288
9,17,16.792428871198457
9,18,15.33882278235876
9,19,17.73823940125367
9,20,16.26583620970333
9,21,13.590205064817738
9,22,13.821095167832343
9,23,13.285936917370565
9,24,14.1102213966441
9,25,15.874670248282351
9,26,16.247224950869025
9,27,18.87522825769518
9,28,21.05355176384636
9,29,18.54838436341521
9,30,15.226331023285729
9,31,15.570719641434742
9,32,12.484650476964058
9,33,11.673778413134533
9,34,9.23880810299042
9,35,8.705279809283816
9,36,9.092086743135424
9,37,10.621978508272795
9,38,13.562486173097728
9,39,14.852307756160965
9,40,18.632400926571812
9,41,18.777946774599016
9,42,17.427306120423015
9,43,14.108330875100028
9,44,11.168482662258775
9,45,7.488147703664421
9,46,4.773921598237924
9,47,4.740376147563345
9,48,5.399064068742931
9,49,8.968306099018424
9,50,10.64550775688891
9,51,9.985476564118455
9,52,13.492883995422229
9,53,12.751627964300452
9,54,10.738238893901054
9,55,13.889413057836187
9,56,16.136641933219302
9,57,14.867210862094032
9,58,15.752635974141622
9,59,19.032571479830626
9,60,20.014910841946246
9,61,19.718967807302807
9,62,21.59806967202223
9,63,24.30340880956229
9,64,24.67444081066
10,1,19.834943889244524
10,2,21.900686101028935
10,3,19.272018646125204
10,4,15.618682585279375
10,5,13.460230160209784
10,6,10.145326565226437
10,7,10.762926737691304
10,8,7.248654949769367
10,9,3.8258010975601535
10,11,3.8664976128642485
10,12,5.200100803847839
10,13,7.117200321630291
10,14,10.973121401484189
10,15,12.628921718992029
10,16,15.706368415074168
10,17,14.302381123191767
10,18,13.444559551654931
10,19,16.4521402426098
10,20,15.614240414124716
10,21,13.430379219055046
10,22,14.670539474263276
10,23,14.460216824838385
10,24,16.16032123154628
10,25,18.108650269127196
10,26,19.052294715583468
10,27,21.88680945223712
10,28,24.36195629267858
10,29,22.028788651669068
10,30,18.67726946435775
10,31,18.8916648955695
10,32,15.534090435776102
10,33,14.122900589002649
10,34,11.715332344984247
10,35,10.047527171399608
10,36,10.124826873107049
10,37,10.286671589130949
10,38,13.114951551558967
10,39,13.49332394414876
10,40,17.07569698521072
10,41,17.426577092347213
10,42,16.833099573430438
10,43,13.598220754966748
10,44,11.335283386293295
10,45,7.550720993840633
10,46,6.296868808920371
10,47,4.926915323170002
10,48,6.1293427412368615
10,49,9.764291207591045
10,50,11.02382686106711
10,51,9.015385380279923
10,52,11.898322161820964
10,53,10.304499389970074
10,54,9.028483091407102
10,55,12.687259516472897
10,56,14.109995641281415
10,57,12.685584420822433
10,58,14.41938517300869
10,59,17.459407867805606
10,60,17.88171634499103
10,61,17.99043328701635
10,62,20.32247870839537
10,63,22.580415835767973
10,64,22.71888725020872
11,1,22.18591038427557
11,2,24.35439132286757
11,3,21.710483201228193
11,4,17.963219304910204
11,5,16.339182723166996
11,6,12.925172107603563
11,7,13.466837173358007
11,8,10.03196202498197
11,9,6.641576134109439
11,10,3.8664976128642485
11,12,3.8647633802934593
11,13,7.318752669880573
11,14,10.860291229591567
11,15,12.139168672324619
11,16,15.636403894376725
11,17,15.177126789755707
11,18,14.348420926708167
11,19,17.655519520691033
11,20,16.750450373166675
11,21,14.426239394691256
11,22,15.898278158320291
11,23,15.065132319148823
11,24,17.139602796900594
11,25,18.567286321097033
11,26,19.701161955903075
11,27,22.937098010419515
11,28,25.70789245774655
11,29,23.833031098513704
11,30,20.241481692267243
11,31,19.803213919628686
11,32,16.18634575723287
11,33,14.555998976527102
11,34,12.947883370181543
11,35,11.187358397593313
11,36,12.22023977404318
11,37,12.129888647934912
11,38,15.303060438819472
11,39,15.483349165403768
11,40,18.845972863547964
11,41,19.776346724483783
11,42,19.51411402441266
11,43,16.619624285389754
11,44,14.433702550139781
11,45,10.75490536927147
11,46,9.222363225310811
11,47,6.3315014565245775
11,48,5.802785526394345
11,49,8.893549292221467
11,50,8.99497318375238
11,51,6.059645352761196
11,52,8.547412980440669
11,53,7.178645972443969
11,54,7.0452578208429095
11,55,10.503831888917896
11,56,11.630666926821526
11,57,11.109071308174741
11,58,13.28431089980039
11,59,15.688224975677834
11,60,16.284645666479506
11,61,17.177498280071685
11,62,19.305572212223584
11,63,21.164273656667568
11,64,21.727870183927077
12,1,22.130922173944043
12,2,24.772030154188773
12,3,22.604403620813457
12,4,19.07138335087586
12,5,16.99560927915551
12,6,14.09257591476165
12,7,15.454335140494477
12,8,12.22580051031605
12,9,8.483065978614663
12,10,5.200100803847839
12,11,3.8647633802934593
12,13,3.8726678478060697
12,14,7.222485975286891
12,15,8.287989658000624
12,16,11.783305194498192
12,17,11.49510734882265
12,18,10.780318538834413
12,19,14.286754258428985
12,20,13.819363797977621
12,21,12.081550412253407
12,22,14.334550860593529
12,23,14.189129742519093
12,24,16.919970408795713
12,25,18.879477202770094
12,26,20.669915025160158
12,27,23.756436226362272
12,28,26.74904480460903
12,29,24.923721688594043
12,30,21.53074790853222
12,31,21.51439662254702
12,32,17.845457191343968
12,33,15.534908010290115
12,34,13.469420019300928
12,35,10.734785549308636
12,36,11.077205066093311
12,37,9.86687633004687
12,38,12.730108395852106
12,39,12.417781110324627
12,40,15.518861969688597
12,41,16.835448083193796
12,42,16.9235814156436
12,43,14.47367951702152
12,44,12.727493938143121
12,45,9.539299058709437
12,46,9.107481826682028
12,47,6.3128422737258445
12,48,7.479332648957157
12,49,9.75837679924992
12,50,10.73773597161519
12,51,7.602142517660878
12,52,8.870672639505514
12,53,6.017168102358271
12,54,5.545391517206178
12,55,9.346133755274401
12,56,9.641989529626764
12,57,8.13496996038214
12,58,10.753211276793408
12,59,13.278027546359505
12,60,13.225118049639338
12,61,13.933705280613646
12,62,16.504691147430698
12,63,18.214475108800517
12,64,18.35234598633924
13,1,22.866922366766882
13,2,25.715872822637383
13,3,23.878630233228993
13,4,20.59154457722187
13,5,17.946693083659465
13,6,15.50274169693508
13,7,17.132746654264764
13,8,13.984152610858402
13,9,10.468337960842582
13,10,7.117200321630291
13,11,7.318752669880573
13,12,3.8726678478060697
13,14,3.864995097091777
13,15,6.070980580361308
13,16,8.83132938708704
13,17,8.066918044482113
13,18,8.272600929981385
13,19,12.020307713766368
13,20,12.532337475014264
13,21,11.843448236846266
13,22,14.72290423490454
13,23,15.54929535494794
13,24,18.480869793955243
13,25,20.991333109987114
13,26,23.028088596032532
13,27,25.803694345244335
13,28,28.72849467437818
13,29,26.68285681051087
13,30,23.56894602815308
13,31,24.073132630345103
13,32,20.53929682214669
13,33,18.07112401688776
13,34,15.458185421987881
13,35,12.28942468548054
13,36,11.43710066401661
13,37,9.125180452136746
13,38,10.953212565237136
13,39,9.63104758599495
13,40,12.359911809053596
13,41,13.533943978086736
13,42,14.226788804741002
13,43,12.017979062310284
13,44,11.206911857068498
13,45,8.792265405939215
13,46,9.938328822556045
13,47,8.350494502837895
13,48,10.681965900353298
13,49,12.868604795024648
13,50,14.389024783081538
13,51,11.389161819936257
13,52,12.216332300137053
13,53,8.792328019596624
13,54,8.238446351010309
13,55,11.80471454045987
13,56,11.339139664716184
13,57,8.731374227097172
13,58,11.541928554994067
13,59,14.170538274969687
13,60,13.14404820693875
13,61,13.348507638586407
13,62,16.555942473815584
13,63,18.068950248254232
13,64,17.385352060418896
14,1,25.33406404402476
14,2,28.430251377323092
14,3,26.93120574968478
14,4,23.837868757883818
14,5,21.057014306207865
14,6,18.9506310816104
14,7,20.803635164898953
14,8,17.75334068212144
14,9,14.283559779826321
14,10,10.973121401484189
14,11,10.860291229591567
14,12,7.222485975286891
14,13,3.864995097091777
14,15,3.8734619958171397
14,16,5.5075585124208235
14,17,5.66536474183202
14,18,7.227878817805754
14,19,11.036285702027543
14,20,12.548481391810714
14,21,12.90804285166925
14,22,16.334852213004464
14,23,17.606934264516532
14,24,20.883098092826483
14,25,23.546465168110178
14,26,25.94884007877433
14,27,28.63617266272608
14,28,31.682011389514198
14,29,29.75076630503171
14,30,26.77922475518762
14,31,27.400675079515075
14,32,23.866068701122803
14,33,21.112131318141827
14,34,18.50469921402927
14,35,15.030504575105713
14,36,13.866080537450879
14,37,10.790920032690359
14,38,11.671504462131892
14,39,9.33955525403179
14,40,10.958846424954135
14,41,12.578162026589343
14,42,14.146988577011252
14,43,12.777456156473395
14,44,12.90133127043722
14,45,11.43885317299419
14,46,13.22070858313889
14,47,11.810073851203553
14,48,14.202357667354475
14,49,15.884494487690121
14,50,17.386835048036538
14,51,14.255763510194525
14,52,14.2046561964546
14,53,10.412040123002345
14,54,10.383538475210138
14,55,13.320850521413757
14,56,11.816547446587139
14,57,8.844836957792042
14,58,11.94176582234599
14,59,13.993242737456434
14,60,11.956256807304086
14,61,12.214443974730209
14,62,15.849008971485313
14,63,16.72623911480762
14,64,15.404069924746127
15,1,24.472062349078676
15,2,27.83167613157221
15,3,26.67675532223401
15,4,23.761803894073722
15,5,21.249692353083187
15,6,19.467142216913555
15,7,21.824582030172266
15,8,19.139561192332252
15,9,15.490017652546163
15,10,12.628921718992029
15,11,12.139168672324619
15,12,8.287989658000624
15,13,6.070980580361308
15,14,3.8734619958171397
15,16,3.85329486265827
15,17,5.466050909802946
15,18,5.4903384429395805
15,19,9.01582160869874
15,20,10.213888161545466
15,21,10.767534776928542
15,22,14.416823316023958
15,23,15.669320872358561
15,24,19.270218377556827
15,25,21.86868047024152
15,26,24.68783898213319
15,27,27.3475682417815
15,28,30.620813784076347
15,29,29.073151410411842
15,30,26.192292169617506
15,31,26.761189127485196
15,32,23.228254436988806
15,33,20.07040724471231
15,34,17.725851620897252
15,35,14.028873178661406
15,36,13.18521672063905
15,37,9.935457461124974
15,38,10.952518346559206
15,39,9.174265437524047
15,40,10.507767090126109
15,41,13.168237668222934
15,42,14.32761026944428
15,43,13.68942486140078
15,44,13.417800332778482
15,45,12.320396203100827
15,46,13.728081310109337
15,47,11.971634282073381
15,48,14.259213807671474
15,49,14.998726098417494
15,50,16.72717165357354
15,51,13.95390023567614
15,52,13.320971989950813
15,53,9.694058579044627
15,54,9.173020967295852
15,55,11.244485070599357
15,56,9.433287594492153
15,57,5.9969139350695455
15,58,8.762472913719181
15,59,10.593111031249283
15,60,8.315832362721965
15,61,8.364825082750492
15,62,12.04766790897026
15,63,12.908714576021469
15,64,11.634254355142533
16,1,26.387416747422897
16,2,29.85603605015994
16,3,29.016164783492183
16,4,26.350515833664964
16,5,23.562325327288487
16,6,22.140966162482467
16,7,24.606121744265465
16,8,22.0165675107443
16,9,18.545713318771288
16,10,15.706368415074168
16,11,15.636403894376725
16,12,11.783305194498192
16,13,8.83132938708704
16,14,5.5075585124208235
16,15,3.85329486265827
16,17,3.850021425983609
16,18,5.703863154860609
16,19,8.396758679194052
16,20,10.884917255765425
16,21,12.624928309114386
16,22,16.423542878250775
16,23,18.297631791612492
16,24,21.880768954036583
16,25,24.748264237509726
16,26,27.69877752496178
16,27,30.10006872234423
16,28,33.299336472213234
16,29,31.663569254485232
16,30,29.02732098047622
16,31,29.911810364642726
16,32,26.501825258679172
16,33,23.29748153354401
16,34,20.7252830334945
16,35,16.96153788104622
16,36,15.498794914562971
16,37,11.853277479513983
16,38,11.625679682923339
16,39,8.942574632117804
16,40,8.803054790674471
16,41,11.620829611583419
16,42,13.577359424002841
16,43,13.7432971506866
16,44,14.451205194692005
16,45,14.242284896228531
16,46,16.370521558889916
16,47,15.224420575071749
16,48,17.853429226013958
16,49,18.627127729181503
16,50,20.53622853038135
16,51,17.803642974998613
16,52,17.08791916658542
16,53,13.43960260623117
16,54,12.984376506532694
16,55,14.819147242046304
16,56,12.74983306304923
16,57,9.35519420756678
16,58,11.559375311173595
16,59,13.015833019519663
16,60,9.997404749017047
16,61,9.438957853305592
16,62,13.309819487766864
16,63,13.662219611743952
16,64,11.335772659107258
17,1,23.98719573897229
17,2,27.353811270670054
17,3,26.566650849110914
17,4,24.055213399784424
17,5,20.967371978636756
17,6,19.816900595812395
17,7,22.31638334185457
17,8,19.93848218738351
17,9,16.792428871198457
17,10,14.302381123191767
17,11,15.177126789755707
17,12,11.49510734882265
17,13,8.066918044482113
17,14,5.66536474183202
17,15,5.466050909802946
17,16,3.850021425983609
17,18,3.856087386467142
17,19,6.570001928801521
17,20,9.416030382167468
17,21,11.347864651149534
17,22,14.97017986296907
17,23,17.338712251600395
17,24,20.585851581790607
17,25,23.78819212722566
17,26,26.516371379681907
17,27,28.645756488927592
17,28,31.590178002332106
17,29,29.627875569950483
17,30,27.18743038456438
17,31,28.465437665198724
17,32,25.2446589757022
17,33,22.248861313822108
17,34,19.237782751233535
17,35,15.576814243335381
17,36,13.386730162304564
17,37,9.646218200990395
17,38,8.673849403075032
17,39,5.432162996096745
17,40,5.589100073076489
17,41,7.984690491901754
17,42,9.91623261316384
17,43,9.978630352971159
17,44,11.103425751382396
17,45,11.424993570369274
17,46,14.159802766458721
17,47,13.867388696699019
17,48,17.04513804103686
17,49,18.22895279975738
17,50,20.604661766137255
17,51,18.12927515563022
17,52,18.22549842875618
17,53,14.658717977480846
17,54,13.476995790992083
17,55,15.866863655169572
17,56,14.642872584852682
17,57,10.914934562947698
17,58,12.649555946127798
17,59,15.006043695573698
17,60,12.614394159281401
17,61,11.247402773635303
17,62,15.004597948309893
17,63,16.162311858513668
17,64,13.877623496834493
18,1,20.803194434161576
18,2,24.311388554482484
18,3,23.70267417911345
18,4,21.311884985907035
18,5,18.48128911665674
18,6,17.592135186429346
18,7,20.497477425240636
18,8,18.523020694549192
18,9,15.33882278235876
18,10,13.444559551654931
18,11,14.348420926708167
18,12,10.780318538834413
18,13,8.272600929981385
18,14,7.227878817805754
18,15,5.4903384429395805
18,16,5.703863154860609
18,17,3.856087386467142
18,19,3.8708954484165474
18,20,5.732862206842394
18,21,7.552932193178728
18,22,11.238088476655328
18,23,13.676820931949106
18,24,16.986812762421405
18,25,20.208955751851686
18,26,23.10178556596807
18,27,25.15656721927873
18,28,28.194686899674505
18,29,26.452522696289062
18,30,24.08434021536731
18,31,25.38077591109374
18,32,22.238062344639857
18,33,19.058716678573038
18,34,16.139873106173855
18,35,12.419310502932813
18,36,10.355060942979373
18,37,6.583444643654995
18,38,6.0581007972461745
18,39,4.386356967494779
18,40,5.877545421715452
18,41,8.947784918654548
18,42,9.367782086721856
18,43,9.526080935481955
18,44,9.506621929712916
18,45,9.865718677289031
18,46,12.081815347470043
18,47,11.729884346261658
18,48,14.938149514384241
18,49,15.55000378129982
18,50,18.304882193319468
18,51,16.37185116416763
18,52,16.622681210042163
18,53,13.482936205506055
18,54,11.44618606349238
18,55,13.453795957032845
18,56,12.872406043637119
18,57,9.00637118075597
18,58,9.754027992871855
18,59,12.605663328218693
18,60,10.92167625511579
18,61,8.832228196770648
18,62,12.254472804880644
18,63,14.158500630776564
18,64,12.364234541751388
19,1,19.796446091616538
19,2,23.46314670572776
19,3,23.4719750593277
19,4,21.624437941925127
19,5,18.84275307169319
19,6,18.72193777307649
19,7,21.989068156996264
19,8,20.59316203337209
19,9,17.73823940125367
19,10,16.4521402426098
19,11,17.655519520691033
19,12,14.286754258428985
19,13,12.020307713766368
19,14,11.036285702027543
19,15,9.01582160869874
19,16,8.396758679194052
19,17,6.570001928801521
19,18,3.8708954484165474
19,20,3.8458855526026627
19,21,7.2855663780735105
19,22,10.546554243542749
19,23,13.672611475495392
19,24,16.745347318039087
19,25,20.17764275280646
19,26,23.25777796798049
19,27,24.833019113863536
19,28,27.76764167924184
19,29,26.157725178925347
19,30,24.25374130320249
19,31,25.931827660732516
19,32,23.126058695410496
19,33,19.865898229346367
19,34,16.927968575583698
19,35,13.408868832541
19,36,10.98039232353329
19,37,7.54878073427095
19,38,5.586647978372032
19,39,4.990611312103494
19,40,4.998581982070907
19,41,8.537437101965791
19,42,8.224055910616281
19,43,9.768590803618102
19,44,9.977153391046555
19,45,11.515619678616973
19,46,13.78680557800083
19,47,14.03800811533494
19,48,17.329508415287446
19,49,17.455823743776595
19,50,20.58921695706435
19,51,19.189214791567874
19,52,19.482823303026844
19,53,16.676497915003356
19,54,14.213500286860132
19,55,15.631014395796502
19,56,15.352096757074067
19,57,11.60189072320866
19,58,11.178858732706166
19,59,13.930480511799011
19,60,12.447981427639771
19,61,9.355382517840528
19,62,12.161721275076674
19,63,14.36026089967789
19,64,12.245715926662749
20,1,16.732354710459948
20,2,20.48633978228872
20,3,20.564969458873286
20,4,18.794758371345907
20,5,16.42894218597011
20,6,16.497821731801103
20,7,20.0105058045804
20,8,19.021161843771974
20,9,16.26583620970333
20,10,15.614240414124716
20,11,16.750450373166675
20,12,13.819363797977621
20,13,12.532337475014264
20,14,12.548481391810714
20,15,10.213888161545466
20,16,10.884917255765425
20,17,9.416030382167468
20,18,5.732862206842394
20,19,3.8458855526026627
20,21,3.8094815481603144
20,22,6.836156954053485
20,23,9.996135774927895
20,24,13.053276140674484
20,25,16.44672308119658
20,26,19.63071152369462
20,27,21.173939610971082
20,28,24.20937537437962
20,29,22.84092345998427
20,30,20.955467370069798
20,31,22.566168373841013
20,32,19.864317446508608
20,33,16.504836098388807
20,34,13.777655043707144
20,35,10.414358100291835
20,36,8.413514719868337
20,37,5.774320385909415
20,38,5.1640925666321955
20,39,6.931028789459989
20,40,8.376127790758813
20,41,11.33723429060669
20,42,9.863408199696812
20,43,10.772376698771607
20,44,9.590971926327864
20,45,10.72992248876475
20,46,12.07243655665245
20,47,12.216234122768965
20,48,15.237986391728708
20,49,14.786710022647807
20,50,18.164239133822136
20,51,17.390403014466177
20,52,17.91885795854851
20,53,15.720230517964353
20,54,12.646905874823197
20,55,13.617516294724197
20,56,14.166134228805237
20,57,10.776498751737122
20,58,9.285800024046463
20,59,12.446257232253872
20,60,12.053615206360432
20,61,8.76878962598207
20,62,10.686281885520708
20,63,13.708952602527601
20,64,12.549192120620807
21,1,14.537286095148948
21,2,18.20062508116065
21,3,17.886659864719935
21,4,15.820020958060248
21,5,13.852724686661777
21,6,13.638208014310981
21,7,17.17679555854365
21,8,16.328684453724765
21,9,13.590205064817738
21,10,13.430379219055046
21,11,14.426239394691256
21,12,12.081550412253407
21,13,11.843448236846266
21,14,12.90804285166925
21,15,10.767534776928542
21,16,12.624928309114386
21,17,11.347864651149534
21,18,7.552932193178728
21,19,7.2855663780735105
21,20,3.8094815481603144
21,22,3.808910990357824
21,23,6.41249101599065
21,24,9.675389155803005
21,25,12.964412686723598
21,26,16.090854618510647
21,27,17.942229371208406
21,28,21.125152223660105
21,29,19.844636666895404
21,30,17.65084539999803
21,31,18.981346500561983
21,32,16.154987180422864
21,33,12.736657017034503
21,34,10.143818581786581
21,35,6.763949501329624
21,36,5.6104778743506785
21,37,4.2747683000277235
21,38,6.135238380597548
21,39,8.793575873052621
21,40,11.322294365904467
21,41,13.791601862248957
21,42,11.93160946374368
21,43,11.738908628626652
21,44,9.355020135537606
21,45,9.398503727634628
21,46,9.558651173956694
21,47,9.318411177675959
21,48,11.976205598914518
21,49,11.194274960498186
21,50,14.722207989434546
21,51,14.414267023554345
21,52,15.33568739160835
21,53,13.713233093268041
21,54,10.174582431607131
21,55,11.0575781762731
21,56,12.525951282627886
21,57,9.664735882783416
21,58,7.731634682303333
21,59,11.3751165018517
21,60,12.049063412779926
21,61,9.408512930334803
21,62,10.719289674655814
21,63,14.178794086506807
21,64,14.010675848567992
22,1,11.156387215458292
22,2,14.84094403835094
22,3,14.788838886571774
22,4,13.11925520950095
22,5,11.747249261281176
22,6,12.210622506808809
22,7,15.936430392019414
22,8,15.918787192827383
22,9,13.821095167832343
22,10,14.670539474263276
22,11,15.898278158320291
22,12,14.334550860593529
22,13,14.72290423490454
22,14,16.334852213004464
22,15,14.416823316023958
22,16,16.423542878250775
22,17,14.97017986296907
22,18,11.238088476655328
22,19,10.546554243542749
22,20,6.836156954053485
22,21,3.808910990357824
22,23,3.845245128792849
22,24,6.24066201184877
22,25,9.783252741615732
22,26,12.865812529316845
22,27,14.352357959573443
22,28,17.480196466146126
22,29,16.360618937763743
22,30,14.440432746487403
22,31,16.00377651251261
22,32,13.610115548326828
22,33,10.323747054315639
22,34,7.937826008828218
22,35,5.6860098768050715
22,36,5.272112783114833
22,37,6.4410047704085
22,38,8.293686121557384
22,39,11.696374162296495
22,40,14.320670255142383
22,41,16.325245536881813
22,42,13.762761904512507
22,43,13.42003923442827
22,44,10.424120882830941
22,45,10.514657451964638
22,46,9.728570889061286
22,47,10.02320877024791
22,48,12.143047811986373
22,49,10.835207377648349
22,50,14.600719382948686
22,51,15.25667322046769
22,52,16.66346076147357
22,53,15.808714816490028
22,54,11.998688224378595
22,55,12.44678558677739
22,56,14.763744632949669
22,57,12.55871870703908
22,58,10.07499947627465
22,59,13.525582635239118
22,60,14.984012659025968
22,61,12.429068325451981
22,62,12.803983396823988
22,63,16.56375939085338
22,64,16.89822320773782
23,1,11.597446174593122
23,2,14.862360275319807
23,3,14.321909144654494
23,4,12.328112203562902
23,5,11.927526176124324
23,6,11.842189481318071
23,7,15.268453768742553
23,8,15.341987648344773
23,9,13.285936917370565
23,10,14.460216824838385
23,11,15.065132319148823
23,12,14.189129742519093
23,13,15.54929535494794
23,14,17.606934264516532
23,15,15.669320872358561
23,16,18.297631791612492
23,17,17.338712251600395
23,18,13.676820931949106
23,19,13.672611475495392
23,20,9.996135774927895
23,21,6.41249101599065
23,22,3.845245128792849
23,24,3.8738510768084295
23,25,6.604783971293243
23,26,9.931535398779417
23,27,12.090320205007384
23,28,15.594101593394495
23,29,14.969156208698184
23,30,12.578855805293692
23,31,13.361786849956712
23,32,10.737190784038038
23,33,7.13404159094959
23,34,5.896963611695051
23,35,4.619049442778277
23,36,6.749924536147572
23,37,8.773356155694337
23,38,11.54665818252694
23,39,14.705514640359711
23,40,17.583750288567593
23,41,19.637888999603696
23,42,17.247783372573227
23,43,16.414780878575
23,44,13.080810359353157
23,45,12.165097330331177
23,46,10.190239457315174
23,47,9.534111597748359
23,48,10.435590424462122
23,49,8.17255589888881
23,50,11.749641839584964
23,51,13.154652237893485
23,52,14.632629310102049
23,53,14.647671503176799
23,54,10.86255071364603
23,55,10.628380697479532
23,56,13.671128264531529
23,57,12.432958828760338
23,58,9.722244424935099
23,59,12.817678485500597
23,60,15.142650235422645
23,61,13.330683911667911
23,62,13.056445698915654
23,63,16.792774654921573
23,64,17.948493231755624
24,1,8.717235527969784
24,2,11.588195883226792
24,3,11.163223422631818
24,4,9.706778701099102
24,5,10.285483388558921
24,6,10.951406123397788
24,7,14.23364360580349
24,8,15.256761043815846
24,9,14.1102213966441
24,10,16.16032123154628
24,11,17.139602796900594
24,12,16.919970408795713
24,13,18.480869793955243
24,14,20.883098092826483
24,15,19.270218377556827
24,16,21.880768954036583
24,17,20.585851581790607
24,18,16.986812762421405
24,19,16.745347318039087
24,20,13.053276140674484
24,21,9.675389155803005
24,22,6.24066201184877
24,23,3.8738510768084295
24,25,3.8255159052981993
24,26,6.669198774351486
24,27,8.325973251468735
24,28,11.74442362809762
24,29,11.224718859330963
24,30,9.1267320370017
24,31,10.263684916925385
24,32,8.433109030050849
24,33,5.575087871472299
24,34,5.097465182303108
24,35,6.345744647130982
24,36,8.366457795834332
24,37,11.363203766400344
24,38,13.840390612586205
24,39,17.334670895736096
24,40,20.306744448488676
24,41,21.913175783008665
24,42,19.07515897690518
24,43,18.07636799445138
24,44,14.503396414556647
24,45,13.718288617270472
24,46,11.29390396884465
24,47,11.39970331004061
24,48,11.843164178705411
24,49,9.701352791496062
24,50,13.059314183934903
24,51,15.216205095909588
24,52,17.21227572336004
24,53,17.689908299952926
24,54,13.964210766224866
24,55,13.793482161804286
24,56,17.150880158645464
24,57,16.155147554513118
24,58,13.5361988421734
24,59,16.4808764976715
24,60,18.97887129299964
24,61,17.15329773629583
24,62,16.65207306095343
24,63,20.422210648139846
24,64,21.663050913234496
25,1,10.739713203396303
25,2,12.727130819484676
25,3,12.083385751113385
25,4,10.816348932406651
25,5,12.499384760644514
25,6,12.85313749870239
25,7,15.52178669859412
25,8,16.760826927071115
25,9,15.874670248282351
25,10,18.108650269127196
25,11,18.567286321097033
25,12,18.879477202770094
25,13,20.991333109987114
25,14,23.546465168110178
25,15,21.86868047024152
25,16,24.748264237509726
25,17,23.78819212722566
25,18,20.208955751851686
25,19,20.17764275280646
25,20,16.44672308119658
25,21,12.964412686723598
25,22,9.783252741615732
25,23,6.604783971293243
25,24,3.8255159052981993
25,26,3.8603698107235442
25,27,6.262460417607072
25,28,10.058348078153166
25,29,10.606370558651333
25,30,8.416915271947238
25,31,8.327753544980274
25,32,6.97032879963529
25,33,4.76956732764339
25,34,6.815283741857508
25,35,8.990384347114176
25,36,11.765782074071952
25,37,14.778706128164108
25,38,17.522036032515388
25,39,20.901708548564926
25,40,23.917372801059628
25,41,25.620031703377922
25,42,22.861665874859362
25,43,21.72759709464284
25,44,18.078398464560216
25,45,16.891948410891423
25,46,13.99192733466849
25,47,13.536635511902723
25,48,12.919982942789026
25,49,10.161219072434102
25,50,12.691405603835253
25,51,15.607035269814817
25,52,17.503755386486464
25,53,18.77433471465436
25,54,15.36318980108657
25,55,14.549529620975942
25,56,18.194512760058775
25,57,17.978423473867732
25,58,15.273997524933238
25,59,17.653709126620203
25,60,20.666564247918366
25,61,19.302707118144742
25,62,18.26221489206304
25,63,21.87329361827648
25,64,23.667949188777076
26,1,10.729284391424924
26,2,11.54451745614477
26,3,10.338004784820546
26,4,9.341661107755261
26,5,12.052707069462892
26,6,12.474937814976256
26,7,14.422676698631038
26,8,16.302878140320573
26,9,16.247224950869025
26,10,19.052294715583468
26,11,19.701161955903075
26,12,20.669915025160158
26,13,23.028088596032532
26,14,25.94884007877433
26,15,24.68783898213319
26,16,27.69877752496178
26,17,26.516371379681907
26,18,23.10178556596807
26,19,23.25777796798049
26,20,19.63071152369462
26,21,16.090854618510647
26,22,12.865812529316845
26,23,9.931535398779417
26,24,6.669198774351486
26,25,3.8603698107235442
26,27,3.7810072149599563
26,28,7.183654236653926
26,29,7.891824239086665
26,30,5.557504663578255
26,31,4.737953185096859
26,32,4.845858164187468
26,33,5.187571097420455
26,34,7.845688406368861
26,35,11.087811504826368
26,36,13.779122800145627
26,37,17.211924886879746
26,38,19.97957110281024
26,39,23.39032451997266
26,40,26.614333098329514
26,41,27.924052002390063
26,42,25.024945984040812
26,43,23.51622609764373
26,44,19.7444069445962
26,45,18.3406851918835
26,46,15.099295196016476
26,47,14.987489277517348
26,48,13.89964852346667
26,49,11.671886526703933
26,50,13.65857480173909
26,51,16.938799995244764
26,52,19.32144894348988
26,53,20.898958099195788
26,54,17.679587888999883
26,55,17.20114811101933
26,56,20.998874086505474
26,57,20.943384969202953
26,58,18.594665088290206
26,59,21.02675602071787
26,60,24.054402672064548
26,61,22.86763254586529
26,62,21.992372430691304
26,63,25.556230035679757
26,64,27.364215344376273
27,1,9.335569881425917
27,2,9.389085540817474
27,3,9.139842504814874
27,4,9.637940486375168
27,5,12.673713284572752
27,6,14.084536023362071
27,7,16.040637098616536
27,8,18.50335967903452
27,9,18.87522825769518
27,10,21.88680945223712
27,11,22.937098010419515
27,12,23.756436226362272
27,13,25.803694345244335
27,14,28.63617266272608
27,15,27.3475682417815
27,16,30.10006872234423
27,17,28.645756488927592
27,18,25.15656721927873
27,19,24.833019113863536
27,20,21.173939610971082
27,21,17.942229371208406
27,22,14.352357959573443
27,23,12.090320205007384
