1,2,3.8817645120974507
1,3,5.911723943762806
1,4,7.58425348025793
1,5,8.124931177833684
1,6,11.307745515053556
1,7,14.428934576251203
1,8,17.272997155323107
1,9,17.71482584746461
1,10,20.633847826985058
1,11,22.791810651295965
1,12,25.190091908747736
1,13,24.209112768950977
1,14,26.439190462126025
1,15,24.87862412897215
1,16,27.148502192758464
1,17,24.902243122114168
1,18,21.544384900013824
1,19,20.710252067005793
1,20,17.47098769333435
1,21,15.216873668755717
1,22,11.811584402284355
1,23,11.88779892134905
1,24,8.82121980135311
1,25,10.437346272673858
1,26,10.378700521728765
1,27,8.472291459888169
1,28,9.343983140564434
1,29,7.501515226610621
1,30,8.179967249693457
1,31,11.766497590703116
1,32,11.734397547952181
1,33,11.79183942174031
1,34,10.730254719789395
1,35,12.704338874227277
1,36,12.324813641745026
1,37,15.564652160845826
1,38,16.526122187133556
1,39,20.179003244136812
1,40,23.0919996578252
1,41,23.607157294482967
1,42,20.052252692721996
1,43,18.6846293124081
1,44,15.274395374726929
1,45,16.008119312358378
1,46,14.620983435845163
1,47,16.95096398510764
1,48,18.449644044455493
1,49,17.088750178669525
1,50,20.77083522493597
1,51,21.154645785949263
1,52,24.500432944409457
1,53,23.86651808599837
1,54,20.304362475370958
1,55,22.0987931496045
1,56,24.90253614249456
1,57,22.790047997997725
1,58,20.817261641588072
1,59,24.229909879916654
1,60,25.756896305706512
1,61,23.039242233144762
1,62,23.050090287119392
1,63,26.822209896102137
1,64,28.77156053924386
2,1,3.8817645120974507
2,3,3.8852380121502352
2,4,7.269654971507203
2,5,8.841545243239377
2,6,12.25320763743645
2,7,14.61859730338328
2,8,18.004273378617206
2,9,19.196375602019657
2,10,22.456676026855092
2,11,24.962448686218902
2,12,27.501403787631396
2,13,26.895467682862783
2,14,29.423334541726998
2,15,28.162630576265823
2,16,30.478186775007995
2,17,28.05155623948252
2,18,24.862875050035818
2,19,24.219532366865526
2,20,21.11557032521375
2,21,18.803458820619397
2,22,15.4528524210267
2,23,15.22964040458096
2,24,11.867185085763712
2,25,12.71784849576339
2,26,11.48932233196408
2,27,8.954862504322223
2,28,8.291524585385867
2,29,5.524961136664692
2,30,7.54031445568326
2,31,11.353922362273476
2,32,12.300270879715246
2,33,13.49237241972014
2,34,12.945154166500712
2,35,15.518071176554763
2,36,15.301957078208728
2,37,18.710584777440577
2,38,19.685308926392988
2,39,23.209279006790698
2,40,26.22801755051279
2,41,26.366383654945775
2,42,22.795521850162164
2,43,21.12181910414139
2,44,17.796376093794517
2,45,18.340447775058898
2,46,16.764960809069716
2,47,19.2927732734932
2,48,20.46774597617099
2,49,19.322115518233925
2,50,22.943679227090062
2,51,23.666692531983806
2,52,27.181077338889768
2,53,26.636193613297944
2,54,23.25637348551543
2,55,25.264494711848066
2,56,28.11392128739062
2,57,26.109327150238144
2,58,24.323013983540992
2,59,27.791255311942486
2,60,29.35646260263262
2,61,26.75592470127428
2,62,26.827149827721726
2,63,30.61827473321776
2,64,32.523461143545966
3,1,5.911723943762806
3,2,3.8852380121502352
3,4,3.844625002634629
3,5,6.314336349831329
3,6,9.302025874183771
3,7,11.114147892792964
3,8,14.68671757736965
3,9,16.295182134836576
3,10,19.784763885327013
3,11,22.500483916261206
3,12,25.20121072810076
3,13,25.068758997393076
3,14,27.925855911577454
3,15,27.100227606290982
3,16,29.615194705851348
3,17,27.107306023545156
3,18,24.152500256047944
3,19,24.10571647684052
3,20,21.14406642913966
3,21,18.502924403936085
3,22,15.368119718434908
3,23,14.802435733828245
3,24,11.510419120833589
3,25,12.222664741929927
3,26,10.51982041333962
3,27,8.97530947102903
3,28,8.774024418051557
3,29,5.077803438632013
3,30,5.426083575173581
3,31,9.046955863756557
3,32,9.705784081601687
3,33,11.58321766027071
3,34,11.060560648929801
3,35,14.050394229631346
3,36,14.159938704565473
3,37,17.7846692843014
3,38,19.209039239944634
3,39,22.492853036840337
3,40,25.83002917008698
3,41,25.80743914185824
3,42,22.496637032780324
3,43,20.24086217278966
3,44,16.795600919429152
3,45,16.638492349340396
3,46,14.612175035349443
3,47,17.125521307383696
3,48,17.96881132748377
3,49,17.221590256306282
3,50,20.783745555594805
3,51,22.047027658387492
3,52,25.561703489392755
3,53,24.899435511648424
3,54,21.827139756331192
3,55,24.261015757324543
3,56,26.96938629322127
3,57,25.07406163090843
3,58,23.756003710566162
3,59,27.379964139321356
3,60,28.85957703838095
3,61,26.60485112291199
3,62,27.00818438992987
3,63,30.789312694020968
3,64,32.428256914980025
4,1,7.58425348025793
4,2,7.269654971507203
4,3,3.844625002634629
4,5,3.8476575685596566
4,6,5.743201734462717
4,7,7.607065493123921
4,8,11.017636793940785
4,9,12.539589610668221
4,10,16.113160077440245
4,11,18.829276080637406
4,12,21.64779465586635
4,13,21.7936413654243
4,14,24.805357886656566
4,15,24.25174893663419
4,16,26.945100357830718
4,17,24.49753703459188
4,18,21.70711948373477
4,19,22.181382931456664
4,20,19.340168488247418
4,21,16.430102577211734
4,22,13.615443982930536
4,23,12.817089225198622
4,24,9.95315757504506
4,25,10.874898517636701
4,26,9.479202740128308
4,27,9.421779747716743
4,28,10.451138028695961
4,29,7.225283491898177
4,30,5.120581755480298
4,31,7.791974314986101
4,32,7.068628300880194
4,33,8.891251384980631
4,34,8.01556837446254
4,35,11.134353116409368
4,36,11.595675190108711
4,37,15.301726331404014
4,38,17.21956892917768
4,39,20.266166255585908
4,40,23.832050941341844
4,41,23.894784389749468
4,42,20.90996494813105
4,43,18.2747367969879
4,44,14.6938176734049
4,45,13.813371637645167
4,46,11.314783148928854
4,47,13.64439548229679
4,48,14.295781118104195
4,49,13.866193936048333
4,50,17.4109379613028
4,51,19.05504833738341
4,52,22.450930422527936
4,53,21.612203688797695
4,54,18.77607759050341
4,55,21.523214451433425
4,56,24.039306168506148
4,57,22.220810525304746
4,58,21.303000885587906
4,59,25.007698382958573
4,60,26.37311222995596
4,61,24.44182202288327
4,62,25.131102930897764
4,63,28.84196586823836
4,64,30.232576737884482
5,1,8.124931177833684
5,2,8.841545243239377
5,3,6.314336349831329
5,4,3.8476575685596566
5,6,3.8158572645026467
5,7,6.697350674135272
5,8,9.588456240949272
5,9,10.841590617389487
5,10,14.014063347587491
5,11,16.967179610600006
5,12,19.309283747227223
5,13,19.13366039421625
5,14,22.15970932903001
5,15,21.738621882552735
5,16,24.118280611369148
5,17,21.38691800299914
5,18,18.781317449735635
5,19,19.247152700009323
5,20,16.780196341647713
5,21,14.281019400018476
5,22,11.997416376809772
5,23,12.190478364163994
5,24,10.19361016259591
5,25,12.288018076062121
5,26,11.990682295860317
5,27,12.253509187404639
5,28,13.70693697744903
5,29,10.583064083020767
5,30,8.704042023094528
5,31,11.224040796328158
5,32,9.508074137534821
5,33,10.173849994058262
5,34,7.781725680261342
5,35,9.767989334671608
5,36,9.076216530154989
5,37,12.483307463119825
5,38,13.981009385013332
5,39,16.887179635203367
5,40,20.416061520750443
5,41,20.222331839766174
5,42,17.24850428456532
5,43,14.525649114291951
5,44,11.053411624283147
5,45,10.479203375983301
5,46,8.675069901812803
5,47,11.72952717156935
5,48,13.313408557186209
5,49,13.570764348976361
5,50,17.31145360339767
5,51,19.104062507394598
5,52,22.102114500311703
5,53,20.645610203798057
5,54,17.77914572947579
5,55,20.740892915182524
5,56,22.803274503882754
5,57,20.495506641145482
5,58,19.8910728648565
5,59,23.727425794193806
5,60,24.58414784244747
5,61,22.46597624448241
5,62,23.62788564439351
5,63,27.18263889060287
5,64,28.219207448069465
6,1,11.307745515053556
6,2,12.25320763743645
6,3,9.302025874183771
6,4,5.743201734462717
6,5,3.8158572645026467
6,7,3.7993386958269046
6,8,5.978988757267152
6,9,7.149063776487355
6,10,10.560336979285921
6,11,13.586925997563544
6,12,16.160218653134923
6,13,16.51068083874925
6,14,19.787331551035198
6,15,19.795928360556832
6,16,22.434398587778194
6,17,19.846739291828065
6,18,17.537794821620736
6,19,18.74184495132578
6,20,16.501958868357853
6,21,13.721505589012155
6,22,12.023511595917963
6,23,11.786200783044086
6,24,10.516962592419656
6,25,12.39578833814094
6,26,12.271494654386789
6,27,13.61416313503711
6,28,15.588667154030013
6,29,12.799512928460755
6,30,9.9532876634646
6,31,11.26212142434815
6,32,8.569754083343533
6,33,8.991333667146982
6,34,6.416492662774271
6,35,8.185088843805138
6,36,8.178964897221338
6,37,11.429331157511989
6,38,13.63413682640271
6,39,16.047031865373185
6,40,19.80315379225414
6,41,19.729963617951643
6,42,17.314122300668828
6,43,14.159386523917455
6,44,10.718196435938545
6,45,8.841843762774198
6,46,6.111960855586307
6,47,8.785683897614337
6,48,9.982147996907518
6,49,10.884050393277999
6,50,14.417976699677762
6,51,16.738964453815584
6,52,19.523839324892624
6,53,17.89451379687432
6,54,15.475788778931266
6,55,18.800519440703052
6,56,20.593076366714502
6,57,18.498647644182594
6,58,18.459730228935207
6,59,22.287529075525427
6,60,23.042708931952927
6,61,21.43446923946098
6,62,22.87106794609923
6,63,26.282526413280443
6,64,27.03742747808146
7,1,14.428934576251203
7,2,14.61859730338328
7,3,11.114147892792964
7,4,7.607065493123921
7,5,6.697350674135272
7,6,3.7993386958269046
7,8,3.8604599335658523
7,9,6.894183693114359
7,10,10.459093843194093
7,11,13.815983009630587
7,12,16.43668089836382
7,13,17.58007770484273
7,14,21.165119013554204
7,15,21.78049135535258
7,16,24.441721799578374
7,17,21.818652216479926
7,18,19.98794621657585
7,19,21.639566629889384
7,20,19.722616735355967
7,21,16.978372821694986
7,22,15.577795738447342
7,23,15.058620444738626
7,24,13.807202428283588
7,25,15.09499213955939
7,26,14.34433356399947
7,27,15.844693369469608
7,28,17.42581776464806
7,29,14.461526151125694
7,30,11.521605847118641
7,31,12.091780267760917
7,32,9.68073745857161
7,33,11.007815738079266
7,34,9.264764373681702
7,35,11.132002418010691
7,36,11.451103664044663
7,37,14.309260970162208
7,38,16.540490469422927
7,39,18.436264682937367
7,40,22.20705075451249
7,41,21.78665123285399
7,42,19.74553160672306
7,43,16.24187403551209
7,44,13.249456853699627
7,45,10.87511144788721
7,46,8.1967351865177
7,47,10.320993998958013
7,48,10.673437091319874
7,49,12.291919536427843
7,50,15.268278907353745
7,51,18.18263707616509
7,52,20.816817094767508
7,53,19.175248885721867
7,54,17.382512352139663
7,55,20.936502108814274
7,56,22.491087798841196
7,57,20.664935075178263
7,58,21.109560754100233
7,59,24.853750181200418
7,60,25.51149726985939
7,61,24.283058916601476
7,62,25.898990954858828
7,63,29.180767404157677
7,64,29.69874803466281
8,1,17.272997155323107
8,2,18.004273378617206
8,3,14.68671757736965
8,4,11.017636793940785
8,5,9.588456240949272
8,6,5.978988757267152
8,7,3.8604599335658523
8,9,3.834382395639574
8,10,7.01276655031465
8,11,10.471102090531208
8,12,12.988016317379138
8,13,14.613285323432006
8,14,18.328476284165124
8,15,19.43801395024287
8,16,22.113355360931408
8,17,19.631547468142447
8,18,18.270938895031055
8,19,20.5065244146735
8,20,19.03585243135462
8,21,16.42602681276017
8,22,15.812628573472677
8,23,15.387170390915607
8,24,15.044575584666774
8,25,16.49376819051386
8,26,16.332199909946493
8,27,18.4350121112856
8,28,20.48505838238271
8,29,17.834251515761995
8,30,14.590271124581708
8,31,14.63788062793219
8,32,11.601991529565893
8,33,12.06627671867211
8,34,10.064272362385799
8,35,10.863013487220364
8,36,11.254896576575227
8,37,13.352215834130334
8,38,15.811910284518127
8,39,17.043233401136884
8,40,20.789226279350526
8,41,20.440857272840805
8,42,19.02326091228447
8,43,15.373668725713692
8,44,12.780883669157767
8,45,9.615756397855918
8,46,6.991891498675373
8,47,8.266690685829964
8,48,8.435214876433207
8,49,11.091333877929822
8,50,13.545271363202666
8,51,16.851713826100024
8,52,18.91355255183803
8,53,16.864613566293755
8,54,15.665652047447184
8,55,19.432914898600288
8,56,20.43507840454954
8,57,18.68696626281716
8,58,19.783036615712394
8,59,23.39022335326634
8,60,23.711528914416938
8,61,22.915771559971546
8,62,24.890488120721095
8,63,27.875370239534508
8,64,27.9911872705616
9,1,17.71482584746461
9,2,19.196375602019657
9,3,16.295182134836576
9,4,12.539589610668221
9,5,10.841590617389487
9,6,7.149063776487355
9,7,6.894183693114359
9,8,3.834382395639574
9,10,3.820823035856268
9,11,6.9225594349811885
9,12,9.753279028091374
9,13,11.241657313576454
9,14,14.84082031680359
9,15,15.849016593870996
9,16,18.731876110832086
9,17,16.581706932013294
9,18,15.185529230520977
9,19,17.720802509060082
9,20,16.324686584059688
9,21,13.679675356992725
9,22,13.62664052993672
9,23,13.214898358777253
9,24,13.753995867784282
9,25,15.43428176395008
9,26,16.085045638310312
9,27,18.63930622046961
9,28,21.26969727166181
9,29,19.08889875116627
9,30,15.640938090340775
9,31,15.52138945216637
9,32,11.939751234557738
9,33,11.190774737291282
9,34,8.861596315028086
9,35,8.499647156742686
9,36,9.195336857901644
9,37,10.729613599274973
9,38,13.641114878096786
9,39,14.647310019750673
9,40,18.37663743001735
9,41,18.582788688542124
9,42,17.48321463036175
9,43,14.082085769421393
9,44,11.49146071175994
9,45,7.822774965006822
9,46,4.877833493053802
9,47,4.726638476991713
9,48,5.103455539429537
9,49,8.320381031005526
9,50,10.63241441611957
9,51,13.864833521932848
9,52,15.555739271082071
9,53,13.211500974242826
9,54,12.11866815689893
9,55,15.942214464496864
9,56,16.690845275968563
9,57,14.955833681698502
9,58,16.304228707174616
9,59,19.811798028030488
9,60,20.032894125270246
9,61,19.481695233849678
9,62,21.553469172958323
9,63,24.383010859888618
9,64,24.38969801349067
10,1,20.633847826985058
10,2,22.456676026855092
10,3,19.784763885327013
10,4,16.113160077440245
10,5,14.014063347587491
10,6,10.560336979285921
10,7,10.459093843194093
10,8,7.01276655031465
10,9,3.820823035856268
10,11,3.8472641720769176
10,12,6.012411116527498
10,13,7.949543582533668
10,14,11.66551677283177
10,15,13.332487521620372
10,16,16.023182288361973
10,17,14.027151319642014
10,18,13.351468383302716
10,19,16.44435610559838
10,20,15.78118755604652
10,21,13.69620726587445
10,22,14.647811097805418
10,23,14.695147881647685
10,24,16.073165742624855
10,25,18.00934911407937
10,26,19.18046673132425
10,27,21.87991414692464
10,28,24.72167945903686
10,29,22.664565925961483
10,30,19.241895878367277
10,31,19.103102644376968
10,32,15.400875261716049
10,33,14.096025215991382
10,34,11.611229404305531
10,35,10.089354571801856
10,36,10.296503078942095
10,37,10.452426650641707
10,38,13.13455350432584
10,39,13.178614114571506
10,40,16.623917605622786
10,41,16.906360038632297
10,42,16.585590906051184
10,43,13.34367448230679
10,44,11.570650920119022
10,45,7.759089749218255
10,46,6.30903521118207
10,47,4.96867829870872
10,48,5.881747538397662
10,49,9.626148239205662
10,50,11.07985608055526
10,51,14.218471466245186
10,52,14.95151116206617
10,53,11.929635691231319
10,54,11.577388618907852
10,55,15.362625865383174
10,56,15.211043293741586
10,57,13.36132627872155
10,58,15.520845542805349
10,59,18.738550206081555
10,60,18.344421267940696
10,61,18.19258068544401
10,62,20.738438824474372
10,63,23.098374758927296
10,64,22.551324789907223
11,1,22.791810651295965
11,2,24.962448686218902
11,3,22.500483916261206
11,4,18.829276080637406
11,5,16.967179610600006
11,6,13.586925997563544
11,7,13.815983009630587
11,8,10.471102090531208
11,9,6.9225594349811885
11,10,3.8472641720769176
11,12,3.838474768602633
11,13,6.261659232950544
11,14,9.403296867957495
11,15,11.18074946922642
11,16,14.190969845119186
11,17,13.063505830188479
11,18,12.621671958757497
11,19,16.075312431280423
11,20,15.592455497637372
11,21,13.597244368529644
11,22,15.100338018676597
11,23,14.891161620626068
11,24,16.945170537533155
11,25,18.6591416155344
11,26,20.27337645377309
11,27,23.319938567860945
11,28,26.484648988286814
11,29,24.882818618713706
11,30,21.336833713318264
11,31,20.829931459783307
11,32,17.005436968578458
11,33,15.081291329648018
11,34,13.006020835778875
11,35,10.88420614464777
11,36,11.658392038852735
11,37,11.10377649308506
11,38,14.023058094446508
11,39,13.659644343529083
11,40,16.730655277963017
11,41,17.693285681628094
11,42,17.865568379327325
11,43,15.159218803618028
11,44,13.634345207095883
11,45,10.036983537976557
11,46,8.77581208845945
11,47,5.881810923051535
11,48,5.85237918853898
11,49,9.187355740435477
11,50,9.465250457037452
11,51,12.305114372431866
11,52,12.156354108131135
11,53,8.83576574778851
11,54,9.438012019465686
11,55,12.970223563878916
11,56,12.204518640561117
11,57,10.862936385453015
11,58,13.59426240882875
11,59,16.32212536634092
11,60,15.824219288026951
11,61,16.388965462197888
11,62,18.932942263037383
11,63,20.920722538251386
11,64,20.174623066989426
12,1,25.190091908747736
12,2,27.501403787631396
12,3,25.20121072810076
12,4,21.64779465586635
12,5,19.309283747227223
12,6,16.160218653134923
12,7,16.43668089836382
12,8,12.988016317379138
12,9,9.753279028091374
12,10,6.012411116527498
12,11,3.838474768602633
12,13,3.8468942021308083
12,14,6.9248507849158925
12,15,9.791815438005438
12,16,12.037871566231308
12,17,10.885283310819498
12,18,11.556461759287137
12,19,15.295944838001628
12,20,15.759302034430503
12,21,14.648778185306103
12,22,16.857784076762577
12,23,17.348026472735228
12,24,19.72337868843573
12,25,21.821189311361646
12,26,23.670651469524465
12,27,26.554480387783347
12,28,29.713711580650344
12,29,27.96632557814073
12,30,24.566075170782558
12,31,24.360355987619243
12,32,20.53652250469286
12,33,18.53191445639467
12,34,16.08260329984913
12,35,13.504052126589531
12,36,13.394894728996697
12,37,11.823615771900224
12,38,13.925452967259455
12,39,12.53880155183994
12,40,15.042721184430317
12,41,15.812765723634103
12,42,16.774510684824943
12,43,14.35761982655648
12,44,13.816648140801721
12,45,10.673570591219388
12,46,10.784818871292375
12,47,8.599697532376569
12,48,9.558265915362654
12,49,12.714415224839001
12,50,12.915015779050709
12,51,15.319383341483412
12,52,14.503236257925924
12,53,10.799393965919238
12,54,11.698800484447277
12,55,14.797954740357966
12,56,13.134786121528045
12,57,11.381923010857252
12,58,14.665406871804784
12,59,17.04220576107602
12,60,15.670666332923206
12,61,16.34413067502513
12,62,19.421003900221056
12,63,20.85882752626888
12,64,19.436758967127577
13,1,24.209112768950977
13,2,26.895467682862783
13,3,25.068758997393076
13,4,21.7936413654243
13,5,19.13366039421625
13,6,16.51068083874925
13,7,17.58007770484273
13,8,14.613285323432006
13,9,11.241657313576454
13,10,7.949543582533668
13,11,6.261659232950544
13,12,3.8468942021308083
13,14,3.8329547376123654
13,15,6.420806024092891
13,16,8.444767146165471
13,17,7.099618992338455
13,18,7.848148980206345
13,19,11.641120912370843
13,20,12.545847162979316
13,21,12.110317165404082
13,22,14.889229210608038
13,23,16.04696883519343
13,24,18.815140741617977
13,25,21.35384826262828
13,26,23.671585256074888
13,27,26.31404006908569
13,28,29.57304570956997
13,29,27.922481683218738
13,30,24.77289301626141
13,31,25.00940446678497
13,32,21.199063511441917
13,33,18.768882193702858
13,34,15.933758443606196
13,35,12.745239849090973
13,36,11.946728363468686
13,37,9.456515214077609
13,38,11.030392830818345
13,39,9.240054455730505
13,40,11.452660073625998
13,41,12.709620191244554
13,42,13.825892594502355
13,43,12.035000161570888
13,44,11.858032647684853
13,45,9.466991851542122
13,46,10.52748434533687
13,47,8.726651495395314
13,48,10.794671955084592
13,49,13.28516764391136
13,50,13.98387985436707
13,51,15.642368227953924
13,52,14.801181996819865
13,53,10.951608149787107
13,54,11.07536457608634
13,55,13.76377511575609
13,56,11.913209239292605
13,57,9.305472299175728
13,58,12.508970806099702
13,59,14.879724223785503
13,60,13.01948326533333
13,61,13.246629528155589
13,62,16.62731010485973
13,63,17.927845493139653
13,64,16.355297564742738
14,1,26.439190462126025
14,2,29.423334541726998
14,3,27.925855911577454
14,4,24.805357886656566
14,5,22.15970932903001
14,6,19.787331551035198
14,7,21.165119013554204
14,8,18.328476284165124
14,9,14.84082031680359
14,10,11.66551677283177
14,11,9.403296867957495
14,12,6.9248507849158925
14,13,3.8329547376123654
14,15,3.8797348690026165
14,16,5.278382407084836
14,17,5.594210299641226
14,18,7.18415191088771
14,19,10.853650980358184
14,20,12.423654541615505
14,21,12.75398993895188
14,22,16.054582703759078
14,23,17.39712535530575
14,24,20.607365651803924
14,25,23.15762969943446
14,26,25.8642312759748
14,27,28.514173962828927
14,28,31.93250135924454
14,29,30.56506618064683
14,30,27.507199575091374
14,31,27.754237413250348
14,32,23.95830109236291
14,33,21.154205613349085
14,34,18.450836091922792
14,35,14.943806432661678
14,36,14.147365405952618
14,37,11.08419833327243
14,38,12.132711396109778
14,39,9.857097159790074
14,40,10.930889974124225
14,41,12.949758443603898
14,42,14.632046694533624
14,43,13.802802188431452
14,44,14.083096470675855
14,45,12.400586974181882
14,46,13.701054804368896
14,47,11.726640030443397
14,48,13.633300809291812
14,49,15.483882224046747
14,50,15.74732625184354
14,51,16.640217804875423
14,52,15.109775959272502
14,53,11.368505511295877
14,54,11.7954134851612
14,55,13.525985828201245
14,56,10.882456981905136
14,57,8.356043217926757
14,58,11.80778430820559
14,59,13.32712818665123
14,60,10.713320261342902
14,61,11.430853369313176
14,62,15.008500547724502
14,63,15.553624628171054
14,64,13.402278366923072
15,1,24.87862412897215
15,2,28.162630576265823
15,3,27.100227606290982
15,4,24.25174893663419
15,5,21.738621882552735
15,6,19.795928360556832
15,7,21.78049135535258
15,8,19.43801395024287
15,9,15.849016593870996
15,10,13.332487521620372
15,11,11.18074946922642
15,12,9.791815438005438
15,13,6.420806024092891
15,14,3.8797348690026165
15,16,3.8478436029755954
15,17,5.268215700421726
15,18,5.132929076667926
15,19,8.262408223923266
15,20,9.545118917963524
15,21,10.179390227915091
15,22,13.714019133689936
15,23,15.22095082729445
15,24,18.72236504987413
15,25,21.335548146979683
15,26,24.412378722573287
15,27,26.918164275768138
15,28,30.441190817656988
15,29,29.40481980150162
15,30,26.549357533558766
15,31,26.954293238876183
15,32,23.281607528483136
15,33,20.105238209361534
15,34,17.48364982193696
15,35,13.745994155274246
15,36,12.987341573606852
15,37,9.731118433381317
15,38,10.743411620619511
15,39,9.10727151843879
15,40,9.955064451435723
15,41,12.91285066091296
15,42,14.030844666281425
15,43,13.85619847556154
15,44,13.737030566299843
15,45,12.634231910784875
15,46,13.814743667864414
15,47,11.867195204634074
15,48,13.960810164565036
15,49,14.892925330471188
15,50,15.388439544379734
15,51,15.455506868452797
15,52,14.07928732903676
15,53,10.728304289012154
15,54,10.316401378942166
15,55,11.29631289726867
15,56,8.876032879547232
15,57,5.761147224583465
15,58,8.661082881566696
15,59,10.032579507059104
15,60,7.248915498950148
15,61,7.566769632696781
15,62,11.21079565086112
15,63,11.82643448605776
15,64,9.969387516462632
16,1,27.148502192758464
16,2,30.478186775007995
16,3,29.615194705851348
16,4,26.945100357830718
16,5,24.118280611369148
16,6,22.434398587778194
16,7,24.441721799578374
16,8,22.113355360931408
16,9,18.731876110832086
16,10,16.023182288361973
16,11,14.190969845119186
16,12,12.037871566231308
16,13,8.444767146165471
16,14,5.278382407084836
16,15,3.8478436029755954
16,17,3.8471624057565945
16,18,5.74318895127533
16,19,8.064609451612267
16,20,10.707146501091465
16,21,12.483713041982389
16,22,16.19509683291873
16,23,18.256416434086983
16,24,21.70755815303247
16,25,24.574887105298366
16,26,27.704829670036474
16,27,29.974843766500626
16,28,33.402286901440725
16,29,32.22613754015505
16,30,29.562746514293732
16,31,30.25588340084703
16,32,26.627133820380195
16,33,23.522189383134087
16,34,20.659127996372348
16,35,16.891395468302143
16,36,15.490877248052076
16,37,11.848815705338648
16,38,11.640080548262077
16,39,9.080290431726159
16,40,8.414310395855258
16,41,11.403607374362814
16,42,13.35310724554032
16,43,13.970441811459114
16,44,14.828926202862045
16,45,14.456128462509344
16,46,16.417022210389167
16,47,15.03449272476053
16,48,17.462525851388126
16,49,18.593683569783565
16,50,19.215280343746496
16,51,19.27514996989449
16,52,17.788652480046128
16,53,14.482717972008992
16,54,14.128237489734216
16,55,14.84668751066763
16,56,12.266976402732078
16,57,9.34452746112382
16,58,11.757013982248155
16,59,12.587803317041145
16,60,9.15575306640988
16,61,9.07336428302513
16,62,12.858500838189741
16,63,12.65029313515995
16,64,9.969807054293025
17,1,24.902243122114168
17,2,28.05155623948252
17,3,27.107306023545156
17,4,24.49753703459188
17,5,21.38691800299914
17,6,19.846739291828065
17,7,21.818652216479926
17,8,19.631547468142447
17,9,16.581706932013294
17,10,14.027151319642014
17,11,13.063505830188479
17,12,10.885283310819498
17,13,7.099618992338455
17,14,5.594210299641226
17,15,5.268215700421726
17,16,3.8471624057565945
17,18,3.8535538322584384
17,19,6.61746050726813
17,20,9.48452672004876
17,21,11.30322694923247
17,22,14.850061815419803
17,23,17.304652391608855
17,24,20.394650670864856
17,25,23.554794600136212
17,26,26.437211558647896
17,27,28.47967956347263
17,28,31.700720702432353
17,29,30.15544781981199
17,30,27.599167970776275
17,31,28.594626341690688
17,32,25.010104110685376
17,33,22.219251746405348
17,34,18.978400086795958
17,35,15.3411835915713
17,36,13.285895246005786
17,37,9.560325253855524
17,38,8.77622120406908
17,39,5.6442836027064605
17,40,5.460246414268089
17,41,7.9496573951372485
17,42,9.895370668547942
17,43,10.238440957775499
17,44,11.459772511395093
17,45,11.371933324929142
17,46,13.922430487914728
17,47,13.292699476701555
17,48,16.275785175633818
17,49,17.821104325306663
17,50,19.082938375848627
17,51,19.684780070526315
17,52,18.844218384544348
17,53,15.31669753012475
17,54,14.446470615465271
17,55,15.967113365026613
17,56,14.01612972298192
17,57,10.560613768337713
17,58,12.7482366781029
17,59,14.565828243942224
17,60,11.67509463728799
17,61,10.657118341713154
17,62,14.480047227952685
17,63,15.094324297434685
17,64,13.004233569931692
18,1,21.544384900013824
18,2,24.862875050035818
18,3,24.152500256047944
18,4,21.70711948373477
18,5,18.781317449735635
18,6,17.537794821620736
18,7,19.98794621657585
18,8,18.270938895031055
18,9,15.185529230520977
18,10,13.351468383302716
18,11,12.621671958757497
18,12,11.556461759287137
18,13,7.848148980206345
18,14,7.18415191088771
18,15,5.132929076667926
18,16,5.74318895127533
18,17,3.8535538322584384
18,19,3.8252632925749444
18,20,5.757950511457388
18,21,7.501641939137098
18,22,11.102011050597298
18,23,13.69797209276097
18,24,16.834149121778243
18,25,20.05922071703828
18,26,23.08577006161541
18,27,25.008430142840414
18,28,28.26839865525509
18,29,26.922553712383635
18,30,24.486109023530453
18,31,25.5915460560057
18,32,22.127602542164936
18,33,19.165107157660366
18,34,15.956746510222601
18,35,12.252535520618203
18,36,10.191623726169391
18,37,6.4156217172487535
18,38,5.991163892246166
18,39,4.384006978662928
18,40,5.64274874770125
18,41,8.77163101275062
18,42,9.15121549280044
18,43,9.450460760229372
18,44,9.549435121334016
18,45,9.67501763122154
18,46,11.83417999337
18,47,11.308064926059613
18,48,14.458002502848675
18,49,15.370216368824751
18,50,17.050611396077326
18,51,17.312134083414673
18,52,17.015603159277095
18,53,13.81553999677416
18,54,12.085608737812016
18,55,13.530424914060019
18,56,12.373617964965241
18,57,8.586323089687538
18,58,9.877090083327248
18,59,12.254908366920006
18,60,10.054923179669391
18,61,8.139433813498778
18,62,11.725656149057073
18,63,13.148630747780729
18,64,11.991462730860773
19,1,20.710252067005793
19,2,24.219532366865526
19,3,24.10571647684052
19,4,22.181382931456664
19,5,19.247152700009323
19,6,18.74184495132578
19,7,21.639566629889384
19,8,20.5065244146735
19,9,17.720802509060082
19,10,16.44435610559838
19,11,16.075312431280423
19,12,15.295944838001628
19,13,11.641120912370843
19,14,10.853650980358184
19,15,8.262408223923266
19,16,8.064609451612267
19,17,6.61746050726813
19,18,3.8252632925749444
19,20,3.8792964384711492
19,21,7.279663251740074
19,22,10.625382162170668
19,23,13.828482934710891
19,24,16.80780217810193
19,25,20.2346060719681
19,26,23.429885734123904
19,27,24.878990099077775
19,28,28.004686591087733
19,29,26.79881455107094
19,30,24.814853985513185
19,31,26.340960763688955
19,32,23.17443059066482
19,33,20.166712354410212
19,34,16.949003770379168
19,35,13.416632210408544
19,36,10.948114830763913
19,37,7.476313725116097
19,38,5.651838078805834
19,39,5.208297243183588
19,40,5.113372648647357
19,41,8.665628483092235
19,42,8.230094605541083
19,43,9.817795212910672
19,44,10.00939077864314
19,45,11.376168600717593
19,46,13.692623900892336
19,47,13.784643285267592
19,48,17.073293802970866
19,49,17.424628314561176
19,50,19.45776491915071
19,51,19.258022329412857
19,52,19.297307781997045
19,53,16.524366840192133
19,54,14.23037620835929
19,55,15.119654317462633
19,56,14.492516645297837
19,57,10.788776442813207
19,58,10.819233497261491
19,59,12.970487263840782
19,60,11.029566421276375
19,61,7.986954592098453
19,62,11.025821784731148
19,63,12.51730101891558
19,64,11.87912151713505
20,1,17.47098769333435
20,2,21.11557032521375
20,3,21.14406642913966
20,4,19.340168488247418
20,5,16.780196341647713
20,6,16.501958868357853
20,7,19.722616735355967
20,8,19.03585243135462
20,9,16.324686584059688
20,10,15.78118755604652
20,11,15.592455497637372
20,12,15.759302034430503
20,13,12.545847162979316
20,14,12.423654541615505
20,15,9.545118917963524
20,16,10.707146501091465
20,17,9.48452672004876
20,18,5.757950511457388
20,19,3.8792964384711492
20,21,3.8114405968262006
20,22,6.906543144657492
20,23,10.175710623678
20,24,13.131074424747165
20,25,16.53376490305384
20,26,19.820435140876903
20,27,21.205941424722006
20,28,24.39076410843457
20,29,23.427720696932564
20,30,21.50456703684647
20,31,23.02830583972219
20,32,20.02123848135476
20,33,16.90185674438885
20,34,13.882986948950464
20,35,10.509718542210633
20,36,8.386579220286237
20,37,5.741562559355302
20,38,5.229013772394712
20,39,7.073201403395948
20,40,8.492102789904374
20,41,11.481848716360895
20,42,9.92200334270945
20,43,10.724561276740078
20,44,9.48466187788987
20,45,10.614615286628029
20,46,12.047000591854065
20,47,12.153841042728255
20,48,15.247836434532877
20,49,14.92150014935962
20,50,17.273648532771777
20,51,16.805047336271876
20,52,17.459884358767823
20,53,15.17363377311805
20,54,12.20579718983072
20,55,13.047977630536689
20,56,13.39991075380367
20,57,9.889451766743061
20,58,8.817666489061544
20,59,11.574840103847185
20,60,10.806070479805012
20,61,7.385580059866669
20,62,9.507405314618866
20,63,12.08622765042603
20,64,12.584879914604134
21,1,15.216873668755717
21,2,18.803458820619397
21,3,18.502924403936085
21,4,16.430102577211734
21,5,14.281019400018476
21,6,13.721505589012155
21,7,16.978372821694986
21,8,16.42602681276017
21,9,13.679675356992725
21,10,13.69620726587445
21,11,13.597244368529644
21,12,14.648778185306103
21,13,12.110317165404082
21,14,12.75398993895188
21,15,10.179390227915091
21,16,12.483713041982389
21,17,11.30322694923247
21,18,7.501641939137098
21,19,7.279663251740074
21,20,3.8114405968262006
21,22,3.736331289957611
21,23,6.557228034048371
21,24,9.699260680017703
21,25,12.992416520067176
21,26,16.259482269812036
21,27,17.956612154393863
21,28,21.308213063383093
21,29,20.451647422330662
21,30,18.23769690788002
21,31,19.470845499268034
21,32,16.387585987250624
21,33,13.1533964966637
21,34,10.29043006936979
21,35,6.9027208431255
21,36,5.637373546042865
21,37,4.324003308408989
21,38,6.259277352535211
21,39,8.849463150948694
21,40,11.353988548705857
21,41,13.899478047190065
21,42,12.064631822338288
21,43,11.70336492947735
21,44,9.308505162046501
21,45,9.387634639676454
21,46,9.60515058851256
21,47,9.381093011413508
21,48,12.125594148546414
21,49,11.357475508004317
21,50,13.950563288903387
21,51,13.554791480108234
21,52,14.778508813077027
21,53,12.799880728385293
21,54,9.387778507369937
21,55,10.683071715359562
21,56,11.86479862309935
21,57,8.716434147775283
21,58,7.265964028306967
21,59,10.795985758319436
21,60,11.062369953293132
21,61,8.300533023760227
21,62,9.781304774423054
21,63,13.066180341195976
21,64,14.080874355923171
22,1,11.811584402284355
22,2,15.4528524210267
22,3,15.368119718434908
22,4,13.615443982930536
22,5,11.997416376809772
22,6,12.023511595917963
22,7,15.577795738447342
22,8,15.812628573472677
22,9,13.62664052993672
22,10,14.647811097805418
22,11,15.100338018676597
22,12,16.857784076762577
22,13,14.889229210608038
22,14,16.054582703759078
22,15,13.714019133689936
22,16,16.19509683291873
22,17,14.850061815419803
22,18,11.102011050597298
22,19,10.625382162170668
22,20,6.906543144657492
22,21,3.736331289957611
22,23,3.8096187786467834
22,24,6.230851680527643
22,25,9.739048245493922
22,26,12.949884079002326
22,27,14.344704262791222
22,28,17.64759265536939
22,29,16.93393916291942
22,30,14.928239359466009
22,31,16.38063918602085
22,32,13.658369929405188
22,33,10.550398805161892
22,34,7.9458494805848705
22,35,5.600629954104824
22,36,5.099307937484282
22,37,6.334765063810053
22,38,8.403128169267092
22,39,11.69452508702591
22,40,14.443280228464733
22,41,16.52704015111297
22,42,14.052567674141637
22,43,13.329976103447352
22,44,10.202217270327711
22,45,10.29982169755705
22,46,9.562632023533013
22,47,9.904754077453907
22,48,12.19010443668149
22,49,10.716133779524428
22,50,13.834573864264252
22,51,13.390821389400864
22,52,15.515603068972519
22,53,14.207943600153893
22,54,10.437125976327877
22,55,11.779149176096388
22,56,13.926139083600622
22,57,11.395928732201659
22,58,9.326230410937082
22,59,12.853620998997126
22,60,13.979003428279235
22,61,11.32958827931806
22,62,11.833155820350912
22,63,15.509490747297372
22,64,17.131064041102807
23,1,11.88779892134905
23,2,15.22964040458096
23,3,14.802435733828245
23,4,12.817089225198622
23,5,12.190478364163994
23,6,11.786200783044086
23,7,15.058620444738626
23,8,15.387170390915607
23,9,13.214898358777253
23,10,14.695147881647685
23,11,14.891161620626068
23,12,17.348026472735228
23,13,16.04696883519343
23,14,17.39712535530575
23,15,15.22095082729445
23,16,18.256416434086983
23,17,17.304652391608855
23,18,13.69797209276097
23,19,13.828482934710891
23,20,10.175710623678
23,21,6.557228034048371
23,22,3.8096187786467834
23,24,3.798493452196379
23,25,6.50034670883899
23,26,9.966507376532308
23,27,12.011974799754501
23,28,15.644569120299831
23,29,15.434226994851599
23,30,13.044746706924425
23,31,13.790915350139322
23,32,11.067617470228939
23,33,7.5552161686369645
23,34,6.093160359260702
23,35,4.7790409835206455
23,36,6.790454199375338
23,37,8.884748332041065
23,38,11.747236127374245
23,39,14.782058297284623
23,40,17.728087519558795
23,41,19.84436794192302
23,42,17.55038629736632
23,43,16.38676113419826
23,44,12.997990682240028
23,45,12.169804683191877
23,46,10.211189709583898
23,47,9.739431439029497
23,48,10.831269804579264
23,49,8.338627387948438
23,50,11.33364658222731
23,51,10.584260851088565
23,52,13.33283754522096
23,53,12.822260852738
23,54,9.016406400926
23,55,10.253038674328844
23,56,13.196318249163525
23,57,11.600650351902662
23,58,9.315092319869354
23,59,12.68831384179812
23,60,14.664008037541542
23,61,12.781054571532064
23,62,12.640352680347263
23,63,16.449905272882923
23,64,18.415642297237163
24,1,8.82121980135311
24,2,11.867185085763712
24,3,11.510419120833589
24,4,9.95315757504506
24,5,10.19361016259591
24,6,10.516962592419656
24,7,13.807202428283588
24,8,15.044575584666774
24,9,13.753995867784282
24,10,16.073165742624855
24,11,16.945170537533155
24,12,19.72337868843573
24,13,18.815140741617977
24,14,20.607365651803924
24,15,18.72236504987413
24,16,21.70755815303247
24,17,20.394650670864856
24,18,16.834149121778243
24,19,16.80780217810193
24,20,13.131074424747165
24,21,9.699260680017703
24,22,6.230851680527643
24,23,3.798493452196379
24,25,3.800507901968818
24,26,6.747842216130807
24,27,8.333499761558016
24,28,11.888175674407368
24,29,11.677861467339115
24,30,9.490703390997991
24,31,10.61674413481083
24,32,8.51943878917873
24,33,5.720904803881839
24,34,5.094128584588061
24,35,6.255420584459515
24,36,8.187698899896429
24,37,11.269773991560955
24,38,13.861212269532563
24,39,17.210708943372047
24,40,20.33637490012777
24,41,21.99133388261777
24,42,19.276708572351342
24,43,17.823870715345848
24,44,14.140117819591202
24,45,13.439469298990742
24,46,11.05686844246451
24,47,11.400079623551335
24,48,12.138452868345059
24,49,9.61559924059855
24,50,12.917694574643146
24,51,12.586503270766183
24,52,15.902524684125801
24,53,15.721649487800226
24,54,12.107199804728557
24,55,13.547806606863798
24,56,16.69370834649722
24,57,15.262520630487257
24,58,13.084798291057366
24,59,16.3646832975154
24,60,18.45900245361549
24,61,16.50191169538171
24,62,16.199608266420412
24,63,20.054495375624846
24,64,22.1513334735505
25,1,10.437346272673858
25,2,12.71784849576339
25,3,12.222664741929927
25,4,10.874898517636701
25,5,12.288018076062121
25,6,12.39578833814094
25,7,15.09499213955939
25,8,16.49376819051386
25,9,15.43428176395008
25,10,18.00934911407937
25,11,18.6591416155344
25,12,21.821189311361646
25,13,21.35384826262828
25,14,23.15762969943446
25,15,21.335548146979683
25,16,24.574887105298366
25,17,23.554794600136212
25,18,20.05922071703828
25,19,20.2346060719681
25,20,16.53376490305384
25,21,12.992416520067176
25,22,9.739048245493922
25,23,6.50034670883899
25,24,3.800507901968818
25,26,3.8272156727940096
25,27,6.279276527536885
25,28,10.100518903151238
25,29,10.86710606923519
25,30,8.599452225919078
25,31,8.657338324204911
25,32,7.3085605715358195
25,33,4.889940931005398
25,34,6.803949029490536
25,35,8.898053882354388
25,36,11.59842107187276
25,37,14.689804749425162
25,38,17.530995061796347
25,39,20.755109008692884
25,40,23.9132381548215
25,41,25.649073259518204
25,42,23.02758416452673
25,43,21.44045283402666
25,44,17.712860273292012
25,45,16.62380417933984
25,46,13.73974804205673
25,47,13.563257225916873
25,48,13.263459397817046
25,49,10.121965557642818
25,50,12.800243207591564
25,51,12.152854079473599
25,52,15.851174228635694
25,53,16.516801017303564
25,54,13.255203377273272
25,55,14.312700520843109
25,56,17.856805121601795
25,57,17.18697576774924
25,58,14.913887872331973
25,59,17.776463959899004
25,60,20.393850512100112
25,61,18.907088152326452
25,62,18.114506546102767
25,63,21.924230806790632
25,64,24.2891950527051
26,1,10.378700521728765
26,2,11.48932233196408
26,3,10.51982041333962
26,4,9.479202740128308
26,5,11.990682295860317
26,6,12.271494654386789
26,7,14.34433356399947
26,8,16.332199909946493
26,9,16.085045638310312
26,10,19.18046673132425
26,11,20.27337645377309
26,12,23.670651469524465
26,13,23.671585256074888
26,14,25.8642312759748
26,15,24.412378722573287
26,16,27.704829670036474
26,17,26.437211558647896
26,18,23.08577006161541
26,19,23.429885734123904
26,20,19.820435140876903
26,21,16.259482269812036
26,22,12.949884079002326
26,23,9.966507376532308
26,24,6.747842216130807
26,25,3.8272156727940096
26,27,3.8100357308094517
26,28,7.289476373606301
26,29,8.174809272015361
26,30,5.782399634005229
26,31,5.1761651325372195
26,32,5.300775687982359
26,33,5.206482705926819
26,34,8.073136679074851
26,35,11.22265760917372
26,36,13.853998337954975
26,37,17.322457091584326
26,38,20.14561120581506
26,39,23.381277632165098
26,40,26.73613033990493
26,41,28.102084257684652
26,42,25.359967513784493
26,43,23.411178902262737
26,44,19.590222121187917
26,45,18.323827467631858
26,46,15.131233103042844
26,47,15.304277290596563
26,48,14.565473350619925
26,49,11.782173666865015
26,50,14.354706533281734
26,51,14.33157455662112
26,52,18.208956376901654
26,53,18.990281645754962
26,54,16.06927142143885
26,55,17.470990156696217
26,56,20.960808053391077
26,57,20.400751413852863
26,58,18.44788519535434
26,59,21.36376586907195
26,60,23.94519361067936
26,61,22.561908113516587
26,62,21.905782922075826
26,63,25.7029904964649
26,64,27.983041098060905
27,1,8.472291459888169
27,2,8.954862504322223
27,3,8.97530947102903
27,4,9.421779747716743
27,5,12.253509187404639
27,6,13.61416313503711
27,7,15.844693369469608
27,8,18.4350121112856
27,9,18.63930622046961
27,10,21.87991414692464
27,11,23.319938567860945
27,12,26.554480387783347
27,13,26.31404006908569
27,14,28.514173962828927
27,15,26.918164275768138
27,16,29.974843766500626
27,17,28.47967956347263
27,18,25.008430142840414
27,19,24.878990099077775
27,20,21.205941424722006
27,21,17.956612154393863
27,22,14.344704262791222
27,23,12.011974799754501
27,24,8.333499761558016
