1,2,3.7987808364227424
1,3,5.810743144044879
1,4,7.61061143769446
1,5,8.41770056469232
1,6,11.710553403960757
1,7,14.530882992187287
1,8,17.674118716734604
1,9,18.37830602073863
1,10,21.424105789816068
1,11,23.950573900548267
1,12,26.99730310306663
1,13,25.690685984853115
1,14,28.05978559496134
1,15,26.56532560470646
1,16,28.827131635270845
1,17,26.526576875503597
1,18,23.210715947683678
1,19,22.443758740204437
1,20,19.272626532149435
1,21,16.927856780398375
1,22,13.495183672088649
1,23,13.24733518519807
1,24,9.921344816906451
1,25,10.878595870296607
1,26,10.234224490489028
1,27,7.70216181457372
1,28,8.415976337890722
1,29,6.923833874100626
1,30,7.8650818554215025
1,31,11.451377739073212
1,32,11.98787167112859
1,33,12.265439146649507
1,34,11.52521792879773
1,35,13.864248621961263
1,36,13.658481973349582
1,37,17.052032437571707
1,38,18.11873447979296
1,39,21.716547399097855
1,40,24.705146977416867
1,41,25.082096851722557
1,42,21.5276783309455
1,43,19.950844904791985
1,44,16.519171907252268
1,45,17.10312585414287
1,46,15.574370185837537
1,47,17.95377785345455
1,48,19.23347462865958
1,49,17.84930292435571
1,50,21.59830011564783
1,51,22.096314807117537
1,52,25.654920660640325
1,53,24.848218799883753
1,54,21.726520326616455
1,55,23.907428814718095
1,56,26.73215528408083
1,57,24.680282177298604
1,58,23.301548960425748
1,59,26.95495220299123
1,60,28.299272028565937
1,61,25.820843149093054
1,62,26.906781950961353
1,63,30.594234049977562
2,1,3.7987808364227424
2,3,3.875402913767338
2,4,7.304248766509399
2,5,8.959081934501294
2,6,12.365941463806156
2,7,14.381214801727044
2,8,17.93964540743618
2,9,19.383438927842914
2,10,22.699188251484685
2,11,25.592070306720597
2,12,28.791509644184103
2,13,27.820094871456437
2,14,30.50067052990485
2,15,29.355625278648514
2,16,31.66178627101737
2,17,29.154748542917854
2,18,26.040189367847493
2,19,25.530318832413702
2,20,22.531194505568383
2,21,20.12737687888689
2,22,16.82220316622152
2,23,16.38706843038261
2,24,12.940781638934146
2,25,13.388396668215318
2,26,11.755102653715296
2,27,8.919045422772596
2,28,8.162169782802954
2,29,5.481441667710815
2,30,7.585193764351533
2,31,11.332468983198599
2,32,12.650810881379405
2,33,13.98257357021669
2,34,13.54755566351567
2,35,16.333764778197967
2,36,16.21619601506038
2,37,19.731128596185282
2,38,20.825719548612714
2,39,24.25090840146228
2,40,27.3672031665609
2,41,27.352981238439106
2,42,23.842326453869074
2,43,21.91035268321036
2,44,18.583452567001654
2,45,18.931571917939955
2,46,17.25409463790676
2,47,19.83582622490436
2,48,20.8429586561035
2,49,19.78647422552757
2,50,23.510915721895916
2,51,24.414120075309633
2,52,28.05049503490437
2,53,27.24164915322949
2,54,24.402211006938128
2,55,26.806717469109067
2,56,29.61097372534096
2,57,27.659702094793438
2,58,26.5444293004663
2,59,30.24806515645942
2,60,31.54660396325573
2,61,29.213333910564003
2,62,30.465218054055956
2,63,34.09677193514665
3,1,5.810743144044879
3,2,3.875402913767338
3,4,3.8419289648988357
3,5,6.372941157398974
3,6,9.264332710536637
3,7,10.77446597787882
3,8,14.443409626392954
3,9,16.198716543063952
3,10,19.691474463857368
3,11,22.74619156548884
3,12,26.09615143007308
3,13,25.524749916521504
3,14,28.46572054725179
3,15,27.698705364719498
3,16,30.207635216599268
3,17,27.658118152525788
3,18,24.742315633883162
3,19,24.794930442566717
3,20,21.917392172544133
3,21,19.21447021310791
3,22,16.158088306025764
3,23,15.421112725113218
3,24,12.138770691583844
3,25,12.56438640422502
3,26,10.613182141972816
3,27,8.821844335521181
3,28,8.707134571350027
3,29,5.07504956693261
3,30,5.4141454810383784
3,31,9.019096504386859
3,32,9.93147377145695
3,33,11.81361557976254
3,34,11.335153235760076
3,35,14.421682405383038
3,36,14.633156920240337
3,37,18.29773514651341
3,38,19.83797133583836
3,39,23.023059222663036
3,40,26.425062055830384
3,41,26.32574949803002
3,42,23.09984533117892
3,43,20.657572281956732
3,44,17.22272546913002
3,45,16.87698693408745
3,46,14.763272334139378
3,47,17.265783848067805
3,48,17.964411575710788
3,49,17.275455143441988
3,50,20.93569381275633
3,51,22.31952690614888
3,52,25.903030081869055
3,53,24.98544770647493
3,54,22.51149655114947
3,55,25.23040166722888
3,56,27.899452488435283
3,57,26.111130371897918
3,58,25.433765262716644
3,59,29.191795673865442
3,60,30.385824266405585
3,61,28.404332796357057
3,62,29.98617674460066
3,63,33.44206961083627
4,1,7.61061143769446
4,2,7.304248766509399
4,3,3.8419289648988357
4,5,3.840331985818023
4,6,5.6775079654900305
4,7,7.3717112893654475
4,8,10.871697683674475
4,9,12.425063017524325
4,10,15.972185840161355
4,11,18.992074602479537
4,12,22.41707592407854
4,13,22.047750830198204
4,14,25.078458031809056
4,15,24.50901813257276
4,16,27.183158525347356
4,17,24.710369128551523
4,18,21.909930668626586
4,19,22.410793332812116
4,20,19.624589354900273
4,21,16.69351795668999
4,22,13.953427516208205
4,23,13.04392172806787
4,24,10.21488921671401
4,25,10.97341583218047
4,26,9.443618688493633
4,27,9.117678482130067
4,28,10.307867158609257
4,29,7.17881359956364
4,30,5.06306615762377
4,31,7.839222804039329
4,32,7.317241478705602
4,33,9.00598397745584
4,34,8.10178895707873
4,35,11.231798279643758
4,36,11.758645406155686
4,37,15.467763917338404
4,38,17.45837647265852
4,39,20.438849200423142
4,40,24.032655259809744
4,41,24.06878918030752
4,42,21.145286333863126
4,43,18.41229801866087
4,44,14.847363516746809
4,45,13.854228368276603
4,46,11.310490387436383
4,47,13.618097012326606
4,48,14.187251546293387
4,49,13.761153220696679
4,50,17.403968274746486
4,51,19.09842588352243
4,52,22.553031117239993
4,53,21.47064220974181
4,54,19.222621119978978
4,55,22.169837785901503
4,56,24.668559905831177
4,57,22.971445334286138
4,58,22.637214662745063
4,59,26.404429729826294
4,60,27.478936006306807
4,61,25.783923716127237
4,62,27.619512697810173
4,63,30.89390265750627
5,1,8.41770056469232
5,2,8.959081934501294
5,3,6.372941157398974
5,4,3.840331985818023
5,6,3.8285778217933966
5,7,6.664614731380095
5,8,9.60828928507746
5,9,10.83735523283884
5,10,13.95461395469189
5,11,17.082043285818067
5,12,20.18283442884307
5,13,19.434341587725104
5,14,22.476907243112898
5,15,22.003815558603197
5,16,24.359510438796683
5,17,21.61254693442745
5,18,18.96779570636436
5,19,19.41621688540218
5,20,16.978364323547773
5,21,14.460397301858992
5,22,12.198260313677407
5,23,12.27926451951673
5,24,10.243509989141733
5,25,12.216676537609423
5,26,11.811903411210867
5,27,11.768498336593069
5,28,13.450481715541947
5,29,10.525215770720534
5,30,8.60402982903661
5,31,11.235360618462105
5,32,9.731749756633974
5,33,10.225103598165507
5,34,7.819276912726493
5,35,9.818708462584654
5,36,9.192554958038492
5,37,12.620171319790837
5,38,14.176551225545966
5,39,17.05025693515839
5,40,20.59065439256358
5,41,20.39031880854106
5,42,17.451853984486874
5,43,14.668269312204123
5,44,11.202162241960302
5,45,10.555770065324777
5,46,8.715754810764551
5,47,11.751552828335223
5,48,13.283539631602508
5,49,13.485927547114848
5,50,17.225557125073436
5,51,19.053570145709152
5,52,22.15913744279917
5,53,20.48015184425153
5,54,18.12285616660878
5,55,21.328748969952084
5,56,23.400167968383908
5,57,21.21981663175166
5,58,21.174677789071044
5,59,25.036922667503905
5,60,25.634671934233616
5,61,23.745576210467892
5,62,25.910235547419163
5,63,29.073634533620382
6,1,11.710553403960757
6,2,12.365941463806156
6,3,9.264332710536637
6,4,5.6775079654900305
6,5,3.8285778217933966
6,7,3.774623074201812
6,8,6.031012875778911
6,9,7.108045755455108
6,10,10.455015820446127
6,11,13.665496946068568
6,12,16.96294377625348
6,13,16.702986794480783
6,14,19.96106372796944
6,15,19.88932988703773
6,16,22.511998293651637
6,17,19.901844090423864
6,18,17.52626915872049
6,19,18.69923348409624
6,20,16.47736815809162
6,21,13.696634297979381
6,22,12.055134696797188
6,23,11.75460748289392
6,24,10.504158567873006
6,25,12.361681759749715
6,26,12.160921801852648
6,27,13.240382446024297
6,28,15.372842058613442
6,29,12.6976905187227
6,30,9.830024025665166
6,31,11.278136661504446
6,32,8.759307551602273
6,33,9.051360850850733
6,34,6.40655381193128
6,35,8.115803199980315
6,36,8.153776923015469
6,37,11.39418046916393
6,38,13.642216845426617
6,39,16.026647213444672
6,40,19.78767096295457
6,41,19.723281645185075
6,42,17.34369594653483
6,43,14.163060270149847
6,44,10.74170528084742
6,45,8.813795188705566
6,46,6.055316642930788
6,47,8.70580240785457
6,48,9.882978611411543
6,49,10.7309577800279
6,50,14.245524719638395
6,51,16.595663353442934
6,52,19.46660434394866
6,53,17.626625846016502
6,54,15.772676875276758
6,55,19.255728073094037
6,56,21.077669484167178
6,57,19.158161130598916
6,58,19.63988746476267
6,59,23.41868336472079
6,60,23.900542246937935
6,61,22.506909526598896
6,62,24.946460104044018
6,63,27.821574080733512
7,1,14.530882992187287
7,2,14.381214801727044
7,3,10.77446597787882
7,4,7.3717112893654475
7,5,6.664614731380095
7,6,3.774623074201812
7,8,3.8117636017681593
7,9,6.742034514884567
7,10,10.255981618412639
7,11,13.797030255927357
7,12,17.183239118204284
7,13,17.682128450455483
7,14,21.236611787429382
7,15,21.764582737278936
7,16,24.440917481423547
7,17,21.8017209041885
7,18,19.88950012713841
7,19,21.5303107640883
7,20,19.623748709768396
7,21,16.86910559608432
7,22,15.543180639178004
7,23,14.949289535121387
7,24,13.742315023217145
7,25,15.016303291491937
7,26,14.189874344638957
7,27,15.417423173109372
7,28,17.084737678031807
7,29,14.119046525449418
7,30,11.224105923576682
7,31,12.006510532446313
7,32,9.744932475173552
7,33,11.001035162516711
7,34,9.178551526907032
7,35,10.98297630773427
7,36,11.378275798411414
7,37,14.212754190453968
7,38,16.508996944974538
7,39,18.36787628783934
7,40,22.14561038654917
7,41,21.755335198621687
7,42,19.772440620116743
7,43,16.251599050260996
7,44,13.27963008426403
7,45,10.827498253258572
7,46,8.086473042439692
7,47,10.14573640034845
7,48,10.454746071676567
7,49,12.03064811874714
7,50,15.011644852372534
7,51,17.947887929946344
7,52,20.625175392817862
7,53,18.802929146545228
7,54,17.645508564570306
7,55,21.258816372679927
7,56,22.86840273840104
7,57,21.278872132142805
7,58,22.197036042289344
7,59,25.838804129732587
7,60,26.224275183060897
7,61,25.225353778580637
7,62,27.83366502534447
7,63,30.47968824433647
8,1,17.674118716734604
8,2,17.93964540743618
8,3,14.443409626392954
8,4,10.871697683674475
8,5,9.60828928507746
8,6,6.031012875778911
8,7,3.8117636017681593
8,9,3.8241762894203553
8,10,6.906070029223403
8,11,10.529551364916921
8,12,13.824600883980457
8,13,14.791377164002764
8,14,18.476601447879506
8,15,19.51235495276612
8,16,22.19116480643872
8,17,19.656669666790723
8,18,18.22329360248074
8,19,20.440929033975475
8,20,18.999764858382637
8,21,16.420927361623836
8,22,15.905516689293119
8,23,15.466549044245507
8,24,15.163494628508857
8,25,16.661911997586433
8,26,16.40099033788934
8,27,18.219924762848084
8,28,20.291578987111592
8,29,17.60715967702648
8,30,14.42348878840092
8,31,14.669360524814998
8,32,11.782716214929728
8,33,12.28704556018545
8,34,10.201358784248006
8,35,10.913327417682245
8,36,11.313296309646722
8,37,13.3468571112188
8,38,15.81179073279646
8,39,16.987100239155893
8,40,20.726894170597614
8,41,20.366843409613843
8,42,19.00979790214563
8,43,15.351889404704192
8,44,12.827072428537276
8,45,9.629375975153266
8,46,7.019176396327853
8,47,8.269879601778097
8,48,8.444285173439265
8,49,11.092678697867472
8,50,13.445883001297757
8,51,16.805846732253315
8,52,18.896554946273433
8,53,16.68386958449551
8,54,16.133258321673733
8,55,19.92058613111717
8,56,20.98941184234008
8,57,19.507124538362284
8,58,21.0316724121697
8,59,24.47874866169158
8,60,24.516563741023475
8,61,23.92806595573789
8,62,26.833102847997957
8,63,29.09692687651133
9,1,18.37830602073863
9,2,19.383438927842914
9,3,16.198716543063952
9,4,12.425063017524325
9,5,10.83735523283884
9,6,7.108045755455108
9,7,6.742034514884567
9,8,3.8241762894203553
9,10,3.7833684436449846
9,11,7.068450927295499
9,12,10.581991380626109
9,13,11.434120573960493
9,14,14.986102661177954
9,15,15.903018432953402
9,16,18.784151022439424
9,17,16.567039943303296
9,18,15.083945790084572
9,19,17.58651655440062
9,20,16.210684128999908
9,21,13.60938233096289
9,22,13.659697470862062
9,23,13.267492014326637
9,24,13.841554908783188
9,25,15.614288891462184
9,26,16.15895054809037
9,27,18.48125405179915
9,28,21.137222573313164
9,29,18.96963570689181
9,30,15.518883350798422
9,31,15.517915741543495
9,32,12.037211594275806
9,33,11.375067013656329
9,34,8.97487616439053
9,35,8.530818165688398
9,36,9.206202062012414
9,37,10.667516273950927
9,38,13.564656129105686
9,39,14.524855849801991
9,40,18.25119093189684
9,41,18.44291245949836
9,42,17.384505822765096
9,43,13.988624222194392
9,44,11.466937653022706
9,45,7.787930633639687
9,46,4.869330191186185
9,47,4.7263025517781925
9,48,5.148165070610869
9,49,8.350247672059348
9,50,10.455659520972642
9,51,13.775423358960856
9,52,15.530356134451832
9,53,13.033724199588388
9,54,12.564192717096041
9,55,16.41120161109694
9,56,17.247078473493172
9,57,15.78102932273591
9,58,17.519982291667546
9,59,20.85648269144816
9,60,20.805373771080056
9,61,20.42501077848314
9,62,23.394608410098435
9,63,25.489284075564935
10,1,21.424105789816068
10,2,22.699188251484685
10,3,19.691474463857368
10,4,15.972185840161355
10,5,13.95461395469189
10,6,10.455015820446127
10,7,10.255981618412639
10,8,6.906070029223403
10,9,3.7833684436449846
10,11,3.8350651649726206
10,12,6.945105716151773
10,13,8.157336732666806
10,14,11.845073212754428
10,15,13.4212938363874
10,16,16.09849195316243
10,17,13.979158967995888
10,18,13.213576709390269
10,19,16.266212168808043
10,20,15.634671490823763
10,21,13.626288474947266
10,22,14.67824897952452
10,23,14.794834303686848
10,24,16.178086702528393
10,25,18.246535286028863
10,26,19.295443286397283
10,27,21.763004930715116
10,28,24.619178626604473
10,29,22.569735246714192
10,30,19.130597581840476
10,31,19.102075056205763
10,32,15.487295675956261
10,33,14.302308507922522
10,34,11.738382984833724
10,35,10.163777751045439
10,36,10.291587994374577
10,37,10.366197464172407
10,38,12.979094804080892
10,39,12.968165814541608
10,40,16.411245157536143
10,41,16.640267777595575
10,42,16.355362754196417
10,43,13.11940507490284
10,44,11.442833456459468
10,45,7.642677973467029
10,46,6.264770345038018
10,47,5.0522703239670586
10,48,6.083013367758724
10,49,9.800160422053061
10,50,10.934680224233107
10,51,14.202740100772418
10,52,15.025361662659593
10,53,11.8959294708935
10,54,12.05400163462458
10,55,15.889892344347937
10,56,15.864464976664735
10,57,14.297202706473072
10,58,16.750471912327615
10,59,19.769105753188434
10,60,19.122379898502537
10,61,19.094401674609777
10,62,22.39662774284841
10,63,24.00682641967012
11,1,23.950573900548267
11,2,25.592070306720597
11,3,22.74619156548884
11,4,18.992074602479537
11,5,17.082043285818067
11,6,13.665496946068568
11,7,13.797030255927357
11,8,10.529551364916921
11,9,7.068450927295499
11,10,3.8350651649726206
11,12,3.823244686081836
11,13,5.82774345174827
11,14,9.05019196959357
11,15,10.903931741321273
11,16,13.80383727340954
11,17,12.458866768359307
11,18,12.079860828038688
11,19,15.561382939015054
11,20,15.258905113681106
11,21,13.497388982586196
11,22,15.235406544785254
11,23,15.27703807123905
11,24,17.384241058046484
11,25,19.36271233996333
11,26,20.886547314891185
11,27,23.7087227471367
11,28,26.857060526926972
11,29,25.215814171830765
11,30,21.65135245185417
11,31,21.282396149944745
11,32,17.497275148551058
11,33,15.726988485122858
11,34,13.470121088754917
11,35,11.212612750255774
11,36,11.696042346620072
11,37,10.872095200946813
11,38,13.582281626015188
11,39,12.999248492343972
11,40,16.016770265784743
11,41,16.874125639063806
11,42,17.186790132347742
11,43,14.519438750277356
11,44,13.243997480826163
11,45,9.706985327621743
11,46,8.76476424459016
11,47,6.125323685269055
11,48,6.538605541478382
11,49,9.910748521133131
11,50,9.838605221655655
11,51,12.785502626736623
11,52,12.660842405555254
11,53,9.20388130199063
11,54,10.203071847550119
11,55,13.737655052139578
11,56,13.015057533447552
11,57,11.829734933478587
11,58,14.822325720605237
11,59,17.341685586377096
11,60,16.464687428475838
11,61,17.065533486761552
11,62,20.407158737188336
11,63,21.541596283437094
12,1,26.99730310306663
12,2,28.791509644184103
12,3,26.09615143007308
12,4,22.41707592407854
12,5,20.18283442884307
12,6,16.96294377625348
12,7,17.183239118204284
12,8,13.824600883980457
12,9,10.581991380626109
12,10,6.945105716151773
12,11,3.823244686081836
12,13,3.805411890034644
12,14,6.478487896148951
12,15,9.42044503517044
12,16,11.663084458447365
12,17,10.63750195930262
12,18,11.397580030734582
12,19,15.173147121892804
12,20,15.775301031090878
12,21,14.85449103142575
12,22,17.290308680034357
12,23,17.84608316985944
12,24,20.34907960422673
12,25,22.564951825612656
12,26,24.374902572828855
12,27,27.15223370111221
12,28,30.381398576664758
12,29,28.751866866475037
12,30,25.26040576374965
12,31,25.023271726992906
12,32,21.223701201684964
12,33,19.253345878509467
12,34,16.834267445596122
12,35,14.133998355555054
12,36,14.034832087037957
12,37,12.235733203649426
12,38,14.21403571470514
12,39,12.628275996052617
12,40,14.932959973482513
12,41,15.800520716984156
12,42,16.964374369588434
12,43,14.761170570431073
12,44,14.423911612716994
12,45,11.409330024270597
12,46,11.597385896473156
12,47,9.31610075866286
12,48,10.208193903354719
12,49,13.25782851754842
12,50,12.744092441263273
12,51,15.183984898067363
12,52,14.207784953031094
12,53,10.494278803175977
12,54,11.882110399720588
12,55,14.92765849003411
12,56,13.21627748021336
12,57,11.898919724155585
12,58,15.43305344025937
12,59,17.411210461973397
12,60,15.763230927706969
12,61,16.69518110381247
12,62,20.26890500870628
12,63,20.786910505412937
13,1,25.690685984853115
13,2,27.820094871456437
13,3,25.524749916521504
13,4,22.047750830198204
13,5,19.434341587725104
13,6,16.702986794480783
13,7,17.682128450455483
13,8,14.791377164002764
13,9,11.434120573960493
13,10,8.157336732666806
13,11,5.82774345174827
13,12,3.805411890034644
13,14,3.827304034530264
13,15,6.391576310557734
13,16,8.374980626973157
13,17,6.923294572401087
13,18,7.687613016358435
13,19,11.477721975002005
13,20,12.471610961698834
13,21,12.182221826740019
13,22,15.076198136478629
13,23,16.31509845086387
13,24,19.097959697950742
13,25,21.76188015578641
13,26,23.98065099112
13,27,26.50082347838713
13,28,29.842471330624488
13,29,28.310700332356923
13,30,25.029778888467238
13,31,25.23422706226009
13,32,21.460050436346155
13,33,19.09133848712828
13,34,16.25591499418708
13,35,13.03111122500368
13,36,12.19247512244166
13,37,9.595099473190922
13,38,11.028521725848915
13,39,9.108253529198718
13,40,11.227733781739332
13,41,12.472533900703414
13,42,13.687656498062248
13,43,12.007265423714802
13,44,11.985027600396311
13,45,9.670298773704921
13,46,10.782353111298596
13,47,8.998974538623601
13,48,11.058172279128632
13,49,13.558570248679972
13,50,13.669835661634306
13,51,15.47464144258154
13,52,14.701975604614553
13,53,10.818812677065335
13,54,11.136123427570345
13,55,14.075360487830023
13,56,12.307978777451163
13,57,10.00114497611948
13,58,13.402700665118914
13,59,15.558741673397233
13,60,13.526548943541655
13,61,13.855667053553162
13,62,17.615061844020545
13,63,18.26721357436555
14,1,28.05978559496134
14,2,30.50067052990485
14,3,28.46572054725179
14,4,25.078458031809056
14,5,22.476907243112898
14,6,19.96106372796944
14,7,21.236611787429382
14,8,18.476601447879506
14,9,14.986102661177954
14,10,11.845073212754428
14,11,9.05019196959357
14,12,6.478487896148951
14,13,3.827304034530264
14,15,3.883035290519123
14,16,5.289115073080755
14,17,5.571081640670778
14,18,7.16632863183964
14,19,10.80861153648631
14,20,12.421507447202663
14,21,12.862336025792768
14,22,16.24190200408982
14,23,17.640278180222715
14,24,20.858704142720658
14,25,23.521248294107522
14,26,26.12884043124376
14,27,28.717099166119617
14,28,32.22904141205189
14,29,31.01060778995988
14,30,27.772036939882206
14,31,27.921860361256602
14,32,24.13648133826024
14,33,21.390051708083025
14,34,18.720396513345616
14,35,15.196944262562871
14,36,14.4020898580007
14,37,11.283897369000602
14,38,12.238890296273597
14,39,9.899184463282893
14,40,10.879274513412932
14,41,12.902734345227488
14,42,14.641937394232363
14,43,13.920308412547707
14,44,14.295514613135387
14,45,12.647827201524334
14,46,13.940850800327409
14,47,11.939185284605864
14,48,13.802485379328662
14,49,15.67359391017862
14,50,15.305278449779847
14,51,16.331700557550747
14,52,14.864032834069203
14,53,11.159107820926842
14,54,11.596070545285922
14,55,13.630782279837632
14,56,11.046290543004414
14,57,8.767412469911367
14,58,12.368157936472059
14,59,13.723845224882538
14,60,11.021804691541233
14,61,11.806899604097845
14,62,15.553864928036457
14,63,15.536138227437165
15,1,26.56532560470646
15,2,29.355625278648514
15,3,27.698705364719498
15,4,24.50901813257276
15,5,22.003815558603197
15,6,19.88932988703773
15,7,21.764582737278936
15,8,19.51235495276612
15,9,15.903018432953402
15,10,13.4212938363874
15,11,10.903931741321273
15,12,9.42044503517044
15,13,6.391576310557734
15,14,3.883035290519123
15,16,3.8481886332051367
15,17,5.268973548377095
15,18,5.140522370952777
15,19,8.22815473987513
15,20,9.529643778117833
15,21,10.258146784941033
15,22,13.847209155535667
15,23,15.401159216972678
15,24,18.90233135671996
15,25,21.6154478768262
15,26,24.599911647027152
15,27,27.102041552276727
15,28,30.742346502031005
15,29,29.89380425616331
15,30,26.806805351948505
15,31,27.056103269865524
15,32,23.371793490553856
15,33,20.22792485391895
15,34,17.660577153359746
15,35,13.919977674929362
15,36,13.173632415876655
15,37,9.886563659330331
15,38,10.827466822863256
15,39,9.15347526561716
15,40,9.943814549149273
15,41,12.90632024754005
15,42,14.041392518638881
15,43,13.945863491801369
15,44,13.891186261867851
15,45,12.799963443774605
15,46,13.964902120963403
15,47,11.971858029763286
15,48,14.009332487383748
15,49,14.969442811176664
15,50,14.840620939377947
15,51,15.021584030033754
15,52,13.748038227436991
15,53,10.399969871496554
15,54,9.840278996497814
15,55,11.281225804410479
15,56,8.88455049361725
15,57,5.846345358854275
15,58,9.018955955204266
15,59,10.395120495449575
15,60,7.623662767011889
15,61,7.941977599712846
15,62,11.731355452535716
15,63,12.005923620801351
16,1,28.827131635270845
16,2,31.66178627101737
16,3,30.207635216599268
16,4,27.183158525347356
16,5,24.359510438796683
16,6,22.511998293651637
16,7,24.440917481423547
16,8,22.19116480643872
16,9,18.784151022439424
16,10,16.09849195316243
16,11,13.80383727340954
16,12,11.663084458447365
16,13,8.374980626973157
16,14,5.289115073080755
16,15,3.8481886332051367
16,17,3.8671429773294888
16,18,5.745645873513818
16,19,7.992934554014333
16,20,10.643964112931657
16,21,12.508624960525323
16,22,16.251632584059053
16,23,18.364841074176017
16,24,21.81122973574681
16,25,24.77228905516952
16,26,27.825727943391726
16,27,30.078108852960153
16,28,33.659319563526786
16,29,32.70222710579162
16,30,29.794061321297765
16,31,30.338309515892686
16,32,26.712323061398408
16,33,23.605150474437696
16,34,20.793640655848726
16,35,17.014496574909877
16,36,15.621539458142141
16,37,11.955946710326812
16,38,11.678786636285077
16,39,9.12114607073134
16,40,8.385173878462279
16,41,11.394912429155063
16,42,13.32988278563378
16,43,14.049522301862376
16,44,14.94982717123061
16,45,14.600026834836656
16,46,16.541755438267163
16,47,15.121726985093954
16,48,17.5135406556125
16,49,18.64730892079676
16,50,18.669673059592377
16,51,18.828781146269243
16,52,17.461710631117924
16,53,14.187023294453613
16,54,13.60805943560654
16,55,14.761820781508648
16,56,12.176881564655641
16,57,9.220091320502654
16,58,11.8451961766679
16,59,12.68343486710434
16,60,9.246708776641153
16,61,9.12326354319596
16,62,12.773295321185284
16,63,12.427445486231383
17,1,26.526576875503597
17,2,29.154748542917854
17,3,27.658118152525788
17,4,24.710369128551523
17,5,21.61254693442745
17,6,19.901844090423864
17,7,21.8017209041885
17,8,19.656669666790723
17,9,16.567039943303296
17,10,13.979158967995888
17,11,12.458866768359307
17,12,10.63750195930262
17,13,6.923294572401087
17,14,5.571081640670778
17,15,5.268973548377095
17,16,3.8671429773294888
17,18,3.8404310910798114
17,19,6.573636595673676
17,20,9.459413346479005
17,21,11.341196060825753
17,22,14.917128700038228
17,23,17.400292332330707
17,24,20.481322369183204
17,25,23.714486929498268
17,26,26.516932189477
17,27,28.50240911019081
17,28,31.905793756442907
17,29,30.588393327709635
17,30,27.796649210299826
17,31,28.669311565084893
17,32,25.110216486195103
17,33,22.291505504626947
17,34,19.09220500963972
17,35,15.433765763022269
17,36,13.398963937787963
17,37,9.653479088538917
17,38,8.823256841626252
17,39,5.68232054735051
17,40,5.423943508245197
17,41,7.929886607657577
17,42,9.883373611549278
17,43,10.31290677923462
17,44,11.576672497299969
17,45,11.482378052656465
17,46,14.003183971558448
17,47,13.319605112242275
17,48,16.266892384449125
17,49,17.816598842162247
17,50,18.490962226242
17,51,19.217692058297427
17,52,18.502770580910383
17,53,14.93142452995001
17,54,13.981469356577092
17,55,15.985399440383679
17,56,14.042667162354046
17,57,10.641875423424898
17,58,13.147274584562933
17,59,14.937777573061771
17,60,12.009793775231595
17,61,11.081273007588992
17,62,14.883258953638354
17,63,15.344502642961375
18,1,23.210715947683678
18,2,26.040189367847493
18,3,24.742315633883162
18,4,21.909930668626586
18,5,18.96779570636436
18,6,17.52626915872049
18,7,19.88950012713841
18,8,18.22329360248074
18,9,15.083945790084572
18,10,13.213576709390269
18,11,12.079860828038688
18,12,11.397580030734582
18,13,7.687613016358435
18,14,7.16632863183964
18,15,5.140522370952777
18,16,5.745645873513818
18,17,3.8404310910798114
18,19,3.8186325841036566
18,20,5.759209931880879
18,21,7.539027162977943
18,22,11.158134603616697
18,23,13.765531746255176
18,24,16.890185830694804
18,25,20.175020585635743
18,26,23.123599551530972
18,27,25.026290054520857
18,28,28.48391136718342
18,29,27.385865870057785
18,30,24.683321644722042
18,31,25.62920672306514
18,32,22.175631771104804
18,33,19.167918852963123
18,34,16.008102744924237
18,35,12.285998436781341
18,36,10.254821599190384
18,37,6.467268923127117
18,38,6.028555597668289
18,39,4.394822183562341
18,40,5.646015337654169
18,41,8.767706298274677
18,42,9.143489130791282
18,43,9.475095248919926
18,44,9.608547818184968
18,45,9.696270616570455
18,46,11.830614931349556
18,47,11.23471668744346
18,48,14.345453227841425
18,49,15.273657503469181
18,50,16.398654629803467
18,51,16.784975810692064
18,52,16.645841398991298
18,53,13.340898083611465
18,54,11.518538821885604
18,55,13.563793735097969
18,56,12.409696761842673
18,57,8.616145172234125
18,58,10.376026920948469
18,59,12.829179580352234
18,60,10.614686327314308
18,61,8.876332925606576
18,62,12.590928376288748
18,63,13.945123687196176
19,1,22.443758740204437
19,2,25.530318832413702
19,3,24.794930442566717
19,4,22.410793332812116
19,5,19.41621688540218
19,6,18.69923348409624
19,7,21.5303107640883
19,8,20.440929033975475
19,9,17.58651655440062
19,10,16.266212168808043
19,11,15.561382939015054
19,12,15.173147121892804
19,13,11.477721975002005
19,14,10.80861153648631
19,15,8.22815473987513
19,16,7.992934554014333
19,17,6.573636595673676
19,18,3.8186325841036566
19,20,3.8640994885040074
19,21,7.265095346636828
19,22,10.600307087300749
19,23,13.813651614854992
19,24,16.782633096424085
19,25,20.24741235473624
19,26,23.395254436227873
19,27,24.860405046730754
19,28,28.244305118666897
19,29,27.346076625225606
19,30,25.04225991105431
19,31,26.369334465467865
19,32,23.20626786142317
19,33,20.09366167430379
19,34,16.931001850896173
19,35,13.37411213593489
19,36,10.927428620450312
19,37,7.443432076298821
19,38,5.63007811005719
19,39,5.200634097705772
19,40,5.13914735421979
19,41,8.692434698994248
19,42,8.214179720365255
19,43,9.81003386429864
19,44,9.996523557849764
19,45,11.327559201621867
19,46,13.629321179751305
19,47,13.654676742123387
19,48,16.909602590484468
19,49,17.25705892844665
19,50,18.7903006971279
19,51,18.683931019121808
19,52,18.903784008278258
19,53,16.014709237352466
19,54,13.545216670705173
19,55,15.075674340072638
19,56,14.413516501373529
19,57,10.547164260151558
19,58,11.045381667633864
19,59,13.4393964466838
19,60,11.50462857009301
19,61,8.625150552095375
19,62,11.72367393866385
19,63,13.538093085334312
20,1,19.272626532149435
20,2,22.531194505568383
20,3,21.917392172544133
20,4,19.624589354900273
20,5,16.978364323547773
20,6,16.47736815809162
20,7,19.623748709768396
20,8,18.999764858382637
20,9,16.210684128999908
20,10,15.634671490823763
20,11,15.258905113681106
20,12,15.775301031090878
20,13,12.471610961698834
20,14,12.421507447202663
20,15,9.529643778117833
20,16,10.643964112931657
20,17,9.459413346479005
20,18,5.759209931880879
20,19,3.8640994885040074
20,21,3.7947756255680707
20,22,6.889154614420101
20,23,10.155910538602926
20,24,13.117126254129927
20,25,16.546282133352026
20,26,19.800035310146978
20,27,21.24105528931189
20,28,24.688028567381064
20,29,24.048685958210193
20,30,21.790096823672517
20,31,23.082202874989544
20,32,20.063094056633076
20,33,16.818408676374474
20,34,13.863035892345836
20,35,10.459805687295114
20,36,8.368451684568448
20,37,5.704624961697182
20,38,5.237929691342647
20,39,7.0748243188880355
20,40,8.514213708976364
20,41,11.5164806714249
20,42,9.93687239320122
20,43,10.731424974252622
20,44,9.485185951529703
20,45,10.57223281980884
20,46,11.991004627402825
20,47,12.017491181303656
20,48,15.07101551569528
20,49,14.729813829800245
20,50,16.64404624747095
20,51,16.24121456716066
20,52,17.095217469612482
20,53,14.658637324179054
20,54,11.533356772931405
20,55,13.053007901504301
20,56,13.370729228857481
20,57,9.678688408588675
20,58,9.179026648647742
20,59,12.25060319558295
20,60,11.43695105841966
20,61,8.275743443546121
20,62,10.82709254844684
20,63,13.570234172115626
21,1,16.927856780398375
21,2,20.12737687888689
21,3,19.21447021310791
21,4,16.69351795668999
21,5,14.460397301858992
21,6,13.696634297979381
21,7,16.86910559608432
21,8,16.420927361623836
21,9,13.60938233096289
21,10,13.626288474947266
21,11,13.497388982586196
21,12,14.85449103142575
21,13,12.182221826740019
21,14,12.862336025792768
21,15,10.258146784941033
21,16,12.508624960525323
21,17,11.341196060825753
21,18,7.539027162977943
21,19,7.265095346636828
21,20,3.7947756255680707
21,22,3.7554893221876307
21,23,6.560542249957097
21,24,9.709458330812767
21,25,13.037052443692478
21,26,16.25736168647392
21,27,18.00540018982724
21,28,21.57357727681864
21,29,21.013638843763296
21,30,18.50268127184096
21,31,19.513962794191944
21,32,16.417989522701866
21,33,13.080641451542771
21,34,10.281794266501066
21,35,6.871727142968437
21,36,5.644418840960722
21,37,4.3205993632706825
21,38,6.282247075569228
21,39,8.86099927832179
21,40,11.375863379969568
21,41,13.925961211573878
21,42,12.075247338694565
21,43,11.711350191140804
21,44,9.321786310200052
21,45,9.37311489579996
21,46,9.57749759538694
21,47,9.280092425386274
21,48,11.979337155757687
21,49,11.185651061977953
21,50,13.404168024037414
21,51,13.064056866009954
21,52,14.514316736708714
21,53,12.362762681941515
21,54,8.88933519737548
21,55,10.862135777689444
21,56,12.036264287367638
21,57,8.807116635616438
21,58,8.063916233741306
21,59,11.77904612492707
21,60,11.89757018160292
21,61,9.39138396708071
21,62,11.686527852550762
21,63,14.750889283320909
22,1,13.495183672088649
22,2,16.82220316622152
22,3,16.158088306025764
22,4,13.953427516208205
22,5,12.198260313677407
22,6,12.055134696797188
22,7,15.543180639178004
22,8,15.905516689293119
22,9,13.659697470862062
22,10,14.67824897952452
22,11,15.235406544785254
22,12,17.290308680034357
22,13,15.076198136478629
22,14,16.24190200408982
22,15,13.847209155535667
22,16,16.251632584059053
22,17,14.917128700038228
22,18,11.158134603616697
22,19,10.600307087300749
22,20,6.889154614420101
22,21,3.7554893221876307
22,23,3.802761833322097
22,24,6.235461504548544
22,25,9.754997650799394
22,26,12.953994480456505
22,27,14.402721668378916
22,28,17.941999033150548
22,29,17.56545791668161
22,30,15.27231388098708
22,31,16.494736026363185
22,32,13.773375661341351
22,33,10.514416301611776
22,34,7.974129287890102
22,35,5.617012127673693
22,36,5.117925518104769
22,37,6.3489421591096304
22,38,8.415580381906082
22,39,11.709269113260476
22,40,14.454889921934523
22,41,16.54704639872627
22,42,14.0488918756934
22,43,13.329890305233633
22,44,10.202580862881428
22,45,10.31176134822098
22,46,9.593275329205634
22,47,9.895686420173067
22,48,12.144484425501131
22,49,10.619861414087751
22,50,13.515261714426268
22,51,13.087457330137383
22,52,15.431196857413324
22,53,13.925931230496053
22,54,10.231006710930624
22,55,12.12693644385165
22,56,14.23980909822641
22,57,11.623689283551421
22,58,10.201894704597349
22,59,13.955899765874891
22,60,14.864767780831341
22,61,12.394437746903243
22,62,13.945433359969572
22,63,17.396661607820967
23,1,13.24733518519807
23,2,16.38706843038261
23,3,15.421112725113218
23,4,13.04392172806787
23,5,12.27926451951673
23,6,11.75460748289392
23,7,14.949289535121387
23,8,15.466549044245507
23,9,13.267492014326637
23,10,14.794834303686848
23,11,15.27703807123905
23,12,17.84608316985944
23,13,16.31509845086387
23,14,17.640278180222715
23,15,15.401159216972678
23,16,18.364841074176017
23,17,17.400292332330707
23,18,13.765531746255176
23,19,13.813651614854992
23,20,10.155910538602926
23,21,6.560542249957097
23,22,3.802761833322097
23,24,3.8016992673667547
23,25,6.551202488291886
23,26,9.973029324760113
23,27,12.107157628493917
23,28,15.875036344477437
23,29,15.933493659733577
23,30,13.306731935779991
23,31,13.825395084692714
23,32,11.075825425575449
23,33,7.466352531260833
23,34,6.072090701103367
23,35,4.793753454589546
23,36,6.788422269984332
23,37,8.897320960894236
23,38,11.75136730851225
23,39,14.794677938362506
23,40,17.745661885787154
23,41,19.857822039250014
23,42,17.536250851585827
23,43,16.371495973425425
23,44,12.982629786545616
23,45,12.175869580390296
23,46,10.234955073737343
23,47,9.76051938875364
23,48,10.815007211481063
23,49,8.276539480168672
23,50,11.183468090682558
23,51,10.4322175591945
23,52,13.399990979254888
23,53,12.68883457018846
23,54,9.081920885157857
23,55,10.755755399025977
23,56,13.655591101288909
23,57,11.983992046501342
23,58,10.315178789121592
23,59,13.925959437745766
23,60,15.62161245629598
23,61,13.839710386178846
23,62,14.96259431943325
23,63,18.393962145355914
24,1,9.921344816906451
24,2,12.940781638934146
24,3,12.138770691583844
24,4,10.21488921671401
24,5,10.243509989141733
24,6,10.504158567873006
24,7,13.742315023217145
24,8,15.163494628508857
24,9,13.841554908783188
24,10,16.178086702528393
24,11,17.384241058046484
24,12,20.34907960422673
24,13,19.097959697950742
24,14,20.858704142720658
24,15,18.90233135671996
24,16,21.81122973574681
24,17,20.481322369183204
24,18,16.890185830694804
24,19,16.782633096424085
24,20,13.117126254129927
24,21,9.709458330812767
24,22,6.235461504548544
24,23,3.8016992673667547
24,25,3.787935688027064
24,26,6.75078282914977
24,27,8.395908324293831
24,28,12.11455286280687
24,29,12.20996313511929
24,30,9.826706264871175
24,31,10.741278229413828
24,32,8.652280332299979
24,33,5.69878103350704
24,34,5.090953730399798
24,35,6.272532508907187
24,36,8.162583930214375
24,37,11.26407488593493
24,38,13.847698484599354
24,39,17.204249454814885
24,40,20.332248197524528
24,41,21.980684199808096
24,42,19.241786109134843
24,43,17.779308226785567
24,44,14.091819063054352
24,45,13.421992612634607
24,46,11.076229406325146
24,47,11.438976518660017
24,48,12.169513038044329
24,49,9.606946009513123
24,50,12.96773620701107
24,51,12.621171450305917
24,52,16.08228795775509
24,53,15.66041502972674
24,54,12.349487150286594
24,55,14.11055360067382
24,56,17.20765710440462
24,57,15.70647919203814
24,58,14.078851592727494
24,59,17.607854852638415
24,60,19.419372065436317
24,61,17.561044721089594
24,62,18.52115706165635
24,63,22.05911222439363
25,1,10.878595870296607
25,2,13.388396668215318
25,3,12.56438640422502
25,4,10.97341583218047
25,5,12.216676537609423
25,6,12.361681759749715
25,7,15.016303291491937
25,8,16.661911997586433
25,9,15.614288891462184
25,10,18.246535286028863
25,11,19.36271233996333
25,12,22.564951825612656
25,13,21.76188015578641
25,14,23.521248294107522
25,15,21.6154478768262
25,16,24.77228905516952
25,17,23.714486929498268
25,18,20.175020585635743
25,19,20.24741235473624
25,20,16.546282133352026
25,21,13.037052443692478
25,22,9.754997650799394
25,23,6.551202488291886
25,24,3.787935688027064
25,26,3.8173474384137274
25,27,6.349218609823867
25,28,10.164669079150599
25,29,11.152521198555679
25,30,8.78957417283015
25,31,8.69590212973794
25,32,7.353018707862518
25,33,4.902990988885623
25,34,6.81601127668271
25,35,8.9780627658955
25,36,11.60472226108648
25,37,14.728378327460236
25,38,17.538163527027418
25,39,20.784838565442378
25,40,23.944524481761423
25,41,25.661051909618646
25,42,22.99734965805025
25,43,21.407128675442763
25,44,17.675042550144106
25,45,16.645685342695
25,46,13.80898052317498
25,47,13.70459996421483
25,48,13.43119854893097
25,49,10.284866675844853
25,50,13.197658400117449
25,51,12.521059499181064
25,52,16.303380875976664
25,53,16.709852679956455
25,54,13.774288554980508
25,55,15.035278798435078
25,56,18.537046749702444
25,57,17.762228045931533
25,58,15.939452396387026
25,59,19.107437200233633
25,60,21.436288905932372
25,61,19.976108803146573
25,62,20.51649814174256
25,63,23.99988161488542
26,1,10.234224490489028
26,2,11.755102653715296
26,3,10.613182141972816
26,4,9.443618688493633
26,5,11.811903411210867
26,6,12.160921801852648
26,7,14.189874344638957
26,8,16.40099033788934
26,9,16.15895054809037
26,10,19.295443286397283
26,11,20.886547314891185
26,12,24.374902572828855
26,13,23.98065099112
26,14,26.12884043124376
26,15,24.599911647027152
26,16,27.825727943391726
26,17,26.516932189477
26,18,23.123599551530972
26,19,23.395254436227873
26,20,19.800035310146978
26,21,16.25736168647392
26,22,12.953994480456505
26,23,9.973029324760113
26,24,6.75078282914977
26,25,3.8173474384137274
26,27,3.837611962510399
26,28,7.235021682930003
26,29,8.24620730499463
26,30,5.856019435199644
26,31,5.206708403837873
26,32,5.315351157058577
26,33,5.197351645631064
26,34,8.002795716435683
26,35,11.208270214269472
26,36,13.795618696843665
26,37,17.290290209630655
26,38,20.105451094382115
26,39,23.343895193720872
26,40,26.70761463854914
26,41,28.051861370374162
26,42,25.29103764115602
26,43,23.318574868866317
26,44,19.497216146005126
26,45,18.26056781046608
26,46,15.10232234339003
26,47,15.334414493635517
26,48,14.618734154047031
26,49,11.830053559162593
26,50,14.739439171275087
26,51,14.67709169131791
26,52,18.588840416839798
26,53,19.094728599386908
26,54,16.588632286338946
26,55,18.118077353522718
26,56,21.581081641303943
26,57,20.963421975830705
26,58,19.4568729310456
26,59,22.632120381866812
26,60,24.919193840633266
26,61,23.59604479964392
26,62,24.275643054681897
26,63,27.70280183138022
27,1,7.70216181457372
27,2,8.919045422772596
27,3,8.821844335521181
27,4,9.117678482130067
27,5,11.768498336593069
27,6,13.240382446024297
27,7,15.417423173109372
27,8,18.219924762848084
27,9,18.48125405179915
27,10,21.763004930715116
27,11,23.7087227471367
27,12,27.15223370111221
27,13,26.50082347838713
27,14,28.717099166119617
27,15,27.102041552276727
27,16,30.078108852960153
27,17,28.50240911019081
27,18,25.026290054520857
27,19,24.860405046730754
27,20,21.24105528931189
27,21,18.00540018982724
27,22,14.402721668378916
27,23,12.107157628493917
27,24,8.395908324293831
27,25,6.349218609823867
27,26,3.837611962510399
27,28,3.838323140516733
27,29,5.505382482742163
27,30,5.03214509570707
27,31,6.260334313270257
27,32,7.8618641641164855
27,33,8.484320448350061
27,34,10.33850195581884
27,35,13.5439883815155
27,36,15.362252730692445
27,37,18.972824436059014
27,38,21.27562161425356
27,39,24.75207245917578
27,40,28.010444250367375
27,41,29.103904061819563
27,42,25.997256266049064
27,43,24.173177368850336
27,44,20.381735920442512
27,45,19.728385149676793
27,46,16.95103786950044
27,47,17.892661984276238
27,48,17.692924341960435
27,49,15.214483689527054
27,50,18.366807529709007
