1,2,3.8863424281434904
1,3,6.216431439613467
1,4,9.285404230722607
1,5,11.172022524385191
1,6,11.153375296292248
1,7,14.70075802156338
1,8,17.733506901613875
1,9,20.324324394243174
1,10,20.599064452745022
1,11,22.930330452184126
1,12,25.9291587616898
1,13,28.32569662624489
1,14,28.29359427503309
1,15,28.328209823442773
1,16,28.88868251753653
1,17,25.9439117340471
1,18,27.336900493077085
1,19,25.643351285237834
1,20,22.07957596630129
1,21,20.76525547054294
1,22,17.227017908386063
1,23,16.369747743206798
1,24,12.880290308198157
1,25,13.247360843222584
1,26,10.581618974852622
1,27,12.376973916920466
1,28,13.028343996418924
1,29,11.51077097338581
1,30,11.928768907193895
1,31,10.083257012974924
1,32,11.797619513158635
1,33,15.290231015578755
1,34,15.595149033136021
1,35,14.793694641837524
1,36,13.691367980906833
1,37,14.916221581704129
1,38,14.195601568801587
1,39,16.774404474529607
1,40,17.41019897965826
1,41,21.098198113763278
1,42,23.54742873330005
1,43,23.525259787322362
1,44,19.74442393066361
1,45,19.23685811777244
1,46,16.31354864271364
1,47,17.90955223503538
1,48,16.97294475545308
1,49,19.29400992966752
1,50,20.65711390742316
1,51,20.138411322600412
1,52,23.378754336622023
1,53,25.454307708681718
1,54,27.584747249604916
1,55,27.429527238073142
1,56,23.576729566131558
1,57,24.02725424073948
1,58,26.627240238491176
1,59,24.536736466423942
1,60,21.92439253417462
1,61,24.89210483915912
1,62,26.70907570180685
1,63,23.866699118154454
1,64,24.65589404808007
2,1,3.8863424281434904
2,3,3.809308267450669
2,4,5.770294334007059
2,5,7.360098298425268
2,6,7.934262100464021
2,7,11.375906052469611
2,8,14.211286356865802
2,9,16.993114307000035
2,10,17.562232220000627
2,11,20.270377561641936
2,12,23.118287970960456
2,13,25.833200892892236
2,14,26.05619554348043
2,15,26.546369170823144
2,16,27.513387051396226
2,17,24.84465735208597
2,18,26.68622269560513
2,19,24.89286238316977
2,20,21.39332298243306
2,21,20.744368638173647
2,22,17.18070343883771
2,23,15.724244676360765
2,24,12.065342036725811
2,25,11.75078322041288
2,26,8.577350372018087
2,27,10.167188480235012
2,28,10.136054435940613
2,29,9.019334391429652
2,30,9.5517174877121
2,31,6.993783106836925
2,32,8.133844355588003
2,33,11.757924572636052
2,34,12.095240919610797
2,35,11.761501482913244
2,36,10.70506033047997
2,37,12.586252325064216
2,38,12.394303518086998
2,39,15.564044728919276
2,40,16.820713387214635
2,41,20.47018377628668
2,42,23.39201823719344
2,43,23.333041290183505
2,44,19.714084023099737
2,45,18.48554117577117
2,46,15.178378991050891
2,47,16.038750766163655
2,48,14.456835970017039
2,49,16.703882665988072
2,50,17.67189828136683
2,51,17.342397298728173
2,52,20.324928799251847
2,53,22.586082487297727
2,54,25.022502674465134
2,55,25.13408372661523
2,56,21.3481803339671
2,57,21.894962401604467
2,58,24.823196883408794
2,59,23.035557417788937
2,60,20.56915552541337
2,61,23.615538851934243
2,62,25.746709920205692
2,63,23.24601140824987
2,64,24.504262672822925
3,1,6.216431439613467
3,2,3.809308267450669
3,4,3.840064739725658
3,5,7.204653403689756
3,6,8.767955626663799
3,7,12.216759415781526
3,8,14.209871169773503
3,9,17.558779994110136
3,10,18.904105289922143
3,11,21.920287884049028
3,12,24.763439439220175
3,13,27.733493428081957
3,14,28.378101786725985
3,15,29.153193817813637
3,16,30.455046856772064
3,17,28.02115372755577
3,18,29.950905408546554
3,19,27.938219239885942
3,20,24.59546307346948
3,21,24.096376276491593
3,22,20.652863955242207
3,23,19.229991333149485
3,24,15.629916231773686
3,25,15.112548221959907
3,26,11.72189724732424
3,27,12.64372824812171
3,28,11.489187347219628
3,29,9.678574079021121
3,30,8.709514466592923
3,31,5.522659786138238
3,32,7.873318115806314
3,33,11.63992932969046
3,34,12.982470251757539
3,35,13.69781366268053
3,36,12.950803776631702
3,37,15.340197644030562
3,38,15.24586073148639
3,39,18.58749840367062
3,40,19.775209674327325
3,41,23.275022399024103
3,42,26.25164709987778
3,43,25.787406629645456
3,44,22.206853582921877
3,45,20.661258469663817
3,46,17.50354348350763
3,47,18.216390372751224
3,48,16.450409851404157
3,49,18.90627443928098
3,50,19.56510457247558
3,51,19.553886989414213
3,52,22.12239635175095
3,53,24.59249926805404
3,54,27.34887651866819
3,55,27.68094472919373
3,56,24.008491229624195
3,57,24.652250726861467
3,58,27.790635917062584
3,59,26.187651252596545
3,60,23.848888733770384
3,61,26.88159355431152
3,62,29.166131867505204
3,63,26.806068239545013
3,64,28.190888595982592
4,1,9.285404230722607
4,2,5.770294334007059
4,3,3.840064739725658
4,5,3.8713076370877513
4,6,6.4343502540569215
4,7,9.29065811668527
4,8,10.732299658006646
4,9,14.273346215502263
4,10,16.01478562625015
4,11,19.309100203544773
4,12,21.96156792544067
4,13,25.167702981149507
4,14,26.1127103410988
4,15,27.287894625596437
4,16,28.975606451111187
4,17,26.893066993840154
4,18,29.13987759247247
4,19,27.029220411721642
4,20,23.88015656194419
4,21,23.9669877008113
4,22,20.672481894482473
4,23,18.905962076436232
4,24,15.476978813244635
4,25,14.591258266861121
4,26,11.29421971715409
4,27,12.05732065728574
4,28,10.306486669713376
4,29,9.421412981023183
4,30,8.734543416340813
4,31,4.8595666673689815
4,32,5.566131315813322
4,33,9.229243182127169
4,34,10.492687161358273
4,35,11.832579028733035
4,36,11.014197441988802
4,37,13.79060025698391
4,38,14.078192562725928
4,39,17.68170747129442
4,40,19.281966994593102
4,41,22.567975438406577
4,42,25.857466196545655
4,43,25.343972562965572
4,44,22.031748684476277
4,45,19.896131597616613
4,46,16.588895670652263
4,47,16.573284610716758
4,48,14.31240822827931
4,49,16.657081360437168
4,50,16.945164317414587
4,51,17.318705704128977
4,52,19.511684555578555
4,53,22.006407241074765
4,54,25.052219364912265
4,55,25.55107982594698
4,56,22.069133122594874
4,57,22.916421782180223
4,58,26.232768577252614
4,59,24.88700871793137
4,60,22.857601638923583
4,61,25.93731141737218
4,62,28.365656684416013
4,63,26.320360726613295
4,64,28.138532645886585
5,1,11.172022524385191
5,2,7.360098298425268
5,3,7.204653403689756
5,4,3.8713076370877513
5,6,3.8336846857913462
5,7,5.698653671696106
5,8,7.38696082565605
5,9,10.680729645687832
5,10,12.2526533841764
5,11,15.661220091279061
5,12,18.161600464712272
5,13,21.446008226148855
5,14,22.430919832280548
5,15,23.81648610716429
5,16,25.690152489881086
5,17,23.839817393901942
5,18,26.32223361769847
5,19,24.238702951141274
5,20,21.23569337327661
5,21,21.830110154627945
5,22,18.705020173361273
5,23,16.63753659421457
5,24,13.509992416530025
5,25,12.436163337125052
5,26,9.627649626253039
5,27,10.668640541407196
5,28,9.177493425093527
5,29,9.812108070059873
5,30,10.351369773335064
5,31,6.9319847955870095
5,32,5.031243182121072
5,33,7.99912158691245
5,34,8.01862317839217
5,35,9.192630008486832
5,36,7.869375569132408
5,37,10.69645908752933
5,38,11.321705155788074
5,39,15.033356039851592
5,40,17.06720725063817
5,41,20.15524544164091
5,42,23.682814096564627
5,43,23.359646744573073
5,44,20.338613501880417
5,45,17.837281546664983
5,46,14.346780651149604
5,47,13.616600611040237
5,48,10.914200902834471
5,49,13.028622539540422
5,50,13.171612860410082
5,51,13.852780576512087
5,52,15.97296043620128
5,53,18.298372864691906
5,54,21.462707900882766
5,55,21.93414178147506
5,56,18.57209820900644
5,57,19.641489971128344
5,58,22.97671984922271
5,59,21.746640190236683
5,60,20.02248479905259
5,61,23.169267625071132
5,62,25.591704662032544
5,63,23.77483368527979
5,64,25.957134822439045
6,1,11.153375296292248
6,2,7.934262100464021
6,3,8.767955626663799
6,4,6.4343502540569215
6,5,3.8336846857913462
6,7,3.799787443849874
6,8,6.739125840535596
6,9,9.298732523936927
6,10,10.368948948884885
6,11,13.247779663468709
6,12,16.260479477742994
6,13,19.173552902301545
6,14,20.211800995350444
6,15,21.199771734044212
6,16,23.06269902686873
6,17,21.279359725123175
6,18,23.461871658432432
6,19,21.07800845998628
6,20,18.231890567595226
6,21,18.749809865413763
6,22,15.885483758249661
6,23,14.302194316856413
6,24,11.599077990439392
6,25,11.543620161505798
6,26,9.644953098851918
6,27,11.900216087205957
6,28,11.552847432638405
6,29,12.636165158752082
6,30,13.655284901702608
6,31,10.242034655908254
6,32,8.53677268040394
6,33,11.33001744649176
6,34,10.322015848152633
6,35,10.328583178780875
6,36,7.611561716091504
6,37,9.133158601677538
6,38,8.593909511052281
6,39,12.055486063726214
6,40,13.673953621403339
6,41,16.641509534672355
6,42,20.107366579118626
6,43,19.595432476821983
6,44,16.61183158105904
6,45,14.03501451463613
6,46,10.629726700198866
6,47,10.204221684856918
6,48,8.108808171455726
6,49,11.023385882772043
6,50,12.219056846982111
6,51,13.501879691660312
6,52,16.092330702640627
6,53,17.69225665152185
6,54,20.78148156426352
6,55,20.58639179912034
6,56,17.187642270818465
6,57,18.852225033874745
6,58,21.796571312918083
6,59,20.04294145397488
6,60,18.724313234888218
6,61,22.217754555001584
6,62,24.159319534220568
6,63,22.016959245262793
6,64,24.424995467859716
7,1,14.70075802156338
7,2,11.375906052469611
7,3,12.216759415781526
7,4,9.29065811668527
7,5,5.698653671696106
7,6,3.799787443849874
7,8,3.8107329087145647
7,9,5.633000512921767
7,10,6.80797201225444
7,11,10.062964208686525
7,12,12.803855464853534
7,13,15.973096422647137
7,14,17.299572447659727
7,15,18.76263453470283
7,16,21.041079958519983
7,17,19.736796364568143
7,18,22.2662119835081
7,19,19.907240438206035
7,20,17.41788035416454
7,21,18.695517767882265
7,22,16.217592239969655
7,23,14.303061906151623
7,24,12.234875748235682
7,25,11.830662833772253
7,26,10.676991098919958
7,27,12.636424694070104
7,28,12.227344368772947
7,29,14.20262551674628
7,30,15.593080276395739
7,31,12.5034185825091
7,32,9.793590184881788
7,33,11.462571729914687
7,34,9.664381418234901
7,35,9.752970826899286
7,36,6.866266614176172
7,37,8.141789020521314
7,38,8.219986739053695
7,39,11.513791209907245
7,40,13.661029356018794
7,41,16.105486183865462
7,42,19.809898646491117
7,43,19.44030224599399
7,44,17.01204178357596
7,45,13.928783139995831
7,46,10.58947271701807
7,47,8.827534064194982
7,48,5.89730165726332
7,49,8.389068931388504
7,50,9.209170641276414
7,51,11.234694325123984
7,52,13.363433609730922
7,53,14.676473864692895
7,54,18.024155926888117
7,55,17.89141450946932
7,56,14.829860482501992
7,57,16.825137453954298
7,58,19.799611774662356
7,59,18.358448978819258
7,60,17.557263013066592
7,61,20.990105754693115
7,62,22.960178361091703
7,63,21.256850724100595
7,64,24.085951268206536
8,1,17.733506901613875
8,2,14.211286356865802
8,3,14.209871169773503
8,4,10.732299658006646
8,5,7.38696082565605
8,6,6.739125840535596
8,7,3.8107329087145647
8,9,3.8874313579551836
8,10,7.04839432185647
8,11,10.513115466824601
8,12,12.74511197609215
8,13,16.20118347890659
8,14,18.18779277212188
8,15,20.166898577096045
8,16,22.914429556344583
8,17,22.137865955935034
8,18,24.799741390744504
8,19,22.336243919230768
8,20,20.260178509985494
8,21,21.877986840940682
8,22,19.685260876323728
8,23,17.776175849728034
8,24,15.924132873209599
8,25,15.260958188238083
8,26,14.003929979577654
8,27,15.362109309154889
8,28,14.220725098782337
8,29,16.12595049495048
8,30,17.006150309976054
8,31,13.906943330657688
8,32,11.122269955278552
8,33,12.141171479459935
8,34,10.838546199009587
8,35,11.935057086277963
8,36,9.7813864317579
8,37,11.337477011713277
8,38,11.70763351755149
8,39,14.708444208983702
8,40,16.775776064706868
8,41,18.757185236687384
8,42,22.437111127667382
8,43,21.760431445593117
8,44,19.688470019937515
8,45,16.26417723861343
8,46,13.379886126519287
8,47,11.225601411566043
8,48,8.407572104159334
8,49,10.34158395502462
8,50,10.341610204906308
8,51,12.887480521204356
8,52,14.040504380146093
8,53,15.326104154635889
8,54,18.999999758536934
8,55,19.15689267185444
8,56,16.61738408176286
8,57,18.72338497123986
8,58,21.772139889548576
8,59,20.732134860596137
8,60,20.281645159796156
8,61,23.53162194738746
8,62,25.59723813969372
8,63,24.24519688043551
8,64,27.258825214877035
9,1,20.324324394243174
9,2,16.993114307000035
9,3,17.558779994110136
9,4,14.273346215502263
9,5,10.680729645687832
9,6,9.298732523936927
9,7,5.633000512921767
9,8,3.8874313579551836
9,10,3.864068110586885
9,11,7.050683496891549
9,12,9.025591628129705
9,13,12.471678465404661
9,14,14.743791604322995
9,15,16.945890867534125
9,16,19.986266083754824
9,17,19.71031510639273
9,18,22.454570745909567
9,19,20.008456752088005
9,20,18.411975104131184
9,21,20.570788870525185
9,22,18.90416318923995
9,23,17.04092929706938
9,24,15.983382323841145
9,25,15.532235117967506
9,26,15.207126350097205
9,27,16.77946312501359
9,28,16.21848645263358
9,29,18.713251410844634
9,30,20.116212872228243
9,31,17.25679723668893
9,32,14.13213198563354
9,33,14.656614514297177
9,34,12.532042002135121
9,35,12.923635293736199
9,36,10.484242368729303
9,37,10.981767918315384
9,38,11.299724543151784
9,39,13.590471961019519
9,40,15.76068837775299
9,41,17.10428065083222
9,42,20.78316122629763
9,43,20.278846698022715
9,44,18.798128178392197
9,45,15.192652231800201
9,46,12.658916826459045
9,47,9.684077468418868
9,48,7.03690851010572
9,49,8.23319880364875
9,50,8.344836173077029
9,51,11.687441987153614
9,52,12.525481284896381
9,53,12.91900234397906
9,54,16.581201603756618
9,55,16.391385998458308
9,56,14.331726054237025
9,57,16.931197709133095
9,58,19.625677430365823
9,59,18.646301962659873
9,60,18.86771870914977
9,61,22.070653614203728
9,62,23.840807344603792
9,63,22.75110013868993
9,64,26.089015446938888
10,1,20.599064452745022
10,2,17.562232220000627
10,3,18.904105289922143
10,4,16.01478562625015
10,5,12.2526533841764
10,6,10.368948948884885
10,7,6.80797201225444
10,8,7.04839432185647
10,9,3.864068110586885
10,11,3.842941511792343
10,12,6.016798819967168
10,13,9.370919144587985
10,14,11.13976000121731
10,15,13.264694711430229
10,16,16.20337475530002
10,17,15.933321645969748
10,18,18.808985406489917
10,19,16.58995705887465
10,20,15.059243485616802
10,21,17.567697830467814
10,22,16.155549138056397
10,23,14.19050343815483
10,24,13.783303108201553
10,25,13.513722763112684
10,26,14.11042235842667
10,27,15.973761611097705
10,28,16.238054257801615
10,29,19.18362412064106
10,30,21.228676141013718
10,31,18.666062204786133
10,32,15.34927377331077
10,33,15.740084190173603
10,34,12.84683525559335
10,35,12.168619664115564
10,36,9.421610629550292
10,37,8.733793580872288
10,38,9.117750821923982
10,39,10.78187430883053
10,40,13.291585681368357
10,41,14.387041767308451
10,42,18.114855121107297
10,43,18.17425682662463
10,44,16.968747864621655
10,45,13.573362623974983
10,46,11.01728013542652
10,47,7.428132397309564
10,48,4.745897193351553
10,49,4.743906638853737
10,50,5.550019622347445
10,51,9.234428422930048
10,52,10.478851366532217
10,53,10.102531682148582
10,54,13.489085262495067
10,55,12.822708170252586
10,56,10.750391049683461
10,57,13.694328359643771
10,58,16.071569161781877
10,59,14.945985763661776
10,60,15.50955491608245
10,61,18.730956917396988
10,62,20.24981285989763
10,63,19.244017533671155
10,64,22.72778511301527
11,1,22.930330452184126
11,2,20.270377561641936
11,3,21.920287884049028
11,4,19.309100203544773
11,5,15.661220091279061
11,6,13.247779663468709
11,7,10.062964208686525
11,8,10.513115466824601
11,9,7.050683496891549
11,10,3.842941511792343
11,12,3.7908690352624688
11,13,6.040821337562538
11,14,8.161932955213603
11,15,10.018087292006202
11,16,13.271074757124085
11,17,13.634903019676106
11,18,16.25504440507084
11,19,13.872720432668048
11,20,13.11383090132122
11,21,16.025487413967845
11,22,15.442364053893424
11,23,14.026971519022496
11,24,14.629996334570135
11,25,15.040208406342897
11,26,16.42334924395969
11,27,18.641902613841616
11,28,19.437479362400737
11,29,22.472706474426307
11,30,24.711006457049297
11,31,22.13977211267461
11,32,18.92189916690761
11,33,19.40065810238456
11,34,16.3110179473767
11,35,15.108159316453206
11,36,12.177569210661023
11,37,10.385127353324831
11,38,9.993120861639953
11,39,10.263741227268154
11,40,12.26893317888206
11,41,12.369493856599009
11,42,15.83771293684818
11,43,15.988257742265516
11,44,15.537157476152775
11,45,12.2217902426095
11,46,10.532868528503698
11,47,6.76859018303798
11,48,5.9910378270541536
11,49,5.448053687230283
11,50,7.34113178885058
11,51,10.944901121355093
11,52,12.166610703176122
11,53,10.539823692443317
11,54,13.291924518863379
11,55,11.642100357712318
11,56,10.232864961874796
11,57,13.807934759289532
11,58,15.318848061576137
11,59,13.847736133144094
11,60,15.302152933831698
11,61,18.50040317890405
11,62,19.334481138066934
11,63,18.348336762877214
11,64,22.070931946500085
12,1,25.9291587616898
12,2,23.118287970960456
12,3,24.763439439220175
12,4,21.96156792544067
12,5,18.161600464712272
12,6,16.260479477742994
12,7,12.803855464853534
12,8,12.74511197609215
12,9,9.025591628129705
12,10,6.016798819967168
12,11,3.7908690352624688
12,13,3.8629768842907244
12,14,6.265076936049891
12,15,9.314982414019134
12,16,12.827762453647715
12,17,13.86816643785796
12,18,16.852324891112122
12,19,15.100039162799
12,20,14.769790535665667
12,21,18.126144386881645
12,22,17.779336464305413
12,23,16.023587822354262
12,24,16.896589467708402
12,25,16.76870867527151
12,26,18.37489318407067
12,27,20.07472538096358
12,28,20.791906964575077
12,29,24.135704112724174
12,30,26.544163336429577
12,31,24.313933261387238
12,32,20.80151890022893
12,33,20.616331154413587
12,34,17.34531939940107
12,35,16.220296767623896
12,36,13.945359059613207
12,37,12.312796971105339
12,38,12.777435680020805
12,39,12.869418187103348
12,40,15.192646147770512
12,41,14.966589087788613
12,42,18.218070246435175
12,43,18.779482410046352
12,44,18.730483386731144
12,45,15.629816758806296
12,46,14.07719679235001
12,47,10.290206674836206
12,48,9.160097363700825
12,49,7.1337170011424265
12,50,7.435325739496875
12,51,10.835799441581843
12,52,10.958740111370167
12,53,8.522778800277392
12,54,11.065488857660089
12,55,9.616447407038624
12,56,9.399369693073913
12,57,12.850977275410152
12,58,14.111860019416175
12,59,13.466791413924302
12,60,15.409753969111849
12,61,18.033718732553165
12,62,18.91426004460638
12,63,18.694264693518925
12,64,22.506133403178012
13,1,28.32569662624489
13,2,25.833200892892236
13,3,27.733493428081957
13,4,25.167702981149507
13,5,21.446008226148855
13,6,19.173552902301545
13,7,15.973096422647137
13,8,16.20118347890659
13,9,12.471678465404661
13,10,9.370919144587985
13,11,6.040821337562538
13,12,3.8629768842907244
13,14,3.8522648164261164
13,15,6.546389238367545
13,16,10.330413453371007
13,17,12.28404739902581
13,18,14.842872193286196
13,19,13.192878817238148
13,20,13.821045352609422
13,21,17.407909590006682
13,22,17.876568907160465
13,23,16.671707287430266
13,24,18.326234450555344
13,25,18.7243039767457
13,26,20.86103767244927
13,27,22.831590490851404
13,28,23.968664271998875
13,29,27.337682510276068
13,30,29.90114633914567
13,31,27.65656826924726
13,32,24.237875249714296
13,33,24.19910251631564
13,34,20.80938794772842
13,35,19.293988316726704
13,36,16.86616772515443
13,37,14.590578613980488
13,38,14.514529446278164
13,39,13.583225770514447
13,40,15.328787049528966
13,41,14.185938125846654
13,42,16.882507005841195
13,43,17.64680360380097
13,44,18.355863827924985
13,45,15.630183402124736
13,46,14.883230030301146
13,47,11.445068499956214
13,48,11.470693293582508
13,49,9.528703273538158
13,50,10.537146558363487
13,51,13.47127249413783
13,52,13.742842163287673
13,53,10.615370524272084
13,54,12.064959308889598
13,55,9.608603784248697
13,56,10.29234635828488
13,57,13.928370182838337
13,58,14.136042371098178
13,59,13.213621518324146
13,60,15.948441905063657
13,61,18.366697854941943
13,62,18.48008114548245
13,63,18.344554354385043
13,64,22.23667941594564
14,1,28.29359427503309
14,2,26.05619554348043
14,3,28.378101786725985
14,4,26.1127103410988
14,5,22.430919832280548
14,6,20.211800995350444
14,7,17.299572447659727
14,8,18.18779277212188
14,9,14.743791604322995
14,10,11.13976000121731
14,11,8.161932955213603
14,12,6.265076936049891
14,13,3.8522648164261164
14,15,3.807253479925232
14,16,7.125219339982608
14,17,9.131485211371748
14,18,12.023141411736736
14,19,11.22808528471977
14,20,11.841616165287965
14,21,15.623653088896782
14,22,16.266861437059628
14,23,14.925939336103308
14,24,17.078558375634728
14,25,17.44542836855163
14,26,20.12046379379474
14,27,22.031744116668524
14,28,23.67378550668583
14,29,27.17192209130655
14,30,30.093046020296704
14,31,28.18195761743407
14,32,24.760323409144434
14,33,24.617608439858557
14,34,20.979330874825465
14,35,18.897332201158406
14,36,16.704795779245284
14,37,13.979840141094371
14,38,14.167221282454465
14,39,12.703609521678835
14,40,14.67782825742909
14,41,13.528087712739863
14,42,16.026343581774196
14,43,17.620487649294706
14,44,18.340891192846474
14,45,16.21682517162972
14,46,15.326962960899472
14,47,12.131735325879012
14,48,12.223452390047479
14,49,9.55232680027466
14,50,10.568283047360266
14,51,12.567063039513494
14,52,13.096127685792395
14,53,9.611987789517212
14,54,9.93957367062754
14,55,6.712561998612323
14,56,7.925316619373276
14,57,11.395993815268115
14,58,10.842069115579598
14,59,9.91487540742665
14,60,13.087720064402419
14,61,15.165548621043513
14,62,14.934095655878046
14,63,15.095221333052987
14,64,18.959279630164573
15,1,28.328209823442773
15,2,26.546369170823144
15,3,29.153193817813637
15,4,27.287894625596437
15,5,23.81648610716429
15,6,21.199771734044212
15,7,18.76263453470283
15,8,20.166898577096045
15,9,16.945890867534125
15,10,13.264694711430229
15,11,10.018087292006202
15,12,9.314982414019134
15,13,6.546389238367545
15,14,3.807253479925232
15,16,3.8269659568966223
15,17,6.440756600943643
15,18,8.60004906077596
15,19,7.8195630201574495
15,20,9.251557513161465
15,21,12.994802353451284
15,22,14.393668968857217
15,23,13.813624404422955
15,24,16.618197311930388
15,25,17.711408517505145
15,26,20.752183974394693
15,27,23.08775137715297
15,28,25.178184028298123
15,29,28.511693735802638
15,30,31.51726653347226
15,31,29.532961470578226
15,32,26.371427228888372
15,33,26.63958067463767
15,34,22.994401362165394
15,35,20.51966670277758
15,36,18.018163596684367
15,37,14.761581645566388
15,38,14.201710879792948
15,39,11.808895591714913
15,40,13.02665812558496
15,41,11.197671759753804
15,42,13.075955365387587
15,43,15.067302771875244
15,44,16.232406619274244
15,45,14.756339998236388
15,46,14.490434242067673
15,47,12.016888025807605
15,48,13.120771612072542
15,49,11.029236096482435
15,50,12.959823662029777
15,51,14.625441480422973
15,52,15.869698350677846
15,53,12.604997420642603
15,54,12.448774889537967
15,55,8.734984926837672
15,56,9.416282115621708
15,57,12.753685771926122
15,58,11.440220631176887
15,59,9.495248684256627
15,60,12.93957609836496
15,61,15.120929101402252
15,62,14.02256463320782
15,63,13.649121523032527
15,64,17.433475066108276
16,1,28.88868251753653
16,2,27.513387051396226
16,3,30.455046856772064
16,4,28.975606451111187
16,5,25.690152489881086
16,6,23.06269902686873
16,7,21.041079958519983
16,8,22.914429556344583
16,9,19.986266083754824
16,10,16.20337475530002
16,11,13.271074757124085
16,12,12.827762453647715
16,13,10.330413453371007
16,14,7.125219339982608
16,15,3.8269659568966223
16,17,3.841334388974751
16,18,5.462952950133415
16,19,6.306412032636212
16,20,8.06756359625682
16,21,11.542807445473423
16,22,13.440464125736264
16,23,13.198321798141958
16,24,16.531934155060956
16,25,17.86057977357193
16,26,21.294851182084926
16,27,23.664961995673124
16,28,26.214160255716507
16,29,29.481312998450896
16,30,32.70030460791367
16,31,30.954223189414087
16,32,27.956662177469244
16,33,28.298649154804146
16,34,24.595700616295744
16,35,21.706216950465052
16,36,19.36901191533518
16,37,15.84121591445048
16,38,15.224679208807322
16,39,12.301563662181579
16,40,13.2193826401531
16,41,11.303072242965621
16,42,12.449308783400479
16,43,15.237710400664463
16,44,16.49260082532003
16,45,15.871604437150584
16,46,15.7379688038149
16,47,13.918294530920862
16,48,15.248547945719048
16,49,13.142373920299228
16,50,15.15029954962956
16,51,16.023320202642864
16,52,17.59639830461234
16,53,14.493233008738878
16,54,13.518692492189889
16,55,9.704818183078928
16,56,10.312244928281652
16,57,12.921496815704744
16,58,10.709905769032435
16,59,8.340788758742383
16,60,11.929787597064662
16,61,13.663034705290183
16,62,11.705634257179778
16,63,11.282611714714434
16,64,14.800713358866902
17,1,25.9439117340471
17,2,24.84465735208597
17,3,28.02115372755577
17,4,26.893066993840154
17,5,23.839817393901942
17,6,21.279359725123175
17,7,19.736796364568143
17,8,22.137865955935034
17,9,19.71031510639273
17,10,15.933321645969748
17,11,13.634903019676106
17,12,13.86816643785796
17,13,12.28404739902581
17,14,9.131485211371748
17,15,6.440756600943643
17,16,3.841334388974751
17,18,3.878580785414853
17,19,5.377763394860721
17,20,5.3754711559261095
17,21,8.638444623278453
17,22,10.151193911532312
17,23,9.803846774000752
17,24,13.330566206395265
17,25,14.833624511502247
17,26,18.44517992702663
17,27,20.915096381354708
17,28,23.784163484642676
17,29,26.887251348905806
17,30,30.201364577816637
17,31,28.622070348401284
17,32,25.845390802504824
17,33,26.37862462145563
17,34,22.73314601374839
17,35,19.535631342303148
17,36,17.25238994020319
17,37,13.579466908195165
17,38,12.932723592793014
17,39,9.862615213712957
17,40,10.965740396299314
17,41,9.836770499534614
17,42,11.221120437338897
17,43,14.462184464375287
17,44,14.982827744065315
17,45,14.77105766217376
17,46,14.151701201591704
17,47,12.797930663919393
17,48,14.034337558208398
17,49,12.087048234487815
17,50,14.325812278286836
17,51,14.572236719189565
17,52,16.801880981711257
17,53,14.32150207066067
17,54,13.390190993597987
17,55,9.907058255621338
17,56,9.261984546650961
17,57,11.402412357683417
17,58,9.417009699678445
17,59,6.090890690026432
17,60,9.044977391909974
17,61,11.152736530073936
17,62,9.166338448581365
17,63,7.84495441983076
17,64,11.401946658031981
18,1,27.336900493077085
18,2,26.68622269560513
18,3,29.950905408546554
18,4,29.13987759247247
18,5,26.32223361769847
18,6,23.461871658432432
18,7,22.2662119835081
18,8,24.799741390744504
18,9,22.454570745909567
18,10,18.808985406489917
18,11,16.25504440507084
18,12,16.852324891112122
18,13,14.842872193286196
18,14,12.023141411736736
18,15,8.60004906077596
18,16,5.462952950133415
18,17,3.878580785414853
18,19,3.8682844602828457
18,20,5.518154999409121
18,21,7.633805721337423
18,22,10.4106281425102
18,23,11.377905978285911
18,24,15.162082579958623
18,25,17.329319662571155
18,26,20.930040458032853
18,27,23.695867260761492
18,28,26.726912560889748
18,29,29.59132682276178
18,30,32.82561612935065
18,31,31.117234414735712
18,32,28.613025955320683
18,33,29.48578871411628
18,34,25.95338753432167
18,35,22.698904996726235
18,36,20.19324433337509
18,37,16.41665201535537
18,38,15.076178429345012
18,39,11.52365253998588
18,40,11.36482317104144
18,41,9.431154218369173
18,42,9.407023131112112
18,43,13.000637866347281
18,44,14.124585058167806
18,45,14.77542772544679
18,46,15.017848196705465
18,47,14.501182859073484
18,48,16.491975588768216
18,49,15.199269866978337
18,50,17.835838149541683
18,51,18.217077075564102
18,52,20.614549510827608
18,53,18.158756664162684
18,54,17.225849856391225
18,55,13.683446861789234
18,56,13.11281460179921
18,57,15.154099975827341
18,58,12.974114294526633
18,59,9.654092649291517
18,60,12.161270941804826
18,61,14.051540361059473
18,62,11.405294440972192
18,63,9.553627447115769
18,64,12.337516358700404
19,1,25.643351285237834
19,2,24.89286238316977
19,3,27.938219239885942
19,4,27.029220411721642
19,5,24.238702951141274
19,6,21.07800845998628
19,7,19.907240438206035
19,8,22.336243919230768
19,9,20.008456752088005
19,10,16.58995705887465
19,11,13.872720432668048
19,12,15.100039162799
19,13,13.192878817238148
19,14,11.22808528471977
19,15,7.8195630201574495
19,16,6.306412032636212
19,17,5.377763394860721
19,18,3.8682844602828457
19,20,3.882751997158007
19,21,6.346647036076426
19,22,9.270406922838802
19,23,10.712464461441144
19,24,14.229536546599167
19,25,16.789788135588303
19,26,20.050804135325745
19,27,23.15183474005901
19,28,25.907192511785244
19,29,28.64068669368323
19,30,31.60650883901923
19,31,29.508088536996258
19,32,27.086572360421417
19,33,28.269407058998564
19,34,24.880320752618726
19,35,21.888841799882577
19,36,18.918826279214265
19,37,15.16033991312629
19,38,13.149346152123746
19,39,9.47879564545597
19,40,8.644622315605735
19,41,5.978467646032652
19,42,6.24845722748277
19,43,9.478469262711076
19,44,10.792047360274934
19,45,11.164244431469575
19,46,11.852367988717726
19,47,11.545260731733567
19,48,14.113573204174761
19,49,13.541869432199338
19,50,16.691843321973103
19,51,17.758346749288123
19,52,20.323987388817915
19,53,17.976899792395127
19,54,17.850035139083747
19,55,14.29119143362205
19,56,13.261378511817101
19,57,15.998926790269223
19,58,14.598233849104432
19,59,11.08025541449569
19,60,13.38603111611403
19,61,16.0492998482735
19,62,14.082718936298516
19,63,11.830889906474633
19,64,14.882537916190419
20,1,22.07957596630129
20,2,21.39332298243306
20,3,24.59546307346948
20,4,23.88015656194419
20,5,21.23569337327661
20,6,18.231890567595226
20,7,17.41788035416454
20,8,20.260178509985494
20,9,18.411975104131184
20,10,15.059243485616802
20,11,13.11383090132122
20,12,14.769790535665667
20,13,13.821045352609422
20,14,11.841616165287965
20,15,9.251557513161465
20,16,8.06756359625682
20,17,5.3754711559261095
20,18,5.518154999409121
20,19,3.882751997158007
20,21,3.806989607435163
20,22,5.652067217389783
20,23,6.8435180730608245
20,24,10.400596173398716
20,25,13.085915778553888
20,26,16.368700862597095
20,27,19.5310569472359
20,28,22.42837583434548
20,29,25.04155740654202
20,30,28.05555710086622
20,31,26.09790789374018
20,32,23.806493838299385
20,33,25.093039748107675
20,34,21.785156526219225
20,35,18.639072143025828
20,36,15.723685526460608
20,37,11.945444994421074
20,38,9.93720478165962
20,39,6.219737135925417
20,40,5.962819192407897
20,41,5.082450775092129
20,42,6.812798617960309
20,43,10.029977713404206
20,44,9.880323926265573
20,45,10.188279376191678
20,46,9.784333273027435
20,47,9.686666553445157
20,48,11.859592500362664
20,49,11.417043794329635
20,50,14.634566640254548
20,51,15.247611079991751
20,52,18.268935835697924
20,53,16.530413789224085
20,54,16.638840127480357
20,55,13.525978254473106
20,56,11.540976626755356
20,57,13.947494577336462
20,58,13.17258761244588
20,59,9.377567364782344
20,60,10.719712707720706
20,61,13.833036802581656
20,62,12.448521737862038
20,63,9.574929240464023
20,64,12.60784271343151
21,1,20.76525547054294
21,2,20.744368638173647
21,3,24.096376276491593
21,4,23.9669877008113
21,5,21.830110154627945
21,6,18.749809865413763
21,7,18.695517767882265
21,8,21.877986840940682
21,9,20.570788870525185
21,10,17.567697830467814
21,11,16.025487413967845
21,12,18.126144386881645
21,13,17.407909590006682
21,14,15.623653088896782
21,15,12.994802353451284
21,16,11.542807445473423
21,17,8.638444623278453
21,18,7.633805721337423
21,19,6.346647036076426
21,20,3.806989607435163
21,22,3.8205348010780873
21,23,6.899620799972492
21,24,10.186768934253632
21,25,13.5279395512407
21,26,16.591041287916713
21,27,19.986246985815495
21,28,23.0847311838081
21,29,25.245381058758273
21,30,28.131967497033525
21,31,26.189291122861487
21,32,24.395969753038056
21,33,26.11046370421887
21,34,23.0908462365382
21,35,19.872573258640198
21,36,16.945235325878976
21,37,13.355202533601018
21,38,10.852482259855192
21,39,7.3252794085920545
21,40,5.6319984568761905
21,41,5.5412945652151615
21,42,5.983053020659058
21,43,9.314617534569813
21,44,8.53188670578515
21,45,10.13281435291923
21,46,10.039166782190403
21,47,11.275737509918219
21,48,13.696259665142103
21,49,13.987154525785428
21,50,17.316197319854847
21,51,17.641910374279384
21,52,20.996350147906913
21,53,19.704497387566153
21,54,19.869018556963614
21,55,16.989114547777174
21,56,14.663177079527904
21,57,16.62291036807278
21,58,15.994638249447888
21,59,12.15582300695934
21,60,12.610693273723479
21,61,15.633763246763762
21,62,14.171546597011929
21,63,10.65408696129294
21,64,12.739902088053771
22,1,17.227017908386063
22,2,17.18070343883771
22,3,20.652863955242207
22,4,20.672481894482473
22,5,18.705020173361273
22,6,15.885483758249661
22,7,16.217592239969655
22,8,19.685260876323728
22,9,18.90416318923995
22,10,16.155549138056397
22,11,15.442364053893424
22,12,17.779336464305413
22,13,17.876568907160465
22,14,16.266861437059628
22,15,14.393668968857217
22,16,13.440464125736264
22,17,10.151193911532312
22,18,10.4106281425102
22,19,9.270406922838802
22,20,5.652067217389783
22,21,3.8205348010780873
22,23,3.78468748894868
22,24,6.5239467528211375
22,25,10.06899882861851
22,26,12.952274158504087
22,27,16.406644627732465
22,28,19.546826788626202
22,29,21.54931081978921
22,30,24.436071025571575
22,31,22.61671777014882
22,32,20.959877818303323
22,33,22.770633909435706
22,34,19.914000379015974
22,35,16.66821330122968
22,36,13.855988721540138
22,37,10.516814111266294
22,38,8.133679710654345
22,39,5.3860330934184155
22,40,4.831328414237898
22,41,7.095355746091474
22,42,8.869253535583345
22,43,11.373057011116899
22,44,9.341628008804992
22,45,10.307771257200828
22,46,8.889667999905127
22,47,10.182743251973962
22,48,11.868891750215607
22,49,12.376661924920342
22,50,15.514682735707156
22,51,15.450137443163275
22,52,19.085223630478932
22,53,18.458479956004634
22,54,18.9575663947743
22,55,16.656551658551418
22,56,13.661797677921408
22,57,15.233119814229072
22,58,15.397358360555058
22,59,11.75894086742815
22,60,11.131602875826786
22,61,14.464153179095076
22,62,13.888034610165167
22,63,10.222678949846754
22,64,12.138435976284098
23,1,16.369747743206798
23,2,15.724244676360765
23,3,19.229991333149485
23,4,18.905962076436232
23,5,16.63753659421457
23,6,14.302194316856413
23,7,14.303061906151623
23,8,17.776175849728034
23,9,17.04092929706938
23,10,14.19050343815483
23,11,14.026971519022496
23,12,16.023587822354262
23,13,16.671707287430266
23,14,14.925939336103308
23,15,13.813624404422955
23,16,13.198321798141958
23,17,9.803846774000752
23,18,11.377905978285911
23,19,10.712464461441144
23,20,6.8435180730608245
23,21,6.899620799972492
23,22,3.78468748894868
23,24,3.825974008646468
23,25,6.665651888158367
23,26,9.989306818780996
23,27,13.17613253830684
23,28,16.387756736418023
23,29,18.73933905625068
23,30,21.887778934544762
23,31,20.348819994682998
23,32,18.331673479513395
23,33,19.72706772823946
23,34,16.674107720212312
23,35,13.254994551961806
23,36,10.758951716025987
23,37,7.394308373772321
23,38,6.175736714117384
23,39,4.52320418095738
23,40,6.576677874092436
23,41,9.226469755789374
23,42,11.839309288264433
23,43,14.215090593216782
23,44,12.140624989042736
23,45,12.06570243420318
23,46,9.614704158687482
23,47,9.713219503970503
23,48,10.17609875030896
23,49,9.945339902375828
23,50,12.555673248063872
23,51,11.960293377953494
23,52,15.654416258539635
23,53,15.376420988239225
23,54,15.919757474275992
23,55,14.12312630641133
23,56,10.76225834754331
23,57,11.928151891091867
23,58,12.666031564062747
23,59,9.403699801237758
23,60,8.048325969752606
23,61,11.619559591650596
23,62,11.895505721136377
23,63,8.634973402583391
23,64,10.904318987076763
24,1,12.880290308198157
24,2,12.065342036725811
24,3,15.629916231773686
24,4,15.476978813244635
24,5,13.509992416530025
24,6,11.599077990439392
24,7,12.234875748235682
24,8,15.924132873209599
24,9,15.983382323841145
24,10,13.783303108201553
24,11,14.629996334570135
24,12,16.896589467708402
24,13,18.326234450555344
24,14,17.078558375634728
24,15,16.618197311930388
24,16,16.531934155060956
24,17,13.330566206395265
24,18,15.162082579958623
24,19,14.229536546599167
24,20,10.400596173398716
24,21,10.186768934253632
24,22,6.5239467528211375
24,23,3.825974008646468
24,25,3.854879861552601
24,26,6.437791498347236
24,27,9.913984766995277
24,28,13.050715022187534
24,29,15.104101123554859
24,30,18.158316329650347
24,31,16.656032808898868
24,32,14.874730334470282
24,33,16.533167685415105
24,34,13.82944355652931
24,35,10.544040707581631
24,36,8.170222851319025
24,37,5.757497030386896
24,38,5.100355997704757
24,39,5.982829328014303
24,40,8.300117513474891
24,41,11.70819333944192
24,42,14.604152356349388
24,43,16.317702322475025
24,44,13.575642612909858
24,45,13.079627747711527
24,46,9.88924498737702
24,47,10.111765745409864
24,48,9.612952987313095
24,49,9.997264299279594
24,50,12.130495643165883
24,51,11.247691015577706
24,52,15.097568282768494
24,53,15.737781188815742
24,54,16.852153908366798
24,55,15.805186320193442
24,56,12.0563169622402
24,57,12.796317316121264
24,58,14.502750112259733
24,59,11.873479869895352
24,60,9.67329356721777
24,61,13.134026228488127
24,62,14.337320813086151
24,63,11.427337123967646
24,64,13.198548941279853
25,1,13.247360843222584
25,2,11.75078322041288
25,3,15.112548221959907
25,4,14.591258266861121
25,5,12.436163337125052
25,6,11.543620161505798
25,7,11.830662833772253
25,8,15.260958188238083
25,9,15.532235117967506
25,10,13.513722763112684
25,11,15.040208406342897
25,12,16.76870867527151
25,13,18.7243039767457
25,14,17.44542836855163
25,15,17.711408517505145
25,16,17.86057977357193
25,17,14.833624511502247
25,18,17.329319662571155
25,19,16.789788135588303
25,20,13.085915778553888
25,21,13.5279395512407
25,22,10.06899882861851
25,23,6.665651888158367
25,24,3.854879861552601
25,26,3.8322147820758223
25,27,6.53039669853641
25,28,9.862282193167223
25,29,12.386298602395444
25,30,15.804811250126178
25,31,14.847050807948959
25,32,12.666419248555803
25,33,13.664790364615955
25,34,10.79852875863817
25,35,7.2351838226968015
25,36,5.9538295328247015
25,37,4.792552737537434
25,38,6.668313632836981
25,39,8.628245892764381
25,40,11.67934531036739
25,41,14.889534389072251
25,42,18.022205295373897
25,43,19.76022975905588
25,44,17.136743397363784
25,45,16.160564628264975
25,46,12.662342054244588
25,47,11.972622132568924
25,48,10.23565319179543
25,49,9.767199701751913
25,50,10.662176399460536
25,51,8.823366939657552
25,52,12.534921532276469
25,53,13.92030656957715
25,54,15.091036185586942
25,55,14.915416816264132
25,56,11.103368043561147
25,57,10.975956001811152
25,58,13.443224116142751
25,59,11.752306893218675
25,60,8.871330363412868
25,61,11.895990991092727
25,62,14.075670936347935
25,63,12.001450651137707
25,64,13.652345263856766
26,1,10.581618974852622
26,2,8.577350372018087
26,3,11.72189724732424
26,4,11.29421971715409
26,5,9.627649626253039
26,6,9.644953098851918
26,7,10.676991098919958
26,8,14.003929979577654
26,9,15.207126350097205
26,10,14.11042235842667
26,11,16.42334924395969
26,12,18.37489318407067
26,13,20.86103767244927
26,14,20.12046379379474
26,15,20.752183974394693
26,16,21.294851182084926
26,17,18.44517992702663
26,18,20.930040458032853
26,19,20.050804135325745
26,20,16.368700862597095
26,21,16.591041287916713
26,22,12.952274158504087
26,23,9.989306818780996
26,24,6.437791498347236
26,25,3.8322147820758223
26,27,3.833154592041428
26,28,6.6899839388961135
26,29,8.75429925864885
26,30,12.029023242955585
26,31,11.076971680342885
26,32,9.182172630067246
26,33,10.591830493478616
26,34,8.4393971907333
26,35,5.5740060210888585
26,36,5.0371969158441345
26,37,6.305610319379719
26,38,8.18598402427471
26,39,11.140289724487458
26,40,13.905575829752257
26,41,17.385685312269665
26,42,20.627897361493375
26,43,21.840596543460048
26,44,18.847610188145225
26,45,17.59697549402025
26,46,13.87218256657114
26,47,13.367689886075189
26,48,11.117135209342491
26,49,11.399852881751412
26,50,11.793922992207147
26,51,10.142936472214595
26,52,13.485670212204667
26,53,15.647458147363132
26,54,17.37904101192594
26,55,17.713592458147275
26,56,13.92132631163139
26,57,13.72907449187048
26,58,16.675936467095557
26,59,15.337317393152677
26,60,12.462253897106804
26,61,15.223479657556926
26,62,17.721698105148384
26,63,15.788469675436508
26,64,17.19866097424781
27,1,12.376973916920466
27,2,10.167188480235012
27,3,12.64372824812171
27,4,12.05732065728574
27,5,10.668640541407196
27,6,11.900216087205957
27,7,12.636424694070104
27,8,15.362109309154889
27,9,16.77946312501359
27,10,15.973761611097705
27,11,18.641902613841616
27,12,20.07472538096358
27,13,22.831590490851404
27,14,22.031744116668524
27,15,23.08775137715297
27,16,23.664961995673124
27,17,20.915096381354708
27,18,23.695867260761492
27,19,23.15183474005901
27,20,19.5310569472359
27,21,19.986246985815495
