1,2,3.890365733380402
1,3,6.733341288427936
1,4,9.42019470237738
1,5,12.11767864688371
1,6,13.435204912261558
1,7,12.50255146472024
1,8,15.792594598036784
1,9,19.16270194330379
1,10,21.203202646376965
1,11,20.896013323974234
1,12,22.592489072609336
1,13,25.84595811774388
1,14,27.77125619033781
1,15,27.549655815630878
1,16,27.07280165532898
1,17,27.309115863046795
1,18,24.36992458460383
1,19,25.251982588021338
1,20,23.272874189407336
1,21,19.95106866045027
1,22,18.15635318861364
1,23,14.914457643791255
1,24,14.801200571414485
1,25,11.978718129117416
1,26,13.50043172685192
1,27,11.81942546840842
1,28,14.486055446902075
1,29,15.669796153004567
1,30,14.606062372164624
1,31,15.40251121258954
1,32,13.529610160934963
1,33,14.783369118714225
1,34,18.23997559581599
1,35,18.149366609642538
1,36,16.66728065394144
1,37,14.868733323172512
1,38,15.05650111009727
1,39,13.389855187185926
1,40,15.129624472246705
1,41,15.018240021166283
1,42,18.688610668857876
1,43,20.800341466950467
1,44,20.792262130555997
1,45,16.967070721744715
1,46,16.968457901267538
1,47,14.527738029337439
1,48,16.674243087212886
1,49,16.71289073078702
1,50,19.200325886726407
1,51,21.215907899835035
1,52,20.917868202263328
1,53,24.46402774218307
1,54,26.005780169456727
1,55,27.901376472371066
1,56,27.20634920089491
1,57,23.39116268283425
1,58,24.14252888989792
1,59,26.269772493426473
1,60,23.74744130404655
1,61,21.361590636976917
1,62,24.466424398944458
1,63,25.831955968993555
1,64,22.721426591926395
1,65,23.484836439701084
2,1,3.890365733380402
2,3,3.891983148062182
2,4,6.211021720131876
2,5,9.3436108097007
2,6,11.325869403020175
2,7,11.486888339159115
2,8,14.914449392474218
2,9,17.950105130592405
2,10,20.506631301089065
2,11,20.682434302952736
2,12,22.9627426375102
2,13,26.030862771109575
2,14,28.41087429139967
2,15,28.369953440818744
2,16,28.405012799995085
2,17,28.961858671522823
2,18,26.08781551567691
2,19,27.452683536712474
2,20,25.527732845399868
2,21,22.10931683024006
2,22,20.805267734425566
2,23,17.325668232072367
2,24,16.438095616615
2,25,13.068028033306792
2,26,13.522555920102741
2,27,10.859890268903232
2,28,12.730519111233942
2,29,13.130206929450619
2,30,11.436749986696997
2,31,11.726724449695118
2,32,9.987596282253726
2,33,11.817280217539714
2,34,15.328722753982087
2,35,15.877318683947585
2,36,15.030806919878735
2,37,13.884986192025949
2,38,15.04682131320335
2,39,14.192097305113123
2,40,16.68548469091428
2,41,17.317790360504524
2,42,21.089289538531737
2,43,23.62175263309063
2,44,23.61815367556227
2,45,19.843352133499483
2,46,19.24583202175224
2,47,16.350674032041148
2,48,17.812335141284343
2,49,17.030707877763817
2,50,19.379008661232234
2,51,20.771800109744103
2,52,20.30144344566932
2,53,23.551052659375145
2,54,25.597523679961295
2,55,27.73549627762198
2,56,27.551177791173156
2,57,23.706734592703736
2,58,24.185847928165956
2,59,26.769343905290633
2,60,24.692953410864213
2,61,22.07590791762557
2,62,25.032423137272662
2,63,26.91555517090144
2,64,24.17075780723764
2,65,25.020405933946336
3,1,6.733341288427936
3,2,3.891983148062182
3,4,3.7990486748840104
3,5,5.819291750958627
3,6,7.476806032097375
3,7,8.142719478103594
3,8,11.470000057180592
3,9,14.31444059559719
3,10,17.05492109840619
3,11,17.525548909187012
3,12,20.166721638161434
3,13,23.095850573565748
3,14,25.780296736826724
3,15,26.000534707839538
3,16,26.468808354084327
3,17,27.44532292365549
3,18,24.83681005337095
3,19,26.636623399495317
3,20,24.605199532455305
3,21,21.27662006453901
3,22,20.638725540041115
3,23,17.14043634864694
3,24,15.672257316420334
3,25,12.115433876520264
3,26,11.936221615361518
3,27,8.799480447824436
3,28,10.510178057415805
3,29,10.29330427661009
3,30,9.05236302034148
3,31,9.49537392955986
3,32,6.980964374388613
3,33,8.210009173509203
3,34,11.857458333932223
3,35,12.397121765213228
3,36,11.977805671841177
3,37,10.831925192651438
3,38,12.61201100568477
3,39,12.241672011411108
3,40,15.312226931249185
3,41,16.586565210492054
3,42,20.29807457284079
3,43,23.28986865232987
3,44,23.245043549541958
3,45,19.649170512323558
3,46,18.338564339774177
3,47,15.054824302375447
3,48,15.781942056904436
3,49,14.363209670444759
3,50,16.674489245465338
3,51,17.7097373225242
3,52,17.46157066227716
3,53,20.46884814559163
3,54,22.669679372972716
3,55,25.11658929114225
3,56,25.169803631214087
3,57,21.39163483305592
3,58,21.99843243453666
3,59,24.894915548887095
3,60,23.095253788445806
3,61,20.64946531839749
3,62,23.700870089971684
3,63,25.851219438742177
3,64,23.451555876324832
3,65,24.787077909939
4,1,9.42019470237738
4,2,6.211021720131876
4,3,3.7990486748840104
4,5,3.8421540683127806
4,6,7.226506362130446
4,7,8.758055597659768
4,8,12.182085148440063
4,9,14.207488498957192
4,10,17.509342550387178
4,11,18.761617210542404
4,12,21.71065862819829
4,13,24.6226102549193
4,14,27.558108751547113
4,15,28.214086427890138
4,16,28.943731145507375
4,17,30.27032209814656
4,18,27.917681556883192
4,19,29.8046174149641
4,20,27.549829920224656
4,21,24.411992586732683
4,22,23.945928060735373
4,23,20.581077658700867
4,24,19.14054911399187
4,25,15.638192469619849
4,26,15.237630095761817
4,27,11.870884363343054
4,28,12.925371484006746
4,29,11.622227962686008
4,30,9.769046982196832
4,31,8.744649007386057
4,32,5.560574166672514
4,33,7.9341947786267335
4,34,11.709690375644218
4,35,13.199743489731263
4,36,13.829202225263524
4,37,12.985808122347489
4,38,15.290299467606383
4,39,15.029640409178937
4,40,18.25682989729483
4,41,19.48936202213967
4,42,23.0368678563703
4,43,26.08830725741893
4,44,25.633709835168915
4,45,22.083866262142287
4,46,20.44264864313859
4,47,17.309197767101015
4,48,17.86143061579911
4,49,16.25288294440246
4,50,18.788327440949907
4,51,19.522695903211886
4,52,19.614973813201136
4,53,22.21297573078967
4,54,24.605994942910243
4,55,27.38182164053102
4,56,27.641611459121545
4,57,23.97974217925075
4,58,24.704818310146837
4,59,27.80864950125783
4,60,26.18398438748844
4,61,23.884997590597248
4,62,26.933528201691225
4,63,29.21845612959046
4,64,26.966342522387034
4,65,28.44646812611839
5,1,12.11767864688371
5,2,9.3436108097007
5,3,5.819291750958627
5,4,3.8421540683127806
5,6,3.877745043381299
5,7,6.3710657993508155
5,8,9.240964984649985
5,9,10.709352647895662
5,10,14.220040378470392
5,11,15.883624980761391
5,12,19.124329424944534
5,13,21.827475136840377
5,14,25.005031476758273
5,15,25.957536012000595
5,16,27.083900790477795
5,17,28.80390315912094
5,18,26.788866183313612
5,19,29.00201963300196
5,20,26.674952502948436
5,21,23.742779306899095
5,22,23.875021775697764
5,23,20.65323633681404
5,24,18.85361954671216
5,25,15.490178381795735
5,26,14.684673563022711
5,27,11.387923125976386
5,28,12.224444122851505
5,29,10.36968970174192
5,30,9.45020032607309
5,31,8.738825133099063
5,32,4.859822777712268
5,33,5.605172418122762
5,34,9.249695625559
5,35,10.646760857062079
5,36,11.893623065949317
5,37,11.019173911107528
5,38,13.741528068540267
5,39,13.90330527030069
5,40,17.3946839293565
5,41,19.090639571144013
5,42,22.40393110729306
5,43,25.760496926078165
5,44,25.272055752662705
5,45,22.009094834273554
5,46,19.787631265093005
5,47,16.486497920494703
5,48,16.28341768531616
5,49,14.134214418484458
5,50,16.553312623313435
5,51,16.903106260792566
5,52,17.370868276106233
5,53,19.588394509045862
5,54,22.009658843440434
5,55,25.070956480790564
5,56,25.50627141043893
5,57,22.03618825247156
5,58,22.953932349122432
5,59,26.23919655607667
5,60,24.878714112530222
5,61,22.885856404922333
5,62,25.969579183928982
5,63,28.38036321472006
5,64,26.468633301519333
5,65,28.37448359488617
6,1,13.435204912261558
6,2,11.325869403020175
6,3,7.476806032097375
6,4,7.226506362130446
6,5,3.877745043381299
6,7,3.823013917531076
6,8,5.649991898580928
6,9,7.327047705637629
6,10,10.616629826529293
6,11,12.131368471272053
6,12,15.503134972091292
6,13,18.041757420989637
6,14,21.308827196991384
6,15,22.297232859329924
6,16,23.64977719670412
6,17,25.561874078007026
6,18,23.764212996465403
6,19,26.226752308392207
6,20,23.9520912801922
6,21,21.16694340878159
6,22,21.81802311072255
6,23,18.760476501997736
6,24,16.649990241247817
6,25,13.562982825417466
6,26,12.53688190717443
6,27,9.71145446780815
6,28,10.759482246769794
6,29,9.190661634742767
6,30,9.788511129240522
6,31,10.320052445746274
6,32,6.901390337208074
6,33,5.032859152142525
6,34,7.964229045890344
6,35,8.130017490805683
6,36,9.207373570675681
6,37,7.86923023820844
6,38,10.67302123868074
6,39,11.21539661547984
6,40,14.823278080147356
6,41,16.989939300230674
6,42,20.08047446081462
6,43,23.665625157255956
6,44,23.376958299700846
6,45,20.42485309533864
6,46,17.84760236576309
6,47,14.35148695376935
6,48,13.415396081025413
6,49,10.771939657378187
6,50,12.946957459427143
6,51,13.127718645484231
6,52,13.894860313409263
6,53,16.02231700748586
6,54,18.28389691655751
6,55,21.461526563966036
6,56,21.88694235841824
6,57,18.542075903290392
6,58,19.667485573708422
6,59,22.978765671685256
6,60,21.74920619314333
6,61,20.058271479543574
6,62,23.19522451562933
6,63,25.590924923794688
6,64,23.934625000831726
6,65,26.1970908713971
7,1,12.50255146472024
7,2,11.486888339159115
7,3,8.142719478103594
7,4,8.758055597659768
7,5,6.3710657993508155
7,6,3.823013917531076
7,8,3.7845653514442117
7,9,6.683896825802931
7,10,9.211604283520506
7,11,10.250350444296208
7,12,13.085217259194064
7,13,16.137206334130845
7,14,19.035376502271927
7,15,20.11534258522393
7,16,21.056259536568607
7,17,22.96601164629144
7,18,21.301884736355102
7,19,23.465267545365645
7,20,20.87989703686348
7,21,18.306729966741216
7,22,18.920590297837297
7,23,16.167605999531844
7,24,14.561272177720454
7,25,11.943252325408354
7,26,11.92550003011649
7,27,10.007000428707618
7,28,12.213323690311924
7,29,11.718748396844997
7,30,12.719515535281346
7,31,13.671089942585091
7,32,10.230753905126617
7,33,8.590131633804571
7,34,11.358341071371413
7,35,10.553752439903976
7,36,10.52543352463383
7,37,7.819508615738546
7,38,9.323886298076914
7,39,8.701162082903593
7,40,11.996128318427685
7,41,13.749980418696666
7,42,16.678784922331968
7,43,20.20526484974772
7,44,19.6860869081751
7,45,16.793073215524714
7,46,14.098524573161797
7,47,10.720321140707208
7,48,10.042894862668538
7,49,8.044587056132665
7,50,11.034057034628754
7,51,12.258012668273917
7,52,13.66317298564354
7,53,16.217958178230084
7,54,17.741165898572802
7,55,20.854970553001305
7,56,20.61783714440893
7,57,17.26283690208084
7,58,19.000922962727117
7,59,21.919251751848233
7,60,20.176288300988013
7,61,18.91707917341974
7,62,22.402215968632326
7,63,24.305969668177852
7,64,22.35313732332393
7,65,24.84517824162211
8,1,15.792594598036784
8,2,14.914449392474218
8,3,11.470000057180592
8,4,12.182085148440063
8,5,9.240964984649985
8,6,5.649991898580928
8,7,3.7845653514442117
8,9,3.804519314481902
8,10,5.598247976783766
8,11,6.708057389967586
8,12,9.944798520130094
8,13,12.684837072995403
8,14,15.848550161808332
8,15,17.17061793667793
8,16,18.587758544378175
8,17,20.896635768664172
8,18,19.660537573419607
8,19,22.19123875944815
8,20,19.69603545625146
8,21,17.454642181016364
8,22,18.819532790063338
8,23,16.412706313520946
8,24,14.44648377627009
8,25,12.386663594244997
8,26,11.96305024938751
8,27,10.757167395926217
8,28,12.637051720859246
8,29,12.177956263736448
8,30,14.115120937941983
8,31,15.50788242416599
8,32,12.423096292088772
8,33,9.741710090874307
8,34,11.36697214047839
8,35,9.6885884887951
8,36,9.698405301640458
8,37,6.861693377361872
8,38,8.186535478230256
8,39,8.28766973561369
8,40,11.439834685970913
8,41,13.783403355332576
8,42,16.182434498222243
8,43,19.924895605610956
8,44,19.598933535807454
8,45,17.26522857189791
8,46,14.130987190532384
8,47,10.782225258588301
8,48,8.793264864525902
8,49,5.853261830681812
8,50,8.350982166708095
8,51,9.159166442648347
8,52,11.243462620106353
8,53,13.349391047293462
8,54,14.609858207506573
8,55,17.961008200997068
8,56,17.81025192365735
8,57,14.779115143199771
8,58,16.805192439486216
8,59,19.76501825741034
8,60,18.347436968056787
8,61,17.573921929426312
8,62,20.980257598304323
8,63,22.901894445530367
8,64,21.410170426145772
8,65,24.299519779232586
9,1,19.16270194330379
9,2,17.950105130592405
9,3,14.31444059559719
9,4,14.207488498957192
9,5,10.709352647895662
9,6,7.327047705637629
9,7,6.683896825802931
9,8,3.804519314481902
9,10,3.8689819161437455
9,11,6.976551029322462
9,12,10.459989633039061
9,13,12.592534702466379
9,14,16.06414418581938
9,15,18.025536810959974
9,16,19.95862990571555
9,17,22.740408865318333
9,18,22.02150130381698
9,19,24.70938380158138
9,20,22.165418829857156
9,21,20.332520209458146
9,22,22.051325131436837
9,23,19.9047506299434
9,24,17.902071218004387
9,25,16.02489477802935
9,26,15.278539596995737
9,27,13.964144462988317
9,28,15.18708110520539
9,29,14.014386215332749
9,30,15.938550346399678
9,31,16.85691905290615
9,32,13.78885080517411
9,33,10.985906805764193
9,34,11.881661785920928
9,35,10.615853756707278
9,36,11.681357629545346
9,37,9.648801093150773
9,38,11.309366255895409
9,39,11.792916171011388
9,40,14.679487511381021
9,41,16.997083528631986
9,42,18.943113679699575
9,43,22.660244009504446
9,44,22.071299704769242
9,45,20.090345405082363
9,46,16.64560030283963
9,47,13.708241187507117
9,48,11.33189818091158
9,49,8.427885828942753
9,50,10.28623779862055
9,51,10.1959608252167
9,52,12.759316160292348
9,53,13.863110669064646
9,54,15.125480361102166
9,55,18.802212990305133
9,56,18.977518367661467
9,57,16.473690715165596
9,58,18.577352334172595
9,59,21.628467253063928
9,60,20.639892648145704
9,61,20.205317732705065
9,62,23.40658342976123
9,63,25.424766168402762
9,64,24.315509923741335
9,65,27.38384162025332
10,1,21.203202646376965
10,2,20.506631301089065
10,3,17.05492109840619
10,4,17.509342550387178
10,5,14.220040378470392
10,6,10.616629826529293
10,7,9.211604283520506
10,8,5.598247976783766
10,9,3.8689819161437455
10,11,3.8360562377604763
10,12,7.031543218116822
10,13,8.88321860235262
10,14,12.343843118489032
10,15,14.588801389875423
10,16,16.72253632856825
10,17,19.794388148831516
10,18,19.56959104281301
10,19,22.33659297030113
10,20,19.839930787973007
10,21,18.49020876848827
10,22,20.739435373455123
10,23,19.114304826797017
10,24,17.184497398049377
10,25,16.07639200834088
10,26,15.553584731928689
10,27,15.174059350032392
10,28,16.62388214587794
10,29,16.08130960725458
10,30,18.574901161157328
10,31,20.010758040501106
10,32,17.162012250759595
10,33,14.052178313377468
10,34,14.50630623612419
10,35,12.40435505965302
10,36,12.733589153628579
10,37,10.389246707843974
10,38,10.981526221174121
10,39,11.41777029892242
10,40,13.59748420232218
10,41,16.0027598756498
10,42,17.28644544281607
10,43,20.97300814273307
10,44,20.539745685628446
10,45,19.15117814995344
10,46,15.55144462949306
10,47,12.961000253034436
10,48,9.8490864910533
10,49,7.0926004458359735
10,50,8.215851792314588
10,51,8.24849040560797
10,52,11.603222715916361
10,53,12.400438819186471
10,54,12.75266929293693
10,55,16.409952209798327
10,56,16.22975307560981
10,57,14.20682779361381
10,58,16.808861174500876
10,59,19.4987424150985
10,60,18.557445770729636
10,61,18.799813188060675
10,62,21.961328601050646
10,63,23.649316576334304
10,64,22.804989633264693
10,65,26.188522719514953
11,1,20.896013323974234
11,2,20.682434302952736
11,3,17.525548909187012
11,4,18.761617210542404
11,5,15.883624980761391
11,6,12.131368471272053
11,7,10.250350444296208
11,8,6.708057389967586
11,9,6.976551029322462
11,10,3.8360562377604763
11,12,3.8337237262093646
11,13,5.987256650822711
11,14,9.332226709467859
11,15,11.052280990441568
11,16,13.102500507104896
11,17,16.05368945686793
11,18,15.794171497358278
11,19,18.681029140114187
11,20,16.40576064254601
11,21,15.096109361090223
11,22,17.661789873029544
11,23,16.280161087591953
11,24,14.287205538141345
11,25,13.801975158198509
11,26,13.494284051209863
11,27,14.033536538221174
11,28,15.81163932875701
11,29,16.124622347949014
11,30,19.033133187551577
11,31,21.09814175676853
11,32,18.529956264431934
11,33,15.255979042816868
11,34,15.643311190635368
11,35,12.800534047286341
11,36,12.0265183370857
11,37,9.31947575338316
11,38,8.708310120698753
11,39,9.181151749603213
11,40,10.759350124147343
11,41,13.454981078026421
11,42,14.478294206079626
11,43,18.192858772695466
11,44,18.2925201442114
11,45,17.17112561849054
11,46,13.7876160453662
11,47,11.179663259811495
11,48,7.549319100006925
11,49,4.745779118072197
11,50,4.735320696681513
11,51,5.521404459011964
11,52,9.20131262326185
11,53,10.450442351692173
11,54,10.038070684398184
11,55,13.407833971662374
11,56,12.733639848728242
11,57,10.670873978294088
11,58,13.621511816821693
11,59,15.992424271442445
11,60,14.876789056055175
11,61,15.447564728038287
11,62,18.647139792346287
11,63,20.068053447684918
11,64,19.2831447973866
11,65,22.801211282792092
12,1,22.592489072609336
12,2,22.9627426375102
12,3,20.166721638161434
12,4,21.71065862819829
12,5,19.124329424944534
12,6,15.503134972091292
12,7,13.085217259194064
12,8,9.944798520130094
12,9,10.459989633039061
12,10,7.031543218116822
12,11,3.8337237262093646
12,13,3.7898185179688424
12,14,6.014219560046373
12,15,8.057797652877595
12,16,9.77690943363434
12,17,13.025305612329667
12,18,13.419443367288274
12,19,16.059041737090872
12,20,13.664092157055142
12,21,13.130380213160095
12,22,16.10089158248701
12,23,15.538359961554873
12,24,14.111927983800122
12,25,14.620941441206279
12,26,14.998117020968001
12,27,16.327337900668645
12,28,18.47428663195586
12,29,19.318359002864504
12,30,22.29737868004987
12,31,24.546823316563444
12,32,21.964375993085426
12,33,18.8034828701921
12,34,19.30079253667566
12,35,16.275398919214748
12,36,14.977702477565595
12,37,12.067324065643371
12,38,10.336679701182396
12,39,10.038908673910898
12,40,10.244357407680333
12,41,12.424826921043456
12,42,12.439632400440328
12,43,15.875948000974377
12,44,16.04938201685783
12,45,15.674071306897133
12,46,12.381602552276021
12,47,10.618884346285398
12,48,6.892364135460356
12,49,5.9640045346340855
12,50,5.411442810599556
12,51,7.312491808457721
12,52,10.893998857796815
12,53,12.133887089220545
12,54,10.474164996389112
12,55,13.19582081964205
12,56,11.53211258019149
12,57,10.123569852961726
12,58,13.706832974042513
12,59,15.208710673774563
12,60,13.731068901950968
12,61,15.191771202639536
12,62,18.382811525970837
12,63,19.094185867691547
12,64,18.328176514814153
12,65,22.073333814459772
13,1,25.84595811774388
13,2,26.030862771109575
13,3,23.095850573565748
13,4,24.6226102549193
13,5,21.827475136840377
13,6,18.041757420989637
13,7,16.137206334130845
13,8,12.684837072995403
13,9,12.592534702466379
13,10,8.88321860235262
13,11,5.987256650822711
13,12,3.7898185179688424
13,14,3.8585044620971307
13,15,6.241335406287709
13,16,9.203367129659823
13,17,12.746164623936238
13,18,13.76984182764214
13,19,16.76476952651032
13,20,15.024558561525376
13,21,14.88562690587335
13,22,18.274657844090186
13,23,17.939941170313787
13,24,16.196722558490517
13,25,16.952184030269475
13,26,16.79482323025462
13,27,18.345097658526306
13,28,19.964038671899804
13,29,20.756750490355756
13,30,24.056101560198886
13,31,26.471661583946428
13,32,24.21230628720719
13,33,20.749222933261688
13,34,20.585467024345483
13,35,17.345025610246914
13,36,16.157098696632676
13,37,13.90619819631863
13,38,12.352274945124408
13,39,12.896174551783053
13,40,12.972820248610628
13,41,15.414862677447797
13,42,15.08195141236809
13,43,18.277276026557104
13,44,18.83370212807431
13,45,18.876465919850094
13,46,15.792227711834014
13,47,14.186575965412146
13,48,10.460623887335414
13,49,9.180005124083735
13,50,7.195617265007858
13,51,7.489111139874369
13,52,10.87982851259062
13,53,10.998554838967658
13,54,8.54308628617677
13,55,11.068150799083668
13,56,9.621390371369634
13,57,9.421981414872207
13,58,12.875295612070651
13,59,14.132988205454343
13,60,13.48234182317643
13,61,15.44041394539842
13,62,18.054430424345767
13,63,18.78294393101866
13,64,18.778596325226662
13,65,22.61704094998674
14,1,27.77125619033781
14,2,28.41087429139967
14,3,25.780296736826724
14,4,27.558108751547113
14,5,25.005031476758273
14,6,21.308827196991384
14,7,19.035376502271927
14,8,15.848550161808332
14,9,16.06414418581938
14,10,12.343843118489032
14,11,9.332226709467859
14,12,6.014219560046373
14,13,3.8585044620971307
14,15,3.852455429663838
14,16,6.387243196349061
14,17,10.195887433273029
14,18,12.162666805160592
14,19,14.735549570125903
14,20,13.153601220073103
14,21,13.953203725869257
14,22,17.568372285716656
14,23,18.038962193170004
14,24,16.86298739472106
14,25,18.390141925233106
14,26,18.763269450420463
14,27,20.84291481294308
14,28,22.74405469293058
14,29,23.945147267788553
14,30,27.255137247912614
14,31,29.8154715693896
14,32,27.53671361280396
14,33,24.175703146796735
14,34,24.171807556487288
14,35,20.82881308571672
14,36,19.255489840218686
14,37,16.834963144124142
14,38,14.631741633107282
14,39,14.633584905648606
14,40,13.71497574940651
14,41,15.55314861594608
14,42,14.292048684507845
14,43,16.914146777261983
14,44,17.643053072568453
14,45,18.44390209426918
14,46,15.733484177369327
14,47,14.935948130981192
14,48,11.59919301056822
14,49,11.479707167000884
14,50,9.571814289324811
14,51,10.57992756002622
14,52,13.51102169881863
14,53,13.781191603586771
14,54,10.640890206924114
14,55,12.07591628362406
14,56,9.628380257443675
14,57,10.322073784777183
14,58,13.959550945305352
14,59,14.169479021861884
14,60,13.23148689304556
14,61,15.978996791981023
14,62,18.401706721387256
14,63,18.346641596139023
14,64,18.417659760144705
14,65,22.326462774139603
15,1,27.549655815630878
15,2,28.369953440818744
15,3,26.000534707839538
15,4,28.214086427890138
15,5,25.957536012000595
15,6,22.297232859329924
15,7,20.11534258522393
15,8,17.17061793667793
15,9,18.025536810959974
15,10,14.588801389875423
15,11,11.052280990441568
15,12,8.057797652877595
15,13,6.241335406287709
15,14,3.852455429663838
15,16,3.827778339370067
15,17,7.107919974176209
15,18,9.014952551089836
15,19,11.93310645968923
15,20,11.212066378467437
15,21,11.926591041731465
15,22,15.714596841248134
15,23,16.351470118321824
15,24,15.063233252981332
15,25,17.085666655929227
15,26,17.444574721304743
15,27,20.07863067561138
15,28,21.93805929967075
15,29,23.657737864466256
15,30,27.09248050712478
15,31,30.010253465256174
15,32,28.068295577365447
15,33,24.6997312722014
15,34,24.60428871932455
15,35,21.01421655333082
15,36,18.869833636215116
15,37,16.662590977093018
15,38,13.986972789991897
15,39,14.23667642389117
15,40,12.825670078086066
15,41,14.831074509554462
15,42,13.542459227399783
15,43,15.957651122969104
15,44,17.515173658403455
15,45,18.337794522074017
15,46,16.226423230131118
15,47,15.302090973209852
15,48,12.226460050200743
15,49,12.187290593683478
15,50,9.537210147181044
15,51,10.563122822088431
15,52,12.568007925291933
15,53,13.098029765234326
15,54,9.605047104709111
15,55,9.925967903305898
15,56,6.71336756081423
15,57,7.927988910443375
15,58,11.402852978102706
15,59,10.860728151602775
15,60,9.913479664116501
15,61,13.095961008037449
15,62,15.187845344528062
15,63,14.782809658832072
15,64,15.133729649169148
15,65,19.015480093044822
16,1,27.07280165532898
16,2,28.405012799995085
16,3,26.468808354084327
16,4,28.943731145507375
16,5,27.083900790477795
16,6,23.64977719670412
16,7,21.056259536568607
16,8,18.587758544378175
16,9,19.95862990571555
16,10,16.72253632856825
16,11,13.102500507104896
16,12,9.77690943363434
16,13,9.203367129659823
16,14,6.387243196349061
16,15,3.827778339370067
16,17,3.8511486094692406
16,18,6.502107050509402
16,19,8.613264534929323
16,20,7.830408318595417
16,21,9.404072927151955
16,22,13.14183702951861
16,23,14.550174002370838
16,24,14.081835082351391
16,25,16.74087258204849
16,26,17.86500718063238
16,27,20.828611538691792
16,28,23.152266562350313
16,29,25.26013012754324
16,30,28.497568550540247
16,31,31.46173505618573
16,32,29.416420317027136
16,33,26.32444362385493
16,34,26.67155011176918
16,35,23.123600468413482
16,36,20.616746128301862
16,37,18.04931212146967
16,38,14.843969397733419
16,39,14.283268052377975
16,40,11.959716492974062
16,41,13.124105386904766
16,42,11.092624047834798
16,43,12.875005968465517
16,44,14.734579995408215
16,45,16.039784199444203
16,46,14.534089765406806
16,47,14.30006789548149
16,48,11.970672058900794
16,49,13.026938525519203
16,50,11.01832087411182
16,51,13.005888149514488
16,52,14.752289381255805
16,53,15.999482875537641
16,54,12.732001476087628
16,55,12.640862224856834
16,56,8.959356349685914
16,57,9.612596353484834
16,58,12.994808434917173
16,59,11.742933080593195
16,60,9.763949550037509
16,61,13.183188739887942
16,62,15.42937768327505
16,63,14.186776460698951
16,64,13.947995501076447
16,65,17.73797220764516
17,1,27.309115863046795
17,2,28.961858671522823
17,3,27.44532292365549
17,4,30.27032209814656
17,5,28.80390315912094
17,6,25.561874078007026
17,7,22.96601164629144
17,8,20.896635768664172
17,9,22.740408865318333
17,10,19.794388148831516
17,11,16.05368945686793
17,12,13.025305612329667
17,13,12.746164623936238
17,14,10.195887433273029
17,15,7.107919974176209
17,16,3.8511486094692406
17,18,3.8781614412953513
17,19,5.340991461529492
17,20,6.1399973791005715
17,21,8.02995352644536
17,22,11.50111243792136
17,23,13.458836675954492
17,24,13.403382050806155
17,25,16.626560227842923
17,26,18.039455974087208
17,27,21.41231744381668
17,28,23.813357475287933
17,29,26.377078947911844
17,30,29.534162824566994
17,31,32.7028189644649
17,32,30.886917189586168
17,33,27.964760026388014
17,34,28.412115929832865
17,35,24.81725095741544
17,36,21.892232215160757
17,37,19.447680087459
17,38,15.931745982421239
17,39,15.25685229774024
17,40,12.38991730328642
17,41,13.142334797564581
17,42,10.950770301441555
17,43,11.947977959894493
17,44,14.628512437224776
17,45,16.066923312689845
17,46,15.449690337035436
17,47,15.410098946648748
17,48,13.777323634802574
17,49,15.133202445751605
17,50,13.119182823446696
17,51,15.222753066441197
17,52,16.19663884623995
17,53,17.79118012869515
17,54,14.676834191049291
17,55,13.783579171259957
17,56,9.970930697314952
17,57,10.539596960212783
17,58,13.234802555107658
17,59,11.102245621028787
17,60,8.670349632710847
17,61,12.227727329595783
17,62,14.071003738579687
17,63,11.984743125359627
17,64,11.61398241399583
17,65,15.13076647695914
18,1,24.36992458460383
18,2,26.08781551567691
18,3,24.83681005337095
18,4,27.917681556883192
18,5,26.788866183313612
18,6,23.764212996465403
18,7,21.301884736355102
18,8,19.660537573419607
18,9,22.02150130381698
18,10,19.56959104281301
18,11,15.794171497358278
18,12,13.419443367288274
18,13,13.76984182764214
18,14,12.162666805160592
18,15,9.014952551089836
18,16,6.502107050509402
18,17,3.8781614412953513
18,19,3.872134569927141
18,20,5.3249883477343385
18,21,5.345981227409562
18,22,8.63972230231871
18,23,10.190436373266543
18,24,9.988354055689442
18,25,13.414032262249481
18,26,14.964851019429275
18,27,18.536187528990375
18,28,21.014937872822397
18,29,23.889216929317517
18,30,26.896178233289397
18,31,30.176737562801424
18,32,28.568712465759365
18,33,25.84414440643496
18,34,26.445014605288268
18,35,22.908586035289506
18,36,19.66512859082825
18,37,17.304110177803533
18,38,13.632073665180927
18,39,12.97558023264514
18,40,10.002057456679383
18,41,10.957936117366023
18,42,9.598756078786524
18,43,10.893653381797472
18,44,14.092572666937889
18,45,14.752372689634676
18,46,14.527198433656848
18,47,13.951688865690159
18,48,12.730066169521299
18,49,13.956374388063152
18,50,12.01420473433169
18,51,14.291991245226543
18,52,14.593416219616616
18,53,16.81179661499028
18,54,14.298401008849444
18,55,13.377053881764686
18,56,9.877032527853466
18,57,9.267115796357876
18,58,11.458855148226837
18,59,9.486898628192867
18,60,6.172694034045471
18,61,9.147172027243192
18,62,11.30374323669322
18,63,9.226641858256452
18,64,8.056889886642205
18,65,11.613968692642901
19,1,25.251982588021338
19,2,27.452683536712474
19,3,26.636623399495317
19,4,29.8046174149641
19,5,29.00201963300196
19,6,26.226752308392207
19,7,23.465267545365645
19,8,22.19123875944815
19,9,24.70938380158138
19,10,22.33659297030113
19,11,18.681029140114187
19,12,16.059041737090872
19,13,16.76476952651032
19,14,14.735549570125903
19,15,11.93310645968923
19,16,8.613264534929323
19,17,5.340991461529492
19,18,3.872134569927141
19,20,3.8798832611262686
19,21,5.495229067847774
19,22,7.656978522674311
19,23,10.466319639085885
19,24,11.56831565111908
19,25,15.268695207431216
19,26,17.47521845853604
19,27,21.029879923395967
19,28,23.81113107851591
19,29,26.816065405132388
19,30,29.571630153069222
19,31,32.761773536967404
19,32,31.028048685475074
19,33,28.584728111974886
19,34,29.527530406219192
19,35,26.124644590186524
19,36,22.825325869846214
19,37,20.240491901352392
19,38,16.46531824452102
19,39,15.115933884651007
19,40,11.653381343092692
19,41,11.33197338540575
19,42,9.160587102905371
19,43,9.001890227676803
19,44,12.541671006109532
19,45,13.812465132913257
19,46,14.461738091072498
19,47,14.775708270540651
19,48,14.413616592587339
19,49,16.41964866022926
19,50,15.131577066965287
19,51,17.80272006331365
19,52,18.22931644115067
19,53,20.618545812066085
19,54,18.13426504154333
19,55,17.207377300175636
19,56,13.654986764582565
19,57,13.110074192093855
19,58,15.19148083648365
19,59,13.02118112925816
19,60,9.699964721867286
19,61,12.224964152029395
19,62,14.174820664093357
19,63,11.478105947515692
19,64,9.735040601085144
19,65,12.52030770792757
20,1,23.272874189407336
20,2,25.527732845399868
20,3,24.605199532455305
20,4,27.549829920224656
20,5,26.674952502948436
20,6,23.9520912801922
20,7,20.87989703686348
20,8,19.69603545625146
20,9,22.165418829857156
20,10,19.839930787973007
20,11,16.40576064254601
20,12,13.664092157055142
20,13,15.024558561525376
20,14,13.153601220073103
20,15,11.212066378467437
20,16,7.830408318595417
20,17,6.1399973791005715
20,18,5.3249883477343385
20,19,3.8798832611262686
20,21,3.8683617508438806
20,22,6.389762386939594
20,23,9.263672221684946
20,24,10.78611041027748
20,25,14.190156158019892
20,26,16.77166860180491
20,27,19.959477092381952
20,28,23.06491634937839
20,29,25.777781928437893
20,30,28.38343386424159
20,31,31.3009209515938
20,32,29.186165850252227
20,33,26.84814156658741
20,34,28.104738652721004
20,35,24.871530896322863
20,36,21.825560050786894
20,37,18.794099124137897
20,38,15.059198153194764
20,39,13.050658710935437
20,40,9.453027007098003
20,41,8.524882667832197
20,42,5.657854805044969
20,43,5.897054741292225
20,44,9.042091650014424
20,45,10.429156093859149
20,46,10.77239826582308
20,47,11.486477992340992
20,48,11.352164999475477
20,49,13.936267633662577
20,50,13.390054158999801
20,51,16.57913040287368
20,52,17.66366233487599
20,53,20.249205995375924
20,54,17.909092808632593
20,55,17.800168139175188
20,56,14.258187907977328
20,57,13.195962801381212
20,58,15.948556719892697
20,59,14.58812199963791
20,60,11.054225924176965
20,61,13.315106833071157
20,62,16.04550433081017
20,63,14.047258671488887
20,64,11.912715267699832
20,65,14.9535018774785
21,1,19.95106866045027
21,2,22.10931683024006
21,3,21.27662006453901
21,4,24.411992586732683
21,5,23.742779306899095
21,6,21.16694340878159
21,7,18.306729966741216
21,8,17.454642181016364
21,9,20.332520209458146
21,10,18.49020876848827
21,11,15.096109361090223
21,12,13.130380213160095
21,13,14.88562690587335
21,14,13.953203725869257
21,15,11.926591041731465
21,16,9.404072927151955
21,17,8.02995352644536
21,18,5.345981227409562
21,19,5.495229067847774
21,20,3.8683617508438806
21,22,3.8066860159201426
21,23,5.652049955813039
21,24,6.938783122284872
21,25,10.42078033471264
21,26,13.12691805980469
21,27,16.368412170115455
21,28,19.52617250131286
21,29,22.40041045722812
21,30,24.88821301244819
21,31,27.876272928201033
21,32,25.94213962548628
21,33,23.72914329427015
21,34,25.070801414219076
21,35,21.919688779364325
21,36,18.692725643911224
21,37,15.744149102561748
21,38,11.971054729672792
21,39,9.991035252825805
21,40,6.367157126812851
21,41,5.991865327898649
21,42,4.979309861550091
21,43,6.674327164886592
21,44,9.888067603858659
21,45,9.781085141650584
21,46,10.093895476753792
21,47,9.682570859785454
21,48,9.734707912855516
21,49,11.906534511692614
21,50,11.434131100755103
21,51,14.65584225676065
21,52,15.232504542538646
21,53,18.269035568070862
21,54,16.532590433092434
21,55,16.6006026100686
21,56,13.50202570154443
21,57,11.512381433852278
21,58,13.877763103207622
21,59,13.086569320344127
21,60,9.289914161130378
21,61,10.574433576399507
21,62,13.704032473994026
21,63,12.277002335314203
21,64,9.533922931126842
21,65,12.53470109437547
22,1,18.15635318861364
22,2,20.805267734425566
22,3,20.638725540041115
22,4,23.945928060735373
22,5,23.875021775697764
22,6,21.81802311072255
22,7,18.920590297837297
22,8,18.819532790063338
22,9,22.051325131436837
22,10,20.739435373455123
22,11,17.661789873029544
22,12,16.10089158248701
22,13,18.274657844090186
22,14,17.568372285716656
22,15,15.714596841248134
22,16,13.14183702951861
22,17,11.50111243792136
22,18,8.63972230231871
22,19,7.656978522674311
22,20,6.389762386939594
22,21,3.8066860159201426
22,23,3.81165242603711
22,24,6.949900152665494
22,25,10.229124929933922
22,26,13.57612179170489
22,27,16.608299616288104
22,28,20.000581809664123
22,29,23.0453072136032
22,30,25.068425030516124
22,31,27.928167429507926
22,32,26.040121503057833
22,33,24.328356543613683
22,34,26.085989725317887
22,35,23.244385506683162
22,36,19.938463529505597
22,37,16.991601810816785
22,38,13.395309128224042
22,39,10.929907049190076
22,40,7.475536668130726
22,41,5.672899239881168
22,42,5.5594862057543395
22,43,6.002474335552954
22,44,9.326755186089942
22,45,8.537568168422965
22,46,10.131656077413368
22,47,10.025619996912784
22,48,11.367208665810244
22,49,13.805329157453897
22,50,14.030432914470598
22,51,17.34554013920172
22,52,17.611719873371353
22,53,20.978637852054995
22,54,19.690926278680276
22,55,19.797361599833927
22,56,16.937613711245447
22,57,14.61256420146595
22,58,16.506554585305857
22,59,15.85069907910891
22,60,12.029050523913678
22,61,12.401271286442517
22,62,15.416721400621725
22,63,13.960798701162322
22,64,10.53874518208163
22,65,12.560828634543467
23,1,14.914457643791255
23,2,17.325668232072367
23,3,17.14043634864694
23,4,20.581077658700867
23,5,20.65323633681404
23,6,18.760476501997736
23,7,16.167605999531844
23,8,16.412706313520946
23,9,19.9047506299434
23,10,19.114304826797017
23,11,16.280161087591953
23,12,15.538359961554873
23,13,17.939941170313787
23,14,18.038962193170004
23,15,16.351470118321824
23,16,14.550174002370838
23,17,13.458836675954492
23,18,10.190436373266543
23,19,10.466319639085885
23,20,9.263672221684946
23,21,5.652049955813039
23,22,3.81165242603711
23,24,3.7993672101878193
23,25,6.584689800212735
23,26,10.128113161147684
23,27,12.988730818279626
23,28,16.436167306140003
23,29,19.51780304602283
23,30,21.385266522969367
23,31,24.2550431764907
23,32,22.511278150733823
23,33,20.9276799099979
23,34,22.767884525835807
23,35,20.094283533931637
23,36,16.755154566042318
23,37,13.937087173680345
23,38,10.58152308426844
23,39,8.240713839035598
23,40,5.560561279290082
23,41,4.899221099934954
23,42,7.153494625166611
23,43,8.946932683975396
23,44,11.483141922290102
23,45,9.48205714188703
23,46,10.412686153475194
23,47,8.984540684428215
23,48,10.30738953701051
23,49,12.022046779897314
23,50,12.442543229098384
23,51,15.554207350467872
23,52,15.421900086959976
23,53,19.06627055530706
23,54,18.443029151324286
23,55,18.879316086300488
23,56,16.59912235240851
23,57,13.60964775586299
23,58,15.104696845851846
23,59,15.240701214137722
23,60,11.63626678915517
23,61,10.90707975034192
23,62,14.21847590101215
23,63,13.68542744233237
23,64,10.133354703964903
23,65,11.998315223487733
24,1,14.801200571414485
24,2,16.438095616615
24,3,15.672257316420334
24,4,19.14054911399187
24,5,18.85361954671216
24,6,16.649990241247817
24,7,14.561272177720454
24,8,14.44648377627009
24,9,17.902071218004387
24,10,17.184497398049377
24,11,14.287205538141345
24,12,14.111927983800122
24,13,16.196722558490517
24,14,16.86298739472106
24,15,15.063233252981332
24,16,14.081835082351391
24,17,13.403382050806155
24,18,9.988354055689442
24,19,11.56831565111908
24,20,10.78611041027748
24,21,6.938783122284872
24,22,6.949900152665494
24,23,3.7993672101878193
24,25,3.7745204216910366
24,26,6.658379694701385
24,27,9.952851118719133
24,28,13.135474918587414
24,29,16.31906891087558
24,30,18.542304354421727
24,31,21.68116496180863
24,32,20.213100242009983
24,33,18.261924658585627
24,34,19.691323212680604
24,35,16.81393813864804
24,36,13.308640656700401
24,37,10.808112536480499
24,38,7.441356382292031
24,39,6.25188572896216
24,40,4.738312571516193
24,41,6.655805970227225
24,42,9.295622541766555
24,43,11.919229930839437
24,44,14.320051277991142
24,45,12.283240860174821
24,46,12.179620903538535
24,47,9.711207021271807
24,48,9.835616955912462
24,49,10.301989131302891
24,50,10.015184235475203
24,51,12.58947905772154
24,52,11.928090783201073
24,53,15.633307628420178
24,54,15.381849936260691
24,55,15.884553457484788
24,56,14.127432080627726
24,57,10.762838726520165
24,58,11.841732906485117
24,59,12.584394624665343
24,60,9.38461822959744
24,61,7.890050928910252
24,62,11.440118253675056
24,63,11.795873691114206
24,64,8.684865385139641
24,65,10.917247370712118
25,1,11.978718129117416
25,2,13.068028033306792
25,3,12.115433876520264
25,4,15.638192469619849
25,5,15.490178381795735
25,6,13.562982825417466
25,7,11.943252325408354
25,8,12.386663594244997
25,9,16.02489477802935
25,10,16.07639200834088
25,11,13.801975158198509
25,12,14.620941441206279
25,13,16.952184030269475
25,14,18.390141925233106
25,15,17.085666655929227
25,16,16.74087258204849
25,17,16.626560227842923
25,18,13.414032262249481
25,19,15.268695207431216
25,20,14.190156158019892
25,21,10.42078033471264
25,22,10.229124929933922
25,23,6.584689800212735
25,24,3.7745204216910366
25,26,3.8488530169025554
25,27,6.416768998925697
25,28,9.8790382795993
25,29,12.95957034679006
25,30,14.907038727290047
25,31,17.96710208833589
25,32,16.555603252251043
25,33,14.810722379093187
25,34,16.47042847442917
25,35,13.94127238908269
25,36,10.562287799211807
25,37,8.19608803394094
25,38,5.744013756828524
25,39,5.111204941193762
25,40,6.022737400365139
25,41,8.342556918941634
25,42,11.753135743157939
25,43,14.696593724277292
25,44,16.45974884426544
25,45,13.78322784659238
25,46,13.223549737024808
25,47,10.025285677462325
25,48,10.154820263355628
25,49,9.676339507420689
25,50,9.974558046885331
25,51,12.067411686777618
25,52,11.13172794385042
25,53,14.98704736541023
25,54,15.64025975440886
25,55,16.722655284336426
25,56,15.705940367703663
25,57,11.95959121205354
25,58,12.636526810523765
25,59,14.353077947583744
25,60,11.794699329616183
25,61,9.503797835966248
25,62,12.928073555396052
25,63,14.23007828139102
25,64,11.487050636473485
25,65,13.278038316233053
26,1,13.50043172685192
26,2,13.522555920102741
26,3,11.936221615361518
26,4,15.237630095761817
26,5,14.684673563022711
26,6,12.53688190717443
26,7,11.92550003011649
26,8,11.96305024938751
26,9,15.278539596995737
26,10,15.553584731928689
26,11,13.494284051209863
26,12,14.998117020968001
26,13,16.79482323025462
26,14,18.763269450420463
26,15,17.444574721304743
26,16,17.86500718063238
26,17,18.039455974087208
26,18,14.964851019429275
26,19,17.47521845853604
26,20,16.77166860180491
26,21,13.12691805980469
26,22,13.57612179170489
26,23,10.128113161147684
26,24,6.658379694701385
26,25,3.8488530169025554
26,27,3.8459131248038814
26,28,6.503087307315026
26,29,9.823741449067041
26,30,12.274772388100955
26,31,15.709413437313168
26,32,14.839596222446618
26,33,12.666325493002955
26,34,13.647674815000718
26,35,10.92679295291652
26,36,7.286967784672712
26,37,6.018874439350089
26,38,4.805013357949685
26,39,6.680345751890642
26,40,8.681661385669553
26,41,11.735090531734734
26,42,14.92648654459538
26,43,18.09247111921471
26,44,19.878649662229396
26,45,17.333147647212357
26,46,16.302759374408573
26,47,12.800770116949648
26,48,12.014600118194558
26,49,10.272313563363017
26,50,9.739064111881193
26,51,10.580827925598324
26,52,8.702593060441599
26,53,12.407733679187007
26,54,13.815876269912554
26,55,14.974197337516118
26,56,14.835295600525287
26,57,11.03602446966827
26,58,10.853749253716
26,59,13.345092529548392
26,60,11.743965065825384
26,61,8.81340295399799
26,62,11.771412027631913
