1,2,3.813981351945957
1,3,6.811989811323665
1,4,8.973824815355085
1,5,12.300408710321438
1,6,15.62409401414915
1,7,18.49343389989612
1,8,21.307264140358086
1,9,21.509001936477627
1,10,25.10838354101752
1,11,26.564699892833428
1,12,30.350525007382608
1,13,31.923472802901294
1,14,35.523347191492064
1,15,36.568410213328654
1,16,36.265392336235486
1,17,33.890932781227484
1,18,30.583317288538733
1,19,27.71615342127664
1,20,24.34197103667111
1,21,20.937029734615823
1,22,17.84353617682833
1,23,14.331744853011273
1,24,12.200605260102702
1,25,8.593947997749558
1,26,7.603648574834522
1,27,6.072558166058433
1,28,7.018262203777962
1,29,7.341246294824936
1,30,10.89223278561031
1,31,12.35481680136354
1,32,11.62220968484998
1,33,14.076101906106631
1,34,13.805725311781757
1,35,16.367831562110638
1,36,18.560476186990126
1,37,19.921566701227395
1,38,23.087836236244474
1,39,24.527834532772633
1,40,28.183194420308546
1,41,30.817056537455915
1,42,31.01687272314646
1,43,27.5965464576152
1,44,26.248555962659715
1,45,23.315353915779383
1,46,24.175732951076462
1,47,22.17196289384507
1,48,23.847916970878575
1,49,22.05588204355668
1,50,19.32930937780159
1,51,17.848685188476477
1,52,19.05328036162939
1,53,22.462329436956882
1,54,24.753755489949516
1,55,28.32437480030779
1,56,29.662063989469093
1,57,27.540001296189235
1,58,29.92096306553137
1,59,29.48150977463277
1,60,27.93191257114213
1,61,29.889368099660555
1,62,30.64217513261805
1,63,30.098576167941513
1,64,26.353700100941186
1,65,24.405531406849885
1,66,20.916161690475676
1,67,20.900158877023852
1,68,18.372478600789442
1,69,18.94073583800506
1,70,20.010939187849626
1,71,16.906619128515732
1,72,14.974401784861247
1,73,12.027517947032454
1,74,14.322890277558676
1,75,16.422674108393117
1,76,19.810596044501786
1,77,20.72987280523032
1,78,24.442913211875222
1,79,27.442743994808
1,80,30.932197440372335
1,81,34.13908963466126
1,82,32.689891546269855
1,83,34.76698877573185
1,84,35.480394303183814
1,85,34.17957200237455
1,86,30.674464984176392
1,87,30.584983262349617
1,88,27.851226793808415
1,89,24.25879507182615
1,90,21.34258517032299
1,91,17.582733234315008
1,92,14.956075285522966
1,93,12.480911347355283
1,94,10.566220040998617
1,95,11.343626804088617
1,96,10.3828361031876
1,97,13.733041872091178
1,98,13.257745608632565
1,99,15.990129382408693
1,100,14.054680098955119
1,101,12.449673124530545
1,102,9.688253040344609
1,103,10.360503598728549
1,104,8.288126762700449
1,105,11.30291550500173
1,106,12.610697631115052
1,107,15.59678969716249
1,108,19.045699602979028
1,109,21.081376051908002
1,110,24.809205279561542
1,111,27.042555558265995
1,112,30.78105818032119
1,113,33.50757030845903
2,1,3.813981351945957
2,3,3.801978664790219
2,4,6.385409938030023
2,5,9.24651996980672
2,6,12.702126190408954
2,7,15.476456312689118
2,8,18.167156919142627
2,9,18.0779710688068
2,10,21.765608681442096
2,11,23.507748859011134
2,12,27.291223381574493
2,13,29.14417992676741
2,14,32.81261937005446
2,15,34.05302809584315
2,16,34.06492412085383
2,17,31.702919707244504
2,18,28.575737738578503
2,19,25.459717252241695
2,20,22.256350013073853
2,21,18.65019685118874
2,22,15.718362820993876
2,23,12.372527167949038
2,24,10.425745800444382
2,25,7.450055328503976
2,26,6.800138945069461
2,27,7.312923858772233
2,28,8.892654103931934
2,29,10.183390997760728
2,30,13.947292238387472
2,31,14.94208657434407
2,32,13.375447995828512
2,33,14.983207876094523
2,34,13.758672900542852
2,35,15.697338245745502
2,36,17.19440169650595
2,37,18.19227440916464
2,38,20.985581504882852
2,39,22.21136403950826
2,40,25.955586788235756
2,41,28.351032366460878
2,42,28.840588334881858
2,43,25.336429251262388
2,44,24.381980617638497
2,45,21.59667470770033
2,46,22.7488075723275
2,47,21.129981727440654
2,48,22.713174505546803
2,49,21.33222425329212
2,50,19.138287069440242
2,51,18.123564136643207
2,52,19.834910809803137
2,53,22.935912986568482
2,54,25.44676703786408
2,55,28.838376543805538
2,56,30.334284757720646
2,57,27.94109179257055
2,58,29.929304368133256
2,59,29.012278843911243
2,60,27.410998886070534
2,61,29.0138324940817
2,62,29.827909840595787
2,63,28.837524978681184
2,64,25.064174439320915
2,65,23.488777650204277
2,66,20.161381749975327
2,67,20.393998191613456
2,68,18.281239635338775
2,69,18.61225498863659
2,70,20.176400104318983
2,71,17.144796944626236
2,72,15.55792244166222
2,73,12.07191279991409
2,74,13.439970045662054
2,75,15.461931743327627
2,76,18.45931017724216
2,77,19.159408411286417
2,78,22.78138504887192
2,79,25.693860630213607
2,80,29.259259055948743
2,81,32.26907835723624
2,82,30.522817471803364
2,83,32.488471593514696
2,84,32.92070671765535
2,85,31.80104506426362
2,86,28.305811155952757
2,87,27.852633054040034
2,88,25.06583927181174
2,89,21.398629672788775
2,90,18.759286405124215
2,91,15.09945140290293
2,92,13.038703261807472
2,93,11.17360833155549
2,94,10.439996878783855
2,95,12.127951031968584
2,96,12.327417154886446
2,97,16.012377906509933
2,98,16.071849631258818
2,99,18.64440606416834
2,100,16.34973747232683
2,101,14.261690797530306
2,102,10.910641998192387
2,103,10.310683212845287
2,104,7.214589844631058
2,105,9.238812632213627
2,106,9.70127049897031
2,107,12.272798319158877
2,108,15.870120874982334
2,109,17.888099187426928
2,110,21.65947172756523
2,111,24.120711401135292
2,112,27.792877233185607
2,113,30.716108505947712
3,1,6.811989811323665
3,2,3.801978664790219
3,4,3.8149285206269448
3,5,6.81281139471658
3,6,9.696746213026154
3,7,12.909086258454101
3,8,15.56518286897194
3,9,15.18576672939878
3,10,18.75533418098607
3,11,20.49621216959877
3,12,24.22362088935659
3,13,26.08194853731433
3,14,29.69002233020977
3,15,30.771773059930034
3,16,30.884975920005957
3,17,28.735602246662545
3,18,25.767331383503
3,19,22.517775846110954
3,20,19.542341471904795
3,21,15.855992670634587
3,22,13.396921984982042
3,23,9.964984898552714
3,24,9.11295876084689
3,25,7.21509025846995
3,26,8.319941769893626
3,27,9.438628088547025
3,28,10.102073139544737
3,29,11.409029624009964
3,30,15.144757839302075
3,31,15.262117695951412
3,32,12.826884803395895
3,33,13.482359347170648
3,34,11.582795465164885
3,35,12.810653655578767
3,36,13.891691181223605
3,37,14.57822059531233
3,38,17.23780819368463
3,39,18.427871962752743
3,40,22.18444360667876
3,41,24.598218502720872
3,42,25.184821448080445
3,43,21.73574681886371
3,44,20.792513335032552
3,45,17.9902571281676
3,46,19.202128862966745
3,47,17.803141145694962
3,48,19.411997212144733
3,49,18.401401681118358
3,50,16.62578144886339
3,51,16.220460160497982
3,52,18.330515183633533
3,53,21.024757598341132
3,54,23.51151328501207
3,55,26.743574290605455
3,56,28.218720891080537
3,57,25.57091665012793
3,58,27.215953756228124
3,59,25.981147014726634
3,60,24.46072682836688
3,61,25.921844222878764
3,62,26.941754658680015
3,63,25.778888629931657
3,64,21.988509980048068
3,65,20.795996834849632
3,66,17.753427712677244
3,67,18.54720501236077
3,68,17.06019352976268
3,69,17.765392614185302
3,70,19.983944051997202
3,71,17.451398303194964
3,72,15.6071508896366
3,73,12.102049888647603
3,74,12.520387569168529
3,75,13.746039981037603
3,76,16.27296769683498
3,77,16.374267044884864
3,78,19.98132561009555
3,79,22.624313450156727
3,80,26.290576042356317
3,81,29.1334412553507
3,82,27.20668924849544
3,83,28.986909092087135
3,84,29.3198373307531
3,85,28.102579541471087
3,86,24.66318996398311
3,87,24.197339090560632
3,88,21.33844782630753
3,89,17.668193026391542
3,90,15.030529244291277
3,91,11.36038414340512
3,92,9.544690820370306
3,93,7.947482386697392
3,94,8.268638115950147
3,95,10.609864716776436
3,96,11.961957276164739
3,97,15.757145920374512
3,98,16.54601815902723
3,99,19.001472802705027
3,100,16.668613611520467
3,101,13.933138322184663
3,102,10.472332812551265
3,103,8.572018149824629
3,104,4.843353440577582
3,105,5.668367546273768
3,106,5.951650940176014
3,107,8.787456821402742
3,108,12.261273294637553
3,109,14.45049836252699
3,110,18.16940232120041
3,111,20.656767356096225
3,112,24.368067643269043
3,113,27.295912912057705
4,1,8.973824815355085
4,2,6.385409938030023
4,3,3.8149285206269448
4,5,3.8113457460267246
4,6,6.671240621387687
4,7,9.80199644196264
4,8,12.64237583910287
4,9,12.98709701517274
4,10,16.385833065759886
4,11,17.634447656879516
4,12,21.404971735748212
4,13,22.987492476614904
4,14,26.60146523431308
4,15,27.7466564108551
4,16,27.683963419110338
4,17,25.338486674143216
4,18,22.24550007136042
4,19,19.101513117635
4,20,15.955180163675973
4,21,12.324303284875166
4,22,9.638409729859708
4,23,6.223230470397806
4,24,5.506801455434913
4,25,4.7689875376327375
4,26,7.2277425660805115
4,27,9.0855396010949
4,28,9.55384515441864
4,29,11.744076236392152
4,30,15.277619781916497
4,31,15.298973124416742
4,32,12.62745177013185
4,33,12.658669597010562
4,34,10.012388736141224
4,35,11.272976766504087
4,36,11.809942353307525
4,37,13.144807696597383
4,38,15.767500692533773
4,39,17.568490462763766
4,40,21.34234300627078
4,41,23.95460018928935
4,42,24.991477386275122
4,43,21.8226687397169
4,44,20.733130179648825
4,45,17.62916792623765
4,46,18.258989127882057
4,47,16.55017595778041
4,48,17.459656142139444
4,49,16.189027846663368
4,50,14.678663320312712
4,51,14.089729077993125
4,52,16.386803857511527
4,53,18.906812894827866
4,54,21.785946585080037
4,55,24.764822254707493
4,56,26.65788152059045
4,57,24.190597232215953
4,58,25.768049992773136
4,59,24.40986544396474
4,60,22.441711867102832
4,61,23.53433810861876
4,62,24.17277989963581
4,63,22.832772346081182
4,64,19.102453108950854
4,65,17.744483143861636
4,66,14.629598643637094
4,67,15.199329540429677
4,68,13.865978289527042
4,69,14.367858187595957
4,70,16.868767490933646
4,71,14.638459646613496
4,72,12.986707699488552
4,73,9.461757004551515
4,74,9.080281401667458
4,75,10.181456832559942
4,76,12.59259509173108
4,77,12.980062234871005
4,78,16.52478624116033
4,79,19.396159403008475
4,80,22.963202250524954
4,81,25.92019513312703
4,82,24.17878316373849
4,83,26.263148222555863
4,84,26.86052550545165
4,85,25.917853016688937
4,86,22.303175509137404
4,87,22.01471332712211
4,88,19.559116520042572
4,89,16.09424811233209
4,90,13.139202892454861
4,91,9.636979494637082
4,92,7.51813532023671
4,93,7.194203249718645
4,94,8.006423887897556
4,95,11.318269457362645
4,96,12.930719146150814
4,97,16.550575409506077
4,98,18.010867945024373
4,99,20.857210345649094
4,100,19.032581585872908
4,101,15.942429014201922
4,102,12.92401111360698
4,103,10.658730197956018
4,104,6.957854025015438
4,105,6.3585689812816035
4,106,5.177874212682989
4,107,8.275200658294004
4,108,11.15145886245072
4,109,12.459456643606696
4,110,16.16319480619763
4,111,18.187881686371355
4,112,21.896522392475976
4,113,24.612434309770606
5,1,12.300408710321438
5,2,9.24651996980672
5,3,6.81281139471658
5,4,3.8113457460267246
5,6,3.8162245046585066
5,7,6.250256748093008
5,8,9.022192915661295
5,9,9.547061867687942
5,10,13.010282522458548
5,11,14.372258848901197
5,12,18.179642620446415
5,13,19.996697437266675
5,14,23.712868575753205
5,15,25.22128407958553
5,16,25.451867828031965
5,17,22.960228176890354
5,18,20.04985536873588
5,19,16.723992820411947
5,20,13.758761894299123
5,21,10.026142375769915
5,22,7.531100928409733
5,23,5.3444201105803995
5,24,5.136910880845824
5,25,6.600393300261898
5,26,8.76101989380019
5,27,11.619636315909567
5,28,12.595230182240284
5,29,15.235277221405234
5,30,18.662284301000362
5,31,18.727214659251278
5,32,15.974688460533521
5,33,15.513583521754404
5,34,12.338806366116625
5,35,12.922487839631792
5,36,12.326254476520363
5,37,13.430651061583918
5,38,15.309883253362147
5,39,17.059897559803936
5,40,20.79372397886108
5,41,23.117647218136735
5,42,24.697667885532187
5,43,21.657868092818944
5,44,21.014611750583807
5,45,18.111967609946245
5,46,18.760367718795045
5,47,17.425093085267736
5,48,17.795245511749382
5,49,16.88451390039147
5,50,16.133329953757055
5,51,15.819968894873307
5,52,18.33335636383992
5,53,20.424067240234443
5,54,23.529368395215027
5,55,26.134795671256366
5,56,28.3017835402949
5,57,25.82656189897899
5,58,27.023740099570315
5,59,25.25500458417195
5,60,23.076807327264298
5,61,23.566223330588517
5,62,23.981612036302774
5,63,22.095021787210666
5,64,18.540296056802912
5,65,17.53452721514763
5,66,14.752945248563492
5,67,15.248713774989936
5,68,14.42115913135758
5,69,14.302629728007204
5,70,17.053688728945886
5,71,15.082450948698913
5,72,14.190330946081444
5,73,10.713370106414162
5,74,9.105547151949335
5,75,10.08154563771112
5,76,11.611370781975904
5,77,12.033264558433922
5,78,15.114935476870995
5,79,17.95946601970209
5,80,21.40864618354565
5,81,24.148241076423837
5,82,22.20749960825856
5,83,24.34744348038976
5,84,24.741228714584523
5,85,24.258775284681928
5,86,20.61154076589733
5,87,19.914468665120364
5,88,17.71622049694565
5,89,14.38245473297332
5,90,11.83216373098411
5,91,9.003031054571494
5,92,8.089161277675295
5,93,9.373306420587307
5,94,11.133270306452715
5,95,14.681840049621783
5,96,16.587715677159064
5,97,20.12799741476922
5,98,21.76781902127635
5,99,24.59949812591335
5,100,22.73370607840363
5,101,19.57444538068671
5,102,16.504834520972487
5,103,13.902676971919947
5,104,10.223917694900853
5,105,8.481482513240685
5,106,5.518253675309054
5,107,7.079236989873712
5,108,9.460098219086246
5,109,9.87457776004517
5,110,13.575158643470532
5,111,15.601553782654603
5,112,19.143368018381867
5,113,21.987384614178733
6,1,15.62409401414915
6,2,12.702126190408954
6,3,9.696746213026154
6,4,6.671240621387687
6,5,3.8162245046585066
6,7,3.808952677198842
6,8,6.400526992590006
6,9,6.971940245577552
6,10,9.943758531363972
6,11,10.96861043432168
6,12,14.735094911728655
6,13,16.45527459971917
6,14,20.121471088337945
6,15,21.50253505865746
6,16,21.830492077744765
6,17,19.512073322635125
6,18,16.80736830233058
6,19,13.308046752208632
6,20,10.705435154037987
6,21,6.9120392145517355
6,22,5.692932429264677
6,23,4.772629190594164
6,24,6.8715114584769985
6,25,9.46673757029649
6,26,12.211453586357921
6,27,14.86003996683073
6,28,15.234721174948932
6,29,17.694810989189637
6,30,20.866448606715462
6,31,20.37145663446708
6,32,17.235051864384666
6,33,15.924899586491422
6,34,12.305539446054809
6,35,11.903900504875084
6,36,10.239774706951449
6,37,11.094751505267439
6,38,12.382730667475592
6,39,14.330309169358179
6,40,17.914400548416246
6,41,20.236432948286367
6,42,22.167452607815353
6,43,19.45353993934974
6,44,18.856984717219756
6,45,16.00803445472766
6,46,16.403186751579984
6,47,15.346263507796193
6,48,15.26146302349981
6,49,14.827140219262034
6,50,14.903835246833644
6,51,15.250140205702074
6,52,18.012106429049908
6,53,19.437666437145573
6,54,22.501846418900094
6,55,24.712058699581682
6,56,26.946056000807022
6,57,24.372148569249347
6,58,25.112539194846217
6,59,22.969996410454375
6,60,20.747507205446798
6,61,20.80425141605202
6,62,21.25799880767757
6,63,19.026623300657693
6,64,15.60024742695926
6,65,15.149399586023778
6,66,12.973812275914641
6,67,14.041125728190222
6,68,14.188599044643684
6,69,14.36165010938016
6,70,17.64086229863962
6,71,16.437378906407435
6,72,15.48720842648739
6,73,12.541829887486106
6,74,9.983326267676668
6,75,9.62164278427048
6,76,9.897996667332235
6,77,9.458473755433722
6,78,12.177787178713517
6,79,14.662483309738215
6,80,18.141373954268644
6,81,20.65349496512356
6,82,18.523103558119566
6,83,20.572589019657155
6,84,20.931469111053307
6,85,20.53381107564967
6,86,16.87577610542631
6,87,16.17591692692005
6,88,14.18205266061958
6,89,11.08477802290229
6,90,8.547422828893868
6,91,6.481246044912477
6,92,6.641962094725824
6,93,9.343720193637736
6,94,11.97609306720349
6,95,15.65818771428713
6,96,18.144682195106085
6,97,21.447731931719176
6,98,23.571547885330794
6,99,26.285587908934925
6,100,24.554904065235128
6,101,21.117117046489597
6,102,18.29416647495256
6,103,15.193271876735427
6,104,11.922672295896897
6,105,9.162325912029143
6,106,5.798924045584387
6,107,6.3736172053333275
6,108,7.147513655653785
6,109,6.616765717065636
6,110,10.120608973944234
6,111,11.856320644569575
6,112,15.444590446008508
6,113,18.216485021109303
7,1,18.49343389989612
7,2,15.476456312689118
7,3,12.909086258454101
7,4,9.80199644196264
7,5,6.250256748093008
7,6,3.808952677198842
7,8,2.935870578770273
7,9,5.171055332362616
7,10,7.707881189313794
7,11,8.436970227976705
7,12,12.229138846154264
7,13,14.085191957920118
7,14,17.8633304808769
7,15,19.789233107307904
7,16,20.337729849134853
7,17,17.697482725696076
7,18,15.174339940493985
7,19,11.69559894291113
7,20,9.353755918341616
7,21,6.0399526944864705
7,22,5.398067376294024
7,23,6.8176180866644565
7,24,8.341897144829915
7,25,11.5830932547145
7,26,13.86252819654714
7,27,16.963231737534173
7,28,17.747718813129318
7,29,20.606969203378533
7,30,23.688127405565492
7,31,23.44686007933071
7,32,20.478685906100697
7,33,19.143249034807496
7,34,15.468282873422305
7,35,15.065389629421777
7,36,12.933188473923826
7,37,13.82419460093311
7,38,14.405438876219392
7,39,16.308121560987168
7,40,19.59819945463021
7,41,21.58462749677289
7,42,24.0087855071227
7,43,21.566547630522404
7,44,21.316219914630413
7,45,18.706292098782708
7,46,18.931514523550817
7,47,18.04559993501476
7,48,17.344114796042177
7,49,16.98495084123972
7,50,17.500523059656658
7,51,17.702612375460422
7,52,20.385559826252525
7,53,21.56874456933343
7,54,24.82934978842333
7,55,26.683819619620554
7,56,29.215201164789832
7,57,26.843761254813444
7,58,27.392112126339327
7,59,25.079159434502817
7,60,22.594771658240614
7,61,22.05837145403175
7,62,22.053824527826237
7,63,19.388108599915995
7,64,16.387158190483117
7,65,16.080272185959313
7,66,14.255511623825342
7,67,14.8233649654583
7,68,15.214894994842302
7,69,14.605920497399916
7,70,17.771490351465353
7,71,16.821111212623947
7,72,16.672736371953572
7,73,13.968816324274139
7,74,10.86772178159884
7,75,10.675735041994727
7,76,10.094326512091211
7,77,10.167673529500897
7,78,11.911619658027613
7,79,14.388361425720232
7,80,17.429803424959832
7,81,19.717707049689466
7,82,17.597556253186944
7,83,19.86556099450669
7,84,20.141800905828717
7,85,20.446957657377347
7,86,16.834859483589838
7,87,15.782280691293174
7,88,14.4634799217406
7,89,11.954441604940076
7,90,10.180053479088699
7,91,9.356985108625578
7,92,10.086789638373894
7,93,13.070954654381884
7,94,15.595150684655337
7,95,19.33520587437711
7,96,21.68455424793598
7,97,24.9348770762017
7,98,27.089764691406167
7,99,29.93083512282798
7,100,28.260218295255434
7,101,24.851397817052025
7,102,22.015168618571803
7,103,18.981502453325465
7,104,15.632061417891618
7,105,12.929778900900406
7,106,9.407057663374784
7,107,8.999549666235843
7,108,8.977736413154933
7,109,6.867765136531779
7,110,9.648809374635613
7,111,10.883001017733767
7,112,13.985259090408151
7,113,16.70243344421831
8,1,21.307264140358086
8,2,18.167156919142627
8,3,15.56518286897194
8,4,12.64237583910287
8,5,9.022192915661295
8,6,6.400526992590006
8,7,2.935870578770273
8,9,3.8110563970661326
8,10,5.290714701510626
8,11,6.017121447521026
8,12,9.704813441300121
8,13,11.917031138024187
8,14,15.713196802175483
8,15,17.980337464351432
8,16,18.92990887582841
8,17,16.338020057106974
8,18,14.294163534501143
8,19,10.782095049298267
8,20,9.277799626972099
8,21,6.785251434824474
8,22,7.419183272970877
8,23,9.542667850283685
8,24,11.167370708273902
8,25,14.473424453097596
8,26,16.594939676129638
8,27,19.806138061760464
8,28,20.6641909294757
8,29,23.538982318709404
8,30,26.594394044396264
8,31,26.288506274813283
8,32,23.25800867766177
8,33,21.727177463430586
8,34,17.98579385069907
8,35,17.215694501625222
8,36,14.642133384239425
8,37,15.149814698668035
8,38,15.02000442579277
8,39,16.651271699712673
8,40,19.627126228505038
8,41,21.23621917979607
8,42,24.01320752847268
8,43,21.819464183323007
8,44,21.928022769385567
8,45,19.649455964873855
8,46,19.906484969256965
8,47,19.411633801530094
8,48,18.446241614384554
8,49,18.486641579168708
8,50,19.483612973794646
8,51,19.950269551309944
8,52,22.657776742305387
8,53,23.508538825741418
8,54,26.718265678770262
8,55,28.284517542576857
8,56,30.856840692016466
8,57,28.475668461809253
8,58,28.699524654844872
8,59,26.132730345180473
8,60,23.675393641999054
8,61,22.713705783853403
8,62,22.63342966470368
8,63,19.614194667768633
8,64,16.99044671897462
8,65,17.159821089367338
8,66,15.875072356100706
8,67,16.527390363239103
8,68,17.333272081970915
8,69,16.564218636998692
8,70,19.71893926230245
8,71,19.047465535940752
8,72,19.167500252377412
8,73,16.654316519729853
8,74,13.375833909292977
8,75,12.946204605394726
8,76,11.673191029125134
8,77,11.46006685527987
8,78,12.367953567994565
8,79,14.341222392186394
8,80,17.048528561469002
8,81,18.880503594828355
8,82,16.540203580923148
8,83,18.661407369019077
8,84,18.635607667035377
8,85,19.395698635677217
8,86,15.977967130770626
8,87,14.490949634455319
8,88,13.596628787895806
8,89,11.60886715612778
8,90,10.671687667127404
8,91,10.823849274425543
8,92,12.266046355691131
8,93,15.498190125759676
8,94,18.260000072929497
8,95,21.966804316982405
8,96,24.46536932492082
8,97,27.678633770519863
8,98,29.90150759737526
8,99,32.671024787164654
8,100,30.94685139716051
8,101,27.506507490530367
8,102,24.651587634837945
8,103,21.48356869867824
8,104,18.22198778065348
8,105,15.279629077067739
8,106,11.66174812363175
8,107,10.473469991125214
8,108,9.626544100795478
8,109,6.628038979235505
8,110,8.439494378420543
8,111,9.3877049868441
8,112,11.986124045589333
8,113,14.772547908578387
9,1,21.509001936477627
9,2,18.0779710688068
9,3,15.18576672939878
9,4,12.98709701517274
9,5,9.547061867687942
9,6,6.971940245577552
9,7,5.171055332362616
9,8,3.8110563970661326
9,10,3.8186806144002463
9,11,6.725139984316683
9,12,10.0817084306239
9,13,13.048148343611832
9,14,16.702670875279352
9,15,18.804919626001315
9,16,20.276310921066255
9,17,18.2438489672706
9,18,16.667705987776483
9,19,12.947965759550385
9,20,12.019592760698119
9,21,9.335186179244351
9,22,10.202913240925643
9,23,11.320542129407897
9,24,13.102103699618388
9,25,15.874639960259337
9,26,17.898818148504127
9,27,21.070569369999102
9,28,21.966166033953286
9,29,24.51077149950692
9,30,27.78467925404407
9,31,27.297639794574348
9,32,24.071832673455464
9,33,22.51788925599572
9,34,18.814970003611972
9,35,17.593008844639154
9,36,14.954676587035891
9,37,14.52593908683469
9,38,13.920285239053637
9,39,14.72533795202857
9,40,17.68886655443082
9,41,18.848089433134657
9,42,21.59405505003332
9,43,19.218112802420777
9,44,19.84419759554623
9,45,18.033494472783016
9,46,18.9513999627107
9,47,19.103586434697927
9,48,18.702570699543994
9,49,19.357824089817303
9,50,20.46591367736794
9,51,21.423252245207372
9,52,24.271211219708192
9,53,25.094304336096126
9,54,28.018659221132115
9,55,29.712459445512273
9,56,31.934231756828076
9,57,29.20562330088016
9,58,29.191886413219443
9,59,26.406604400858892
9,60,24.41347246127499
9,61,23.619376232811625
9,62,24.109701486402322
9,63,21.066896042106983
9,64,18.347213855175124
9,65,19.027177826916876
9,66,17.91954246955817
9,67,19.154716240705923
9,68,20.005027962333532
9,69,19.658570155989903
9,70,22.905805688589357
9,71,21.979972584502075
9,72,21.730711443246733
9,73,18.898256141670842
9,74,15.952995539861
9,75,15.483557449495
9,76,14.457821605002412
9,77,13.514788140448283
9,78,14.659887192718614
9,79,16.06942458564125
9,80,18.991221311934027
9,81,20.430970680976476
9,82,17.567838366417227
9,83,18.99562555046558
9,84,18.29624310526951
9,85,18.763910497362556
9,86,15.619982432144413
9,87,13.486847544213747
9,88,11.89948633693752
9,89,9.544183516306225
9,90,9.497987323915705
9,91,9.889528655760829
9,92,12.234884437103585
9,93,15.275835594020775
9,94,18.451394104192172
9,95,21.93434275093219
9,96,24.710778932578226
9,97,28.045571677641476
9,98,30.10500297262335
9,99,32.545677608778455
9,100,30.477489386241878
9,101,27.100440486855703
9,102,24.057439707222333
9,103,20.701071961039283
9,104,17.600321215028405
9,105,14.359706937968399
9,106,10.677394466591991
9,107,8.364151170661147
9,108,7.069621840428441
9,109,4.344566049891164
9,110,6.318000684849244
9,111,8.670004554204404
9,112,11.317278767821715
9,113,14.724237755554745
10,1,25.10838354101752
10,2,21.765608681442096
10,3,18.75533418098607
10,4,16.385833065759886
10,5,13.010282522458548
10,6,9.943758531363972
10,7,7.707881189313794
10,8,5.290714701510626
10,9,3.8186806144002463
10,11,3.8089642910714594
10,12,6.484942850080859
10,13,9.807482352170481
10,14,13.29419034929851
10,15,15.568980945241202
10,16,17.46157423087255
10,17,15.693581994664028
10,18,14.800717060090706
10,19,11.254272795789635
10,20,11.462883097205863
10,21,9.869941436140666
10,22,11.878628200242897
10,23,13.757861053367149
10,24,15.96882321079243
10,25,19.071097211141964
10,26,21.303807626286154
10,27,24.425274717264507
10,28,25.09779821911456
10,29,27.6332920675377
10,30,30.738335601464062
10,31,30.024279093485102
10,32,26.693650965463423
10,33,24.751137940787494
10,34,20.972223300007034
10,35,19.32779396692734
10,36,16.18246204472905
10,37,15.554997980140364
10,38,14.14161961346536
10,39,14.857170506758294
10,40,17.19470823018459
10,41,18.002229395253206
10,42,21.200289306125036
10,43,19.408443260187976
10,44,20.22979776853268
10,45,18.747518114137232
10,46,19.365925310515816
10,47,19.84865335680761
10,48,18.942211016903755
10,49,20.00020312327582
10,50,21.72782757235823
10,51,22.994878495250283
10,52,25.83703733433267
10,53,26.146746553956653
10,54,28.97343834306324
10,55,30.223258281667853
10,56,32.50215905454316
10,57,29.840720029079094
10,58,29.406280120090358
10,59,26.359627319278538
10,60,24.370016754299307
10,61,23.02415676702914
10,62,23.392207336372596
10,63,20.011242904942012
10,64,17.846465965925407
10,65,19.0898488364537
10,66,18.696986081218327
10,67,20.089914491086976
10,68,21.533697854004327
10,69,21.20807721547804
10,70,24.56377862463182
10,71,24.146431473154134
10,72,24.010247405183303
10,73,21.547925769421052
10,74,18.264749265464523
10,75,17.260636632108188
10,76,15.431651908216638
10,77,14.106946846977921
10,78,14.280636286704594
10,79,14.948616574081793
10,80,17.387022667035364
10,81,18.21559249205837
10,82,15.148545585946758
10,83,16.321795086868647
10,84,15.327291783998895
10,85,16.35212210397244
10,86,13.522029285254378
10,87,11.009249187738652
10,88,10.297517035209989
10,89,9.146654793197735
10,90,10.044491826425002
10,91,11.701631918379023
10,92,14.421580172750021
10,93,17.816097490255522
10,94,21.139615382794297
10,95,24.602109856235778
10,96,27.561008174013942
10,97,30.708609710733707
10,98,33.02536960991448
10,99,35.42912939766942
10,100,33.49401924701346
10,101,30.00108590725622
10,102,27.145651715947682
10,103,23.645645410511555
10,104,20.780469509815152
10,105,17.333273854759426
10,106,13.847417644494087
10,107,11.491327771523377
10,108,9.171121536583696
10,109,5.652798671998137
10,110,5.004371915471933
10,111,6.225728228720721
10,112,7.983572405748155
10,113,11.380125021654443
11,1,26.564699892833428
11,2,23.507748859011134
11,3,20.49621216959877
11,4,17.634447656879516
11,5,14.372258848901197
11,6,10.96861043432168
11,7,8.436970227976705
11,8,6.017121447521026
11,9,6.725139984316683
11,10,3.8089642910714594
11,12,3.812075803265301
11,13,6.334050140599177
11,14,10.037871796096557
11,15,12.379591100681496
11,16,13.977314628241697
11,17,11.958577613942094
11,18,11.13317145430364
11,19,7.775888750706263
11,20,8.662514467771926
11,21,8.257461778027823
11,22,11.064484088005873
11,23,13.70982529910294
11,24,16.229947273345292
11,25,19.707429904405377
11,26,22.24403089792473
11,27,25.203114686002024
11,28,25.55061975566223
11,29,28.16150756260013
11,30,30.966600213587355
11,31,30.12218682335983
11,32,26.83175191240202
11,33,24.606078501938697
11,34,20.809564405071974
11,35,19.137276743092528
11,36,15.75834247162538
11,37,15.659636297960889
11,38,14.216943991957129
11,39,15.623899883574058
11,40,17.647704317198514
11,41,18.79752328682886
11,42,22.12868525882456
11,43,20.79826641979023
11,44,21.157415575791767
11,45,19.421176988308197
11,46,19.301828649058926
11,47,19.45804519400645
11,48,17.845261166748042
11,49,18.735349271519997
11,50,20.79677702572756
11,51,22.00893071274827
11,52,24.72985618324414
11,53,24.66260926063683
11,54,27.542917140723134
11,55,28.404804670075503
11,56,30.914459962653225
11,57,28.538072469133663
11,58,28.00419292639781
11,59,24.98185987568872
11,60,22.68415120714231
11,61,20.902280957488088
11,62,20.82075742929194
11,63,17.275931775133163
11,64,15.549385621506618
11,65,16.866719830112743
11,66,16.930871761341976
11,67,18.18871028806668
11,68,20.087857570573405
11,69,19.736891112218686
11,70,23.13169252931341
11,71,23.287873061599786
11,72,23.25951820624002
11,73,21.31589486421955
11,74,17.72507730401586
11,75,16.22171594015032
11,76,13.69905721602337
11,77,12.365333959103506
11,78,11.65313581549214
11,79,12.053941053947039
11,80,14.050295713418596
11,81,14.803652297087728
11,82,11.98978600208246
11,83,13.654978304040915
11,84,13.250154451989328
11,85,14.72274155348071
11,86,11.77288724959862
11,87,9.913735698743107
11,88,10.362683890024817
11,89,10.120493634192904
11,90,10.528440860854895
11,91,12.59908354060138
11,92,14.912401591616492
11,93,18.5911758906139
11,94,21.739150329815544
11,95,25.27704871541935
11,96,28.196838766025504
11,97,31.090522092328573
11,98,33.71159925389606
11,99,36.277712874516446
11,100,34.6953684916489
11,101,31.07128123749987
11,102,28.513932135142785
11,103,25.033439056425983
11,104,22.271467422274917
11,105,18.86522473311725
11,106,15.585392349816228
11,107,13.92475512463296
11,108,11.454821520445709
11,109,7.653380035947653
11,110,6.3932100766228395
11,111,5.1450922964118
11,112,6.430018741123827
11,113,8.959026347037693
12,1,30.350525007382608
12,2,27.291223381574493
12,3,24.22362088935659
12,4,21.404971735748212
12,5,18.179642620446415
12,6,14.735094911728655
12,7,12.229138846154264
12,8,9.704813441300121
12,9,10.0817084306239
12,10,6.484942850080859
12,11,3.812075803265301
12,13,3.806583564517571
12,14,6.93354255129005
12,15,9.695523967880723
12,16,12.030928844308557
12,17,10.565614138627913
12,18,11.002999273842235
12,19,8.509992647575356
12,20,10.73557857064282
12,21,11.380222331533584
12,22,14.504597978288482
12,23,17.317301946779747
12,24,19.922197322629216
12,25,23.454953708809988
12,26,26.013122522805794
12,27,28.958735897137416
12,28,29.2231240098556
12,29,31.794073152421724
12,30,34.49902171182806
12,31,33.512869545361816
12,32,30.178229426706235
12,33,27.735920455242287
12,34,23.97807874223417
12,35,22.033481011544424
12,36,18.45051041132783
12,37,18.099879598847085
12,38,16.069382115958433
12,39,17.176775333703738
12,40,18.48496596910247
12,41,19.151572770847803
12,42,22.758347093504756
12,43,21.99412388095314
12,44,22.59328886557953
12,45,21.279208177568012
12,46,21.00755433614422
12,47,21.516187925337533
12,48,19.60808317390354
12,49,20.862084307701917
12,50,23.349792580008813
12,51,24.795393389266344
12,52,27.44523056043751
12,53,26.964893007855792
12,54,29.665338071663164
12,55,30.11400165361511
12,56,32.59595638120102
12,57,30.306490903779665
12,58,29.37154744020732
12,59,26.16274131624149
12,60,23.988134634492248
12,61,21.719614628904285
12,62,21.534431197745697
12,63,17.78196090921045
12,64,16.81147592476513
12,65,18.636203964501178
12,66,19.348469267307042
12,67,20.684657892785122
12,68,22.95490962529564
12,69,22.616480508116812
12,70,25.962479110924054
12,71,26.452329875169223
12,72,26.524211245791815
12,73,24.822065256643523
12,74,21.145714682168794
12,75,19.411885435758116
12,76,16.507609058217508
12,77,14.98038603633076
12,78,13.455781736901264
12,79,12.932760726841101
12,80,14.066199021777654
12,81,13.847646949152992
12,82,10.924938152194407
12,83,12.066986223253606
12,84,11.219787708606107
12,85,13.531111373047203
12,86,11.338464395759168
12,87,9.217053595511786
12,88,10.84947490020854
12,89,11.83403452793735
12,90,13.005400571780896
12,91,15.672751737074439
12,92,18.19131566772821
12,93,21.916225560058894
12,94,25.134809396103424
12,95,28.581614237295746
12,96,31.61071018371302
12,97,34.372120168572955
12,98,37.12002202646169
12,99,39.60848670322479
12,100,38.075937843543734
12,101,34.41172462978605
12,102,31.95646755161637
12,103,28.397014216586765
12,104,25.80467834728275
12,105,22.2963872175247
12,106,19.13333769436567
12,107,17.276049182934113
12,108,14.433434875527714
12,109,10.742867360754913
12,110,8.341601644685037
12,111,6.021439442886427
12,112,4.740988594454546
12,113,6.4011515976383295
13,1,31.923472802901294
13,2,29.14417992676741
13,3,26.08194853731433
13,4,22.987492476614904
13,5,19.996697437266675
13,6,16.45527459971917
13,7,14.085191957920118
13,8,11.917031138024187
13,9,13.048148343611832
13,10,9.807482352170481
13,11,6.334050140599177
13,12,3.806583564517571
13,14,3.7982016684881748
13,15,6.576546724865992
13,16,8.474196734232018
13,17,6.869159236871086
13,18,7.9601711652266625
13,19,6.541134451003701
13,20,9.721739336860276
13,21,11.597948498679667
13,22,15.034123054881377
13,23,18.13859881009966
13,24,20.916684586338466
13,25,24.5837228282085
13,26,27.36953820920934
13,27,30.078804268347792
13,28,30.007932539768536
13,29,32.541055565902816
13,30,34.93048145042379
13,31,33.79129892956616
13,32,30.53297173837835
13,33,27.863047713678334
13,34,24.217418101554575
13,35,22.26543081691286
13,36,18.64500059783651
13,37,18.718986420571966
13,38,16.772946741066843
13,39,18.394580446936484
13,40,19.378041544948175
13,41,20.371119366601018
13,42,23.92007119467199
13,43,23.558575740277067
13,44,23.702163869804888
13,45,22.201070217235486
13,46,21.281824529957095
13,47,21.49386987585544
13,48,19.01264610423639
13,49,20.104445348943397
13,50,22.850551508487715
13,51,24.259369238876666
13,52,26.709996156212988
13,53,25.822917140602215
13,54,28.450982125475637
13,55,28.46821574393224
13,56,31.09695672223551
13,57,29.127346447788163
13,58,28.072574666183172
13,59,24.956084268318946
13,60,22.570909441408478
13,61,19.889861896346527
13,62,19.24435404880695
13,63,15.444419798001027
13,64,15.161462036526718
13,65,17.077107603961156
13,66,18.339648119800785
13,67,19.565888480986917
13,68,22.242263101732732
13,69,22.00128523779974
13,70,25.29353390552663
13,71,26.327295736312585
13,72,26.405096441688222
13,73,25.221903256059143
13,74,21.4454988237237
13,75,19.28926266940155
13,76,15.928360782924461
13,77,14.396463403785308
13,78,12.003127322108352
13,79,10.908259232700376
13,80,11.160498161228743
13,81,10.562431165343627
13,82,8.132351929174035
13,83,9.818523790668307
13,84,9.909054081848081
13,85,12.615147701149658
13,86,10.58481243952228
13,87,9.621703319228962
13,88,12.1346734448436
13,89,13.656072535563187
13,90,14.332824974382842
13,91,17.103741469288668
13,92,19.20510462266334
13,93,22.9872367715486
13,94,25.984215456569096
13,95,29.384280309541367
13,96,32.34880019572456
13,97,34.822950639496206
13,98,37.81424935268468
13,99,40.3895508605897
13,100,39.1858957387382
13,101,35.44662243952853
13,102,33.29624815666544
13,103,29.794900472501926
13,104,27.36782206474097
13,105,23.95181230329121
13,106,21.05313795764975
13,107,19.714563459519354
13,108,16.856036019412322
13,109,13.211471774697031
13,110,10.896918308265864
13,111,7.62490359815852
13,112,6.064808101812857
13,113,5.348725475670766
14,1,35.523347191492064
14,2,32.81261937005446
14,3,29.69002233020977
14,4,26.60146523431308
14,5,23.712868575753205
14,6,20.121471088337945
14,7,17.8633304808769
14,8,15.713196802175483
14,9,16.702670875279352
14,10,13.29419034929851
14,11,10.037871796096557
14,12,6.93354255129005
14,13,3.7982016684881748
14,15,3.7933978761931604
14,16,6.4723433126568795
14,17,6.204213552070344
14,18,8.959400778449336
14,19,8.983867373565536
14,20,12.606224182497096
14,21,14.972522212452228
14,22,18.498386608764786
14,23,21.608157811601572
14,24,24.478613801787144
14,25,28.152994219936225
14,26,31.01824631523461
14,27,33.63161737565096
14,28,33.39603432172659
14,29,35.839108237119326
14,30,38.06942850278863
14,31,36.762533618588016
14,32,33.499978446612836
14,33,30.63469299288198
14,34,27.10229630765002
14,35,24.963211433076072
14,36,21.28973488742901
14,37,21.24860203862714
14,38,19.00015277206211
14,39,20.471967426922618
14,40,20.82581788854567
14,41,21.53955967330028
14,42,25.133975190695413
14,43,25.317025351783983
14,44,25.484163322133767
14,45,24.274641811605136
14,46,23.109974758125173
14,47,23.514046302437137
14,48,20.78654916426171
14,49,22.101852136491527
14,50,25.14821946580927
14,51,26.72862716334063
14,52,29.037456013229985
14,53,27.73911458785425
14,54,30.115575028317217
14,55,29.684238467485404
14,56,32.24406597495114
14,57,30.45294954358393
14,58,29.040814008109944
14,59,25.870044061778927
14,60,23.6339143377138
14,61,20.54584560079352
14,62,19.752152655680995
14,63,15.996880647054956
14,64,16.577712505044325
14,65,18.83956226815663
14,66,20.67192163890548
14,67,21.955748526589897
14,68,24.920584237415813
14,69,24.793239541305965
14,70,28.00016763157418
14,71,29.363031592332216
14,72,29.438826035108487
14,73,28.528792513423337
14,74,24.745073575997406
14,75,22.37016395063319
14,76,18.815858073174518
14,77,17.153873745332813
14,78,14.280565636656267
14,79,12.411192749622035
14,80,11.59686481410351
14,81,9.795484475726795
14,82,7.8541573100043
14,83,8.803142169349405
14,84,8.901465559701572
14,85,12.289355907165998
14,86,11.296339840055714
14,87,10.739461445779053
14,88,13.980013486942454
14,89,16.224305448271448
14,90,17.196139971607856
14,91,20.245796185427874
14,92,22.377292847566068
14,93,26.13618392813357
14,94,29.116143377254854
14,95,32.390952332430324
14,96,35.41381429496859
14,97,37.69557511997129
14,98,40.82529467666238
14,99,43.32840847900439
14,100,42.24881430026567
14,101,38.47912453639789
14,102,36.49824853993355
14,103,32.966561115235095
14,104,30.731544108348302
14,105,27.278229477294236
14,106,24.5426338236575
14,107,23.190150821311484
14,108,20.129857924543032
14,109,16.613850364528293
14,110,13.90701378625646
14,111,10.41566551113475
14,112,7.8779348286511315
14,113,5.283340953838825
15,1,36.568410213328654
15,2,34.05302809584315
15,3,30.771773059930034
15,4,27.7466564108551
15,5,25.22128407958553
15,6,21.50253505865746
15,7,19.789233107307904
15,8,17.980337464351432
15,9,18.804919626001315
15,10,15.568980945241202
15,11,12.379591100681496
15,12,9.695523967880723
15,13,6.576546724865992
15,14,3.7933978761931604
15,16,3.7940412545403053
15,17,5.783409111353627
15,18,9.0844598481496
15,19,9.7374635848885
15,20,13.542880829254893
15,21,16.11439563202382
15,22,19.829633735965455
15,23,22.654038391280164
15,24,25.839256118672644
15,25,29.400809930370947
15,26,32.53640110276356
15,27,34.85060482233749
15,28,34.216773198376536
15,29,36.364953203245626
15,30,38.37809661048197
15,31,36.73196515291846
15,32,33.41998958194011
15,33,30.28180104855812
15,34,26.945589333284335
15,35,24.513229986726408
15,36,20.841197569922898
15,37,20.680436141723625
15,38,18.259319108349406
15,39,19.7788320721566
15,40,19.594626141270336
15,41,20.41170835740337
15,42,23.829292003487843
15,43,24.491287498965765
15,44,24.370447599123633
15,45,23.29100406385767
15,46,21.745872097656054
15,47,22.261165356429608
15,48,19.344869576093828
15,49,20.942882949311873
15,50,24.29483837993422
15,51,26.201061011407894
15,52,28.38378074292062
15,53,26.64075773548263
15,54,28.637531523692964
15,55,27.852280565284914
15,56,30.202787916276424
15,57,28.4864958461577
15,58,26.730258771406884
15,59,23.523275516371577
15,60,21.5191683287831
15,61,18.190535586134384
15,62,17.52960336168609
15,63,13.91410141793573
15,64,15.14087260004111
15,65,17.86642025162072
15,66,20.29005376728699
15,67,21.96203804709661
15,68,25.26237130914967
15,69,25.638733093329943
15,70,28.943468791886204
15,71,30.5617417261009
15,72,30.2606469665861
15,73,29.593531208848777
15,74,25.898263659247664
15,75,23.0989337719723
15,76,19.44959211475767
15,77,17.307464426974736
15,78,14.222348454206665
15,79,11.493477519416777
15,80,10.159411755310488
15,81,7.403433470964482
15,82,5.609724712689756
15,83,5.7183533024041715
15,84,6.552830181926485
15,85,9.880361998796777
15,86,9.598812517603834
15,87,10.061812438921004
15,88,13.681805561648623
15,89,16.430003195322925
15,90,17.344801349040274
15,91,20.60728783791991
15,92,22.662211232092513
15,93,26.309532931628564
15,94,29.23502115459921
15,95,32.258722772667795
15,96,35.37490339305199
15,97,37.3634539796485
15,98,40.662988862199256
15,99,43.00416988596496
15,100,42.11206177317167
