1,2,3.8936125919951414
1,3,5.417652048164433
1,4,8.81021842019792
1,5,8.33624334034589
1,6,6.878660351504226
1,7,8.869236856278654
1,8,12.008459547061484
1,9,13.09913181662054
1,10,13.815261070690443
1,11,15.015103399487883
1,12,13.839992484072974
1,13,15.856155139164974
1,14,13.278346405219686
1,15,11.310182375577003
1,16,9.066765646455272
1,17,9.817868186959668
1,18,13.480352036745574
1,19,15.662988021259599
1,20,18.604707502177963
1,21,21.350581376250187
1,22,23.77138754415694
1,23,27.35225489890179
1,24,28.835641975557337
1,25,32.43281252938222
1,26,31.949232791304265
1,27,28.971818892112722
1,28,29.57298367013533
1,29,33.21499029585973
1,30,32.40901711124785
1,31,35.211513358875564
1,32,35.717598634652745
1,33,32.48125381911606
1,34,33.677668893529564
1,35,30.374427014474747
1,36,27.88936624659312
1,37,29.14073207036824
1,38,25.73714603407016
1,39,21.993930151995816
1,40,18.569876080671005
1,41,17.722805245306077
1,42,15.373570991192729
1,43,14.873319882840384
1,44,12.920521816017638
1,45,14.6028787723853
1,46,14.905563477512484
1,47,15.905721710446425
1,48,14.624718233905282
1,49,15.92571622707877
1,50,10.59929325116001
1,51,11.869127716122188
1,52,10.486616878162845
1,53,14.106257508621493
1,54,17.25963463319049
1,55,18.98611022611742
1,56,16.50514805747942
1,57,17.025521178502682
1,58,20.745098413810116
1,59,21.137093835706665
1,60,19.50369120998724
1,61,21.971824497862347
1,62,24.864464609189568
1,63,24.47435836457886
1,64,25.27561694306824
1,65,28.093988270257075
1,66,29.897880296805774
1,67,31.955705144599825
1,68,31.06589939915875
1,69,27.281186996069223
1,70,26.151484805730522
1,71,23.293230505145594
1,72,20.871005935071892
1,73,17.16105387407631
1,74,16.122002568525172
1,75,13.369453824669618
1,76,13.384822806762989
1,77,12.072106939642433
1,78,10.080832239056386
1,79,10.429925768991708
1,80,13.652497989084878
1,81,15.871471537186853
1,82,19.653746728253182
1,83,21.785133426186444
1,84,25.065925762187007
1,85,28.005962030462857
1,86,31.680296207226196
1,87,34.68001594600951
1,88,38.40984431683035
1,89,41.06019460269505
1,90,44.03048371764756
1,91,43.65557830050205
1,92,41.67045793845675
1,93,37.94626689498664
1,94,35.49138659308757
1,95,31.88786116660737
1,96,29.58864099137865
1,97,26.03399665720106
1,98,24.537700982686882
1,99,21.787845441815303
1,100,18.66863581538725
1,101,19.408423605059596
1,102,16.09665445499131
1,103,12.846353246941067
1,104,9.85693266620342
1,105,7.067534562768617
1,106,8.021162110724548
1,107,8.703509332593212
1,108,11.779671105344137
1,109,14.518128718106537
2,1,3.8936125919951414
2,3,3.8631079749899193
2,4,7.178085341732616
2,5,8.10762738243667
2,6,6.055565427765216
2,7,6.212528867601719
2,8,9.63472790820227
2,9,11.38948598136
2,10,11.615114685112012
2,11,12.00133285273726
2,12,10.791436227136002
2,13,12.54332496911262
2,14,10.137933836105164
2,15,7.87041755584016
2,16,5.213348147466197
2,17,6.20805446870658
2,18,9.885610046575662
2,19,12.516046902862318
2,20,15.4586027887817
2,21,18.53294336819176
2,22,20.97551815379185
2,23,24.68549998416204
2,24,26.347021226113384
2,25,29.80390410365622
2,26,29.01134585812494
2,27,25.93144635895842
2,28,26.742414907531415
2,29,30.45610920119002
2,30,30.001248436940703
2,31,32.858871700891534
2,32,33.70551366540376
2,33,30.639969768511932
2,34,32.03876179807218
2,35,28.92496981517086
2,36,26.324572691517062
2,37,27.125846559220257
2,38,23.53920341532572
2,39,19.93422063460464
2,40,16.33458465370271
2,41,15.27660229418125
2,42,12.425847094885501
2,43,11.531678841347198
2,44,9.352945735819825
2,45,10.818550140251537
2,46,11.279991121528667
2,47,12.78194844837317
2,48,12.138902725094606
2,49,14.077038241614046
2,50,9.691716784290223
2,51,12.189051939083857
2,52,11.31417134559271
2,53,14.924295171343543
2,54,18.290091765850914
2,55,19.27369075339801
2,56,16.362756570372184
2,57,17.451075630744448
2,58,21.062764032264862
2,59,20.736514934361644
2,60,19.0743210887293
2,61,22.018090068477598
2,62,24.611242815696034
2,63,23.674835953643676
2,64,24.710215640768006
2,65,27.83193260553932
2,66,29.332836268544852
2,67,31.021484949829432
2,68,29.853604374465423
2,69,26.011715397446626
2,70,24.78965411534925
2,71,21.610554979868397
2,72,18.92198150526539
2,73,15.150509708357498
2,74,13.463708037309305
2,75,10.323190382179922
2,76,10.684163658462705
2,77,9.871492611675063
2,78,9.10998774154639
2,79,10.091801926962457
2,80,12.827435742238434
2,81,15.318798854025337
2,82,18.960887455565988
2,83,20.76167115318764
2,84,24.269126036840547
2,85,26.846099359262954
2,86,30.5453313155686
2,87,33.3073599445834
2,88,37.091907692498715
2,89,39.76287371813452
2,90,42.65119019643117
2,91,42.484239197516075
2,92,40.74082643513592
2,93,37.06256091300164
2,94,34.65320605686095
2,95,31.208299861217316
2,96,28.820686243682754
2,97,25.414593259367162
2,98,23.49143386995634
2,99,20.976271620902548
2,100,17.538068845580163
2,101,17.74357187357538
2,102,14.385549333050541
2,103,10.86210703333706
2,104,8.622402904796267
2,105,5.460621153212155
2,106,5.395468316521583
2,107,6.86563449639155
2,108,9.86759663956705
2,109,13.008926185645324
3,1,5.417652048164433
3,2,3.8631079749899193
3,4,3.87859206522234
3,5,5.5731861606539095
3,6,5.535967870648353
3,7,5.840875583014698
3,8,7.9237295871146936
3,9,10.287824016771044
3,10,11.710834169845013
3,11,12.39986497580855
3,12,12.378683598937988
3,13,14.603412745577849
3,14,12.923886184011504
3,15,10.58139874170319
3,16,7.09854824576019
3,17,5.7105077192548155
3,18,8.955952890429248
3,19,10.491593078640712
3,20,13.436385742278175
3,21,16.020537247241244
3,22,18.60835036812962
3,23,22.131059898093238
3,24,23.836239959579853
3,25,27.366261342101335
3,26,26.8092584046665
3,27,24.002388585785678
3,28,24.85482755648788
3,29,28.44517904063096
3,30,27.71805477772356
3,31,30.341112851772106
3,32,31.050268736315726
3,33,27.785664315917806
3,34,28.89243495733062
3,35,25.62671057188899
3,36,23.001661023581544
3,37,23.993836988687736
3,38,20.550794428435733
3,39,16.84983017624113
3,40,13.307225649568922
3,41,12.811831370324239
3,42,10.403861996207981
3,43,10.70816035059849
3,44,9.835476245257334
3,45,12.108822462491512
3,46,13.435688866749688
3,47,15.672377921787007
3,48,15.524331250569471
3,49,17.753076665558563
3,50,13.55109149116971
3,51,15.548578713327046
3,52,14.018669154194535
3,53,17.36817067313645
3,54,20.931246891533895
3,55,21.966910306029366
3,56,19.3868827119685
3,57,20.733876336312544
3,58,24.264410380079173
3,59,24.008344354563597
3,60,22.635510781158356
3,61,25.61369057047024
3,62,28.106701148002752
3,63,27.252269651789927
3,64,28.45386086525957
3,65,31.526227368415135
3,66,32.913399482905795
3,67,34.63673623826943
3,68,33.296993376237246
3,69,29.43986334882587
3,70,27.961626498775864
3,71,24.6304420626779
3,72,22.102885885811407
3,73,18.258623639960184
3,74,16.13035177104568
3,75,12.599364763961788
3,76,12.107376938612902
3,77,10.282266182458688
3,78,9.659531884138602
3,79,9.177686787106651
3,80,11.170219341645874
3,81,12.857343609508069
3,82,16.393310868177473
3,83,17.841312243808616
3,84,21.188915451495557
3,85,23.776306990381514
3,86,27.388288147726076
3,87,30.31911036663791
3,88,34.07984093309455
3,89,36.909820341995875
3,90,39.69396486626207
3,91,39.31346116395082
3,92,37.61402509857117
3,93,33.875742700463434
3,94,31.645477040412278
3,95,28.160836303814904
3,96,26.046462113408957
3,97,22.743186575313423
3,98,21.139245572501718
3,99,18.955734271005454
3,100,15.793221950640818
3,101,15.59822067962411
3,102,11.944299421419517
3,103,8.969036603994867
3,104,5.9979206631561635
3,105,4.4765567235468335
3,106,6.715239870026787
3,107,9.563389143480455
3,108,12.97300565229003
3,109,15.733009413349944
4,1,8.81021842019792
4,2,7.178085341732616
4,3,3.87859206522234
4,5,3.873085099693882
4,6,5.486463939329343
4,7,5.107510859246956
4,8,5.059280965034552
4,9,7.8272302542413925
4,10,10.16172316150162
4,11,11.089807947834439
4,12,12.273491033317379
4,13,14.983559528329778
4,14,14.274826186903239
4,15,12.465615939614043
4,16,8.841598970618062
4,17,6.302858481181407
4,18,7.999989611471923
4,19,8.32248753669445
4,20,11.607825570941026
4,21,13.798383826986917
4,22,16.8608477302258
4,23,20.150355909544068
4,24,22.281894263311216
4,25,25.654564539998162
4,26,24.95549561929258
4,27,22.520627278593796
4,28,23.81726095619735
4,29,27.265790397965272
4,30,26.616010052876252
4,31,28.88088674361735
4,32,29.775986479998775
4,33,26.405526270926202
4,34,27.15199497781492
4,35,23.81993887133107
4,36,21.03593451000985
4,37,21.803119356299746
4,38,18.479704246424106
4,39,14.89623653954694
4,40,11.28550278109145
4,41,11.84092960009331
4,42,9.496751362515315
4,43,10.916033774148666
4,44,11.050834342317382
4,45,13.118675345572012
4,46,14.628601287369484
4,47,17.373542979040838
4,48,17.95570662075133
4,49,20.24499052059632
4,50,16.605154885414393
4,51,19.263967023543795
4,52,17.88143998051884
4,53,21.21758090893825
4,54,24.799481298440835
4,55,25.740130847454218
4,56,23.083137916912147
4,57,24.479285406061972
4,58,28.010376595384123
4,59,27.578064602252876
4,60,26.105331404304838
4,61,29.158276639469168
4,62,31.63147676304317
4,63,30.54408761347937
4,64,31.68610168923088
4,65,34.9021783832898
4,66,36.26775781442051
4,67,37.78119729927665
4,68,36.3975794440899
4,69,32.54674444418457
4,70,31.10590970497915
4,71,27.64669583820254
4,72,24.95579082300632
4,73,21.1871363318216
4,74,18.67889902758396
4,75,14.97433475632931
4,76,14.570158541260033
4,77,12.764900453947567
4,78,12.842575049592135
4,79,11.844815785813292
4,80,12.85734269695519
4,81,13.654993315578105
4,82,16.74149165091897
4,83,17.38369498555019
4,84,20.499145766986523
4,85,22.758886024802162
4,86,26.157023811480272
4,87,29.13764746396463
4,88,32.85636461358376
4,89,35.93503615230065
4,90,38.454948026860954
4,91,37.8796758322163
4,92,36.46341015095118
4,93,32.692561370261174
4,94,30.82723000684883
4,95,27.436333830904562
4,96,25.728847723224035
4,97,22.740920500198722
4,98,21.350244485100482
4,99,19.780449058335268
4,100,16.881748488429427
4,101,15.86046062202185
4,102,12.03374691842477
4,103,9.895726850610176
4,104,7.251550126690806
4,105,7.46337394178002
4,106,9.755506649743344
4,107,12.96806215626088
4,108,16.159885660457025
4,109,19.023718752075613
5,1,8.33624334034589
5,2,8.10762738243667
5,3,5.5731861606539095
5,4,3.873085099693882
5,6,3.8416529193662794
5,7,6.013343277680943
5,8,6.251666985917171
5,9,6.978650258403494
5,10,9.787121653097122
5,11,11.95923231212086
5,12,13.066852311931873
5,13,16.307547438874657
5,14,15.572374678077637
5,15,14.360794707429003
5,16,11.070040426817826
5,17,9.518610671601841
5,18,11.40195016981985
5,19,11.803355193984897
5,20,15.24857168283497
5,21,17.236474950817826
5,22,20.444353023399884
5,23,23.558944154731012
5,24,25.76791021507533
5,25,29.114375240942692
5,26,28.450358161933256
5,27,26.189161984247626
5,28,27.560470566519918
5,29,30.94136645869408
5,30,30.18259024713062
5,31,32.296316294152085
5,32,33.066418292974575
5,33,29.56168387653564
5,34,30.003422204970835
5,35,26.505576088210137
5,36,23.75893251123325
5,37,24.74196054893029
5,38,21.643079238453183
5,39,18.087043951218146
5,40,14.650788330716061
5,41,15.551793509529203
5,42,13.361244457767437
5,43,14.679295602098337
5,44,14.36850456957367
5,45,16.053120573236566
5,46,16.88708598201369
5,47,19.13331822644995
5,48,19.431939001010264
5,49,21.10190189253002
5,50,16.996622810326084
5,51,19.829670658637827
5,52,18.5833403279794
5,53,22.111121827212923
5,54,25.4618518304575
5,55,26.899145725461924
5,56,24.258930618716548
5,57,25.09490590198188
5,58,28.799123542638547
5,59,28.75510510469588
5,60,26.977810300852997
5,61,29.69930272044702
5,62,32.514180332215936
5,63,31.608257518646084
5,64,32.353353460444964
5,65,35.50390001477996
5,66,37.233795524337694
5,67,38.86414524270261
5,68,37.829476779351495
5,69,34.00153336890315
5,70,32.860945303765355
5,71,29.616159341986656
5,72,26.813837605094346
5,73,23.082986568515523
5,74,21.007199553110535
5,75,17.50944442811453
5,76,17.458197574846597
5,77,15.745546872789143
5,78,15.13279815493688
5,79,14.076674896581133
5,80,15.61437583214531
5,81,16.25948335472916
5,82,19.457222519050156
5,83,20.222351857161794
5,84,23.07887289476169
5,85,25.5430486417569
5,86,28.8298551237024
5,87,32.019316635493
5,88,35.670431828722506
5,89,38.82804914946554
5,90,41.30127605403906
5,91,40.470234703593796
5,92,38.981529180764234
5,93,35.157485917808174
5,94,33.4059654467445
5,95,29.907340583405833
5,96,28.410021076384382
5,97,25.36960227217864
5,98,24.35155859085669
5,99,22.666784664460078
5,100,19.952765830059164
5,101,19.24666545980706
5,102,15.423872339297187
5,103,13.33048083203592
5,104,10.13490370416626
5,105,9.905059088301488
5,106,12.190948845268125
5,107,14.775322719830873
5,108,17.909149206845356
5,109,20.97942838216643
6,1,6.878660351504226
6,2,6.055565427765216
6,3,5.535967870648353
6,4,5.486463939329343
6,5,3.8416529193662794
6,7,3.8508641387733302
6,8,6.180954448533012
6,9,6.282971505418882
6,10,7.614422047191752
6,11,9.750369389063357
6,12,9.99402974306517
6,13,13.228962433065035
6,14,12.285327484121732
6,15,11.564019277295062
6,16,8.8181513876146
6,17,8.577456153191237
6,18,10.839387881255748
6,19,12.377377351801908
6,20,16.03323146966099
6,21,18.66422192263873
6,22,21.846187720409617
6,23,25.23873557964013
6,24,27.511808223429416
6,25,30.794764781449818
6,26,29.80192321156888
6,27,27.247626802032606
6,28,28.691994309851346
6,29,32.24430919160718
6,30,31.82354293021725
6,31,34.17835946151878
6,32,35.18162603380111
6,33,31.861416734553725
6,34,32.63132102748212
6,35,29.28751586885348
6,36,26.4952398716292
6,37,27.18102243152554
6,38,23.83496347956458
6,39,20.31915538635391
6,40,16.645265368974652
6,41,16.954872022326338
6,42,14.103487779797236
6,43,14.467453854906708
6,44,13.226751505515052
6,45,14.181625447472735
6,46,14.263910667710613
6,47,16.050710305614224
6,48,16.281046329082866
6,49,17.618205632080176
6,50,13.723261062446355
6,51,17.361855489499796
6,52,16.775232917157318
6,53,20.50630514544293
6,54,23.673120676032493
6,55,25.010577349353987
6,56,22.04564763316197
6,57,22.638433755870974
6,58,26.391147898235097
6,59,26.20049613297808
6,60,24.0985806404366
6,61,26.78303375703942
6,62,29.67547310309226
6,63,28.581515697464976
6,64,29.105327120815886
6,65,32.35764038905976
6,66,34.1927998835683
6,67,35.677280246987905
6,68,34.81370888372052
6,69,31.0280915341874
6,70,30.179697946769117
6,71,27.05145057691181
6,72,24.03147103791704
6,73,20.449374220661504
6,74,18.622758735868178
6,75,15.400964543403393
6,76,16.09372974699626
6,77,15.143137702272282
6,78,14.655230302867377
6,79,14.595698632756832
6,80,16.69362143722933
6,81,18.12584912314038
6,82,21.541695633196138
6,83,22.596413513882222
6,84,25.744641248105186
6,85,28.16047853114913
6,86,31.58763473125528
6,87,34.597141667142125
6,88,38.31967789533585
6,89,41.36754059454642
6,90,43.927206654111444
6,91,43.334203218578544
6,92,41.85997316045274
6,93,38.072846290514285
6,94,36.15183084564335
6,95,32.68783894378764
6,96,30.892820788295367
6,97,27.735950519399612
6,98,26.307234276475725
6,99,24.341931672720126
6,100,21.24090198795249
6,101,20.723094042897255
6,102,16.96089311345978
6,103,14.185490135205926
6,104,11.365427116257086
6,105,9.847982054001855
6,106,10.966638196418117
6,107,12.851132598602886
6,108,15.494073122198289
6,109,18.892779854991343
7,1,8.869236856278654
7,2,6.212528867601719
7,3,5.840875583014698
7,4,5.107510859246956
7,5,6.013343277680943
7,6,3.8508641387733302
7,8,3.8864286599692073
7,9,5.541560400388227
7,10,5.979550334059774
7,11,6.7297779607843
7,12,7.316243772871692
7,13,10.353356109474516
7,14,9.953139326418125
7,15,9.212260972544449
7,16,6.356486891960739
7,17,5.804034786505823
7,18,7.35050606871092
7,19,9.299990840127652
7,20,13.000537615366802
7,21,15.975982079311194
7,22,19.16057126031898
7,23,22.659038245732283
7,24,25.089424952155657
7,25,28.201896304454205
7,26,26.89636316384055
7,27,24.245811711991895
7,28,25.894753365114372
7,29,29.488255124093794
7,30,29.4242751611244
7,31,31.831953288832153
7,32,33.16106256438563
7,33,30.053273423479645
7,34,31.05595059059258
7,35,27.951317221701032
7,36,25.086137356677774
7,37,25.299140775217353
7,38,21.784708108324462
7,39,18.47310733065445
7,40,14.686988584054573
7,41,14.796373276164593
7,42,11.49259483798397
7,43,11.5768987814951
7,44,10.409340816379922
7,45,10.974130055571877
7,46,11.253951277432986
7,47,13.61534915277201
7,48,14.572437784150452
7,49,16.448132784567708
7,50,13.576414363962389
7,51,17.73472396167485
7,52,17.39536147427516
7,53,21.01827733831108
7,54,24.326161635843494
7,55,25.082670724459096
7,56,21.89492707445554
7,57,22.953571135132027
7,58,26.5468870315941
7,59,25.801200977264937
7,60,23.785010606667903
7,61,26.821947625057536
7,62,29.39296916505748
7,63,27.89073506146345
7,64,28.665386118579065
7,65,32.1094327776778
7,66,33.62322059401787
7,67,34.79704928255542
7,68,33.65896788457314
7,69,29.87400988926823
7,70,28.913068245514555
7,71,25.563323770873758
7,72,22.425075521387352
7,73,18.919470449447125
7,74,16.583964622792713
7,75,13.211190551865009
7,76,14.138593041295405
7,77,13.647473313817757
7,78,14.145240376668555
7,79,14.505197333293752
7,80,16.12315394700592
7,81,17.747702847771734
7,82,20.94087173189989
7,83,21.703099137685047
7,84,25.023708459760584
7,85,27.063666419153204
7,86,30.49124071448785
7,87,33.22182955473105
7,88,36.9718662600402
7,89,39.990897345497736
7,90,42.480862869874116
7,91,42.12711877143443
7,92,40.87195026641297
7,93,37.16405070649258
7,94,35.26164221544011
7,95,31.9828163406419
7,96,30.080550804289715
7,97,27.087948808495643
7,98,25.26553693921933
7,99,23.52786055756543
7,100,20.224313718502533
7,101,19.246910817250864
7,102,15.58894860558922
7,103,12.763307070537532
7,104,10.850474022724681
7,105,9.398964353330946
7,106,9.783688629854723
7,107,12.04754227789869
7,108,14.36396507686293
7,109,17.81560082274638
8,1,12.008459547061484
8,2,9.63472790820227
8,3,7.9237295871146936
8,4,5.059280965034552
8,5,6.251666985917171
8,6,6.180954448533012
8,7,3.8864286599692073
8,9,3.8783781453564083
8,10,5.955331270496256
8,11,6.803648766230606
8,12,9.166468750234058
8,13,12.303350135490183
8,14,12.85984993910873
8,15,12.265934884771804
8,16,9.318046927685847
8,17,7.4069415066576125
8,18,7.226639978377686
8,19,7.535694800959219
8,20,11.339853786828467
8,21,13.771513325482749
8,22,17.30408583566965
8,23,20.48368203629648
8,24,23.250104309958548
8,25,26.178260127532003
8,26,24.79429146018697
8,27,22.55344474003182
8,28,24.562256704806266
8,29,27.96120043328886
8,30,27.9249467914079
8,31,29.968655181594713
8,32,31.42712729928662
8,33,28.257429229894655
8,34,28.924897369007198
8,35,25.818528214828447
8,36,22.87313159981094
8,37,22.866158532100762
8,38,19.542545025053137
8,39,16.461877119659185
8,40,12.810422358974247
8,41,13.831189994465635
8,42,10.839700029900863
8,43,11.998430628582337
8,44,11.99558056727583
8,45,12.729594730890412
8,46,13.53658927357637
8,47,16.394358191639142
8,48,17.870409017563635
8,49,19.92617062067273
8,50,17.415507483966365
8,51,21.485710177538696
8,52,20.909122979679314
8,53,24.43488858918216
8,54,27.86823705743199
8,55,28.553083472888364
8,56,25.453124746809465
8,57,26.701259764959296
8,58,30.250763414927484
8,59,29.411392105365046
8,60,27.509274036367525
8,61,30.626954466414265
8,62,33.10432547485017
8,63,31.5071395386128
8,64,32.3662167011039
8,65,35.8560299418983
8,66,37.26495125342033
8,67,38.322876724529486
8,68,37.05525685907347
8,69,33.28220279283653
8,70,32.20648266306818
8,71,28.72490240972077
8,72,25.613325346254552
8,73,22.14376158456896
8,74,19.457175751178042
8,75,15.926146966341424
8,76,16.49121861411196
8,77,15.668178362730835
8,78,16.53394464625735
8,79,16.25465405784093
8,80,17.111736413961182
8,81,18.00784423230996
8,82,20.774865202567447
8,83,20.868868306341916
8,84,23.919949911140563
8,85,25.632596036198446
8,86,28.81680748318114
8,87,31.549673903509582
8,88,35.21998094682178
8,89,38.43002264610166
8,90,40.668085397147344
8,91,40.144746861200154
8,92,39.14829053561755
8,93,35.44886565203677
8,94,33.88235770149728
8,95,30.728264985973926
8,96,29.1970662335419
8,97,26.516897609122182
8,98,24.909187642866897
8,99,23.7106185885011
8,100,20.696765663958733
8,101,19.088467689876627
8,102,15.415762300371018
8,103,13.373159266097495
8,104,11.677013982509793
8,105,11.44398444892127
8,106,12.47840507844664
8,107,15.30561464891282
8,108,17.73569925435565
8,109,21.021027461843936
9,1,13.09913181662054
9,2,11.38948598136
9,3,10.287824016771044
9,4,7.8272302542413925
9,5,6.978650258403494
9,6,6.282971505418882
9,7,5.541560400388227
9,8,3.8783781453564083
9,10,3.847301549654023
9,11,6.710555737767306
9,12,9.191574524252236
9,13,12.884248138240597
9,14,13.78015260089118
9,15,14.092936463370398
9,16,11.685650603699457
9,17,10.709170880973
9,18,10.760817568660622
9,19,11.212676547141077
9,20,14.972927448088667
9,21,17.231802232435427
9,22,20.87799092428937
9,23,23.881928404152493
9,24,26.808920278188022
9,25,29.61092134748004
9,26,28.10085608434949
9,27,26.044630028392604
9,28,28.236477040841308
9,29,31.568445372167854
9,30,31.59264884252454
9,31,33.4835776637525
9,32,34.97826886295039
9,33,31.756868114600923
9,34,32.1921960547725
9,35,29.013828932048522
9,36,26.06154327997183
9,37,26.055525440546493
9,38,22.909584928078903
9,39,19.93542031109877
9,40,16.40145987570979
9,41,17.665765995611665
9,42,14.714361807027641
9,43,15.706458506575128
9,44,15.273732846276783
9,45,15.467471386165695
9,46,15.454007299423496
9,47,17.76111582750506
9,48,19.198332374758124
9,49,20.596417932244087
9,50,18.126674722418805
9,51,22.746872252094693
9,52,22.53218979275265
9,53,26.243414310134803
9,54,29.44946733091647
9,55,30.42189741104735
9,56,27.200996874498117
9,57,27.963361564122884
9,58,31.636560769140345
9,59,30.972082144666942
9,60,28.691115503992744
9,61,31.54514540553989
9,62,34.28872400595869
9,63,32.67433486380636
9,64,33.09768052420252
9,65,36.61300185202166
9,66,38.33558050611739
9,67,39.3293530363645
9,68,38.4062977572591
9,69,34.69528443887416
9,70,33.999013075473606
9,71,30.70907326667609
9,72,27.395285426641163
9,73,24.07246191455441
9,74,21.73545846060467
9,75,18.46408007818931
9,76,19.505420117138236
9,77,18.918151720890382
9,78,19.42905163792339
9,79,19.25858469061994
9,80,20.492393463831856
9,81,21.37659151698089
9,82,24.250805115581453
9,83,24.375912363564968
9,84,27.286660176860792
9,85,29.060122102950896
9,86,32.14256756759936
9,87,34.977962654165545
9,88,38.597218029377345
9,89,41.89740156750914
9,90,44.03991103284871
9,91,43.34396423489391
9,92,42.39458683646553
9,93,38.66639317052693
9,94,37.23902929006979
9,95,34.04450645329283
9,96,32.6750484890906
9,97,29.984974406802742
9,98,28.56219937355666
9,99,27.30608877572364
9,100,24.330660421038328
9,101,22.860924925095382
9,102,19.135993177779653
9,103,17.02109575049729
9,104,14.942804904444062
9,105,14.355245533265226
9,106,15.256966386381011
9,107,17.56209548229474
9,108,19.74907679799467
9,109,23.288148061569768
10,1,13.815261070690443
10,2,11.615114685112012
10,3,11.710834169845013
10,4,10.16172316150162
10,5,9.787121653097122
10,6,7.614422047191752
10,7,5.979550334059774
10,8,5.955331270496256
10,9,3.847301549654023
10,11,3.836720730449377
10,12,5.939878461339041
10,13,9.694133308029446
10,14,11.08984424396902
10,15,12.303914916897577
10,16,10.82744449780308
10,17,10.945734459165301
10,18,10.866926481101066
10,19,12.27348802816855
10,20,15.948111160200064
10,21,18.708035963470657
10,22,22.212657436487152
10,23,25.395612451894138
10,24,28.357244483592766
10,25,31.023802359139296
10,26,29.173525579106062
10,27,26.887532611525494
10,28,29.168936196781438
10,29,32.603875934476605
10,30,32.99807260197134
10,31,35.07731073513517
10,32,36.82128557529772
10,33,33.81921552920455
10,34,34.56351829882913
10,35,31.57423080648058
10,36,28.605721101051852
10,37,28.2944979685621
10,38,24.96681243052517
10,39,22.11004005493942
10,40,18.4722804901537
10,41,19.203857951706855
10,42,15.80269497416826
10,43,15.950001501280315
10,44,14.840857110152728
10,45,14.10346877043812
10,46,13.256938706014163
10,47,15.150451249927412
10,48,16.888060188183456
10,49,17.97762147422202
10,50,16.37995697608211
10,51,21.740942871654745
10,52,22.160551896594566
10,53,25.885707593212693
10,54,28.88759650432548
10,55,29.616977637222785
10,56,26.134019393237708
10,57,26.765955234366658
10,58,30.352119608459216
10,59,29.412042889770078
10,60,26.878098878919438
10,61,29.718993073594653
10,62,32.40067260996003
10,63,30.489147117476023
10,64,30.722709034631617
10,65,34.354315236420554
10,66,36.076825239543325
10,67,36.79101964447351
10,68,35.9855621546874
10,69,32.37821946476904
10,70,31.97574536051441
10,71,28.796162645621155
10,72,25.280710102619874
10,73,22.259443898539082
10,74,20.075284574329427
10,75,17.19562138155466
10,76,18.943296201228968
10,77,19.112373302741826
10,78,19.913641691087733
10,79,20.47755390361769
10,80,21.97329288668883
10,81,23.400266431377148
10,82,26.37889695312241
10,83,26.684650443463713
10,84,29.824837607594564
10,85,31.506495201315175
10,86,34.68748088920181
10,87,37.31782294036278
10,88,40.98265054123794
10,89,44.17353465484177
10,90,46.365774616943604
10,91,45.91448060644976
10,92,45.017619066119266
10,93,41.34345018041162
10,94,39.783082986032085
10,95,36.6531434917647
10,96,35.03477718775586
10,97,32.28797038457819
10,98,30.50180275586198
10,99,29.082321752384818
10,100,25.825117088913622
10,101,24.438393676557233
10,102,20.8430770295308
10,103,18.311879062993462
10,104,16.657786451987338
10,105,15.359115714652614
10,106,15.300846181613162
10,107,17.004239801483696
10,108,18.50945745037209
10,109,22.20660688082127
11,1,15.015103399487883
11,2,12.00133285273726
11,3,12.39986497580855
11,4,11.089807947834439
11,5,11.95923231212086
11,6,9.750369389063357
11,7,6.7297779607843
11,8,6.803648766230606
11,9,6.710555737767306
11,10,3.836720730449377
11,12,3.8513216146222606
11,13,6.86602498898877
11,14,9.069149009660217
11,15,10.426650449274836
11,16,9.498560176235692
11,17,9.781659697228084
11,18,8.851982996835375
11,19,10.718029901180337
11,20,14.026863468383223
11,21,17.106145051852987
11,22,20.375266190964915
11,23,23.644125745051287
11,24,26.601877961904385
11,25,29.08761651928968
11,26,26.963427417753316
11,27,24.509588641124992
11,28,26.867360791220264
11,29,30.32806567134869
11,30,31.072668036119186
11,31,33.275441734213615
11,32,35.27571877290015
11,33,32.547124721579905
11,34,33.60900344740866
11,35,30.900189334475595
11,36,27.948694950119776
11,37,27.2557953191093
11,38,23.79158384750195
11,39,21.176609043357846
11,40,17.58457289147163
11,41,17.890647298827144
11,42,14.258229983117653
11,43,13.872955488250089
11,44,12.711947654300012
11,45,11.322375663854759
11,46,10.426430555958673
11,47,12.679412746759745
11,48,15.062774239030587
11,49,16.59831360689545
11,50,15.993183578165038
11,51,21.478044893327542
11,52,22.083196033335636
11,53,25.620083443675284
11,54,28.664996830694673
11,55,28.891564903700207
11,56,25.299600090677632
11,57,26.311120045020495
11,58,29.683164409102
11,59,28.28337513616752
11,60,25.897290663532917
11,61,29.000066627038514
11,62,31.336507693236303
11,63,29.11016852080236
11,64,29.60500311334719
11,65,33.34116874290312
11,66,34.72718225292243
11,67,35.17670207214412
11,68,34.109470952715895
11,69,30.54869017148924
11,70,30.04202667265489
11,71,26.736646803277896
11,72,23.200051952453002
11,73,20.366186156380135
11,74,17.864556754002464
11,75,15.11649704345059
11,76,17.10392230319583
11,77,17.789392676592367
11,78,19.26680469587276
11,79,20.249173290180206
11,80,21.464051000511247
11,81,23.1468820773516
11,82,25.94086526452989
11,83,26.156372307155515
11,84,29.441598480821792
11,85,30.841392722483402
11,86,34.03918073746231
11,87,36.3661365035463
11,88,40.035478313347646
11,89,43.10209959123457
11,90,45.28976856611147
11,91,45.13029725282942
11,92,44.36126019009682
11,93,40.79627595521427
11,94,39.162039540577055
11,95,36.20646444632846
11,96,34.404376244463585
11,97,31.767577199326844
11,98,29.613090913675077
11,99,28.29488754636659
11,100,24.89708047470756
11,101,23.307880306356292
11,102,19.98581908805374
11,103,17.423893519733124
11,104,16.564231764373066
11,105,15.194366268560668
11,106,14.464144182375138
11,107,16.142510334767955
11,108,17.197989776449536
11,109,20.765255852821632
12,1,13.839992484072974
12,2,10.791436227136002
12,3,12.378683598937988
12,4,12.273491033317379
12,5,13.066852311931873
12,6,9.99402974306517
12,7,7.316243772871692
12,8,9.166468750234058
12,9,9.191574524252236
12,10,5.939878461339041
12,11,3.8513216146222606
12,13,3.8345610165333963
12,14,5.543145235372696
12,15,7.739499988711642
12,16,7.974098348638402
12,17,9.75599340694257
12,18,9.85277494528548
12,19,12.730020775941414
12,20,15.882613500424736
12,21,19.332628348963695
12,22,22.28774556623197
12,23,25.802537695512335
12,24,28.462094862448424
12,25,31.080403907771167
12,26,29.020417910917928
12,27,26.214576582894075
12,28,28.244661750259358
12,29,31.852093940228325
12,30,32.608603553133136
12,31,35.12633403465373
12,32,37.038013416452834
12,33,34.39463942185643
12,34,35.76065422545194
12,35,33.07383335929285
12,36,30.183132151778814
12,37,29.647251597540453
12,38,26.021125116290968
12,39,23.234061691243113
12,40,19.5483927386119
12,41,19.17629060046577
12,42,15.380820288661461
12,43,14.104703289287315
12,44,11.942375940227238
12,45,9.971608589012597
12,46,8.00122772912604
12,47,9.42345409517018
12,48,11.602396010189723
12,49,12.821470234506709
12,50,12.629672548590479
12,51,18.470684178440354
12,52,19.568426152197862
12,53,23.05434443346303
12,54,25.84994503379048
12,55,25.99102354569778
12,56,22.271542630160827
12,57,23.084978162492085
12,58,26.38949696633661
12,59,24.92682636620046
12,60,22.364701629670147
12,61,25.395850548525672
12,62,27.74319406903846
12,63,25.456959822720144
12,64,25.823609509128797
12,65,29.573979791081104
12,66,31.021058516929614
12,67,31.452232045226808
12,68,30.520001012142757
12,69,26.988479519239615
12,70,26.692214871788615
12,71,23.5516377127086
12,72,19.9131447593388
12,73,17.235924240437804
12,74,15.138546424983849
12,75,12.854074867359234
12,76,15.442381333260254
12,77,16.705036389725766
12,78,18.014116457491046
12,79,19.646556912278886
12,80,21.360124746631648
12,81,23.600712346283675
12,82,26.64342655689398
12,83,27.348235699343135
12,84,30.839380527821042
12,85,32.45922795206335
12,86,35.84860336719992
12,87,38.13995471604838
12,88,41.87276939005458
12,89,44.76223398109585
12,90,47.160170621965364
12,91,47.17759609200172
12,92,46.20685832789983
12,93,42.647841278591144
12,94,40.731144210003215
12,95,37.69954764944086
12,96,35.58217111553139
12,97,32.723714119875986
12,98,30.360783043288674
12,99,28.64159971353557
12,100,25.03563454069556
12,101,23.931617636033724
12,102,20.720351881840678
12,103,17.656314781955817
12,104,16.84529067383889
12,105,14.675097911593785
12,106,13.141678772228547
12,107,13.95509735173502
12,108,14.405925966928873
12,109,18.067945754482032
13,1,15.856155139164974
13,2,12.54332496911262
13,3,14.603412745577849
13,4,14.983559528329778
13,5,16.307547438874657
13,6,13.228962433065035
13,7,10.353356109474516
13,8,12.303350135490183
13,9,12.884248138240597
13,10,9.694133308029446
13,11,6.86602498898877
13,12,3.8345610165333963
13,14,3.835979808753531
13,15,6.819079053940185
13,16,8.602448234207575
13,17,10.98750131659507
13,18,10.828586540590367
13,19,14.095998523220048
13,20,16.62445631717588
13,21,20.263013282644227
13,22,22.779174969984847
13,23,26.338074080942505
13,24,28.81564454465503
13,25,31.265682957741866
13,26,29.026360744318
13,27,26.005043862799074
13,28,27.91960278789474
13,29,31.53259605616438
13,30,32.600189114185
13,31,35.30480123066263
13,32,37.377247405876474
13,33,35.03575478665656
13,34,36.74679282095377
13,35,34.32822549688635
13,36,31.520261109211727
13,37,30.75015240939559
13,38,27.048315011408484
13,39,24.47320240265015
13,40,20.929347930519917
13,41,19.99784630904055
13,42,16.177913015502565
13,43,14.112412670434905
13,44,11.537976271495202
13,45,8.557314871839944
13,46,5.603694945727366
13,47,6.462608528739086
13,48,9.417068696991958
13,49,10.817159814852891
13,50,12.245338233375278
13,51,18.071844801806886
13,52,19.598027970160178
13,53,22.752311163780334
13,54,25.354042198421304
13,55,24.97216623551498
13,56,21.15827860335554
13,57,22.177703798174093
13,58,25.146379323481828
13,59,23.20572705282986
13,60,20.714430058164353
13,61,23.880756558917454
13,62,25.84685197613442
13,63,23.202124205053313
13,64,23.71534973366458
13,65,27.538549433149356
13,66,28.677626137648385
13,67,28.782707368933032
13,68,27.694259335033227
13,69,24.27861450098474
13,70,24.05410333354942
13,71,20.939831087101858
13,72,17.239940040661235
13,73,15.016361724867101
13,74,12.930966811696402
13,75,11.350422191229002
13,76,14.47992904334495
13,77,16.543443279727402
13,78,18.309217981869523
13,79,20.523312483499755
13,80,22.15949256521506
13,81,24.755043262148654
13,82,27.669445905464407
13,83,28.476186487471143
13,84,32.0832880527406
13,85,33.53713802906681
13,86,36.95690384995287
13,87,38.963349333957886
13,88,42.679611611098046
13,89,45.37321223113591
13,90,47.82315021187198
13,91,48.14163074664553
13,92,47.21024561575627
13,93,43.772078891094836
13,94,41.71436455479619
13,95,38.827044283194496
13,96,36.47425061175842
13,97,33.66107407314949
13,98,30.9613756477943
13,99,29.193799292406606
13,100,25.47262345992113
13,101,24.44306318873016
13,102,21.618492321906253
13,103,18.467289130272366
13,104,18.33505632553482
13,105,15.93095849797704
13,106,13.583360341653766
13,107,13.79598653490891
13,108,13.313217083258841
13,109,16.699219642203083
14,1,13.278346405219686
14,2,10.137933836105164
14,3,12.923886184011504
14,4,14.274826186903239
14,5,15.572374678077637
14,6,12.285327484121732
14,7,9.953139326418125
14,8,12.85984993910873
14,9,13.78015260089118
14,10,11.08984424396902
14,11,9.069149009660217
14,12,5.543145235372696
14,13,3.835979808753531
14,15,3.81176818259309
14,16,6.553375657974894
14,17,9.906099902830102
14,18,10.999895129490545
14,19,14.693653477394227
14,20,17.22909263809213
14,21,20.98161672882265
14,22,23.292547427455624
14,23,27.04148732452032
14,24,29.155684797207883
14,25,31.901580737241698
14,26,30.01987474007933
14,27,26.751709284433183
14,28,28.201079987332584
14,29,31.93171662039143
14,30,32.68692501766957
14,31,35.63650974088911
14,32,37.398481262161084
14,33,34.98113925065995
14,34,36.84043861565645
14,35,34.31581884644642
14,36,31.592257560676636
14,37,31.21528456449204
14,38,27.430054177005303
14,39,24.561209366986137
14,40,20.9616205279984
14,41,19.578328310583906
14,42,15.853116587069529
14,43,13.393798592077088
14,44,10.123064163210104
14,45,7.573668209258037
14,46,4.368256985545939
14,47,4.235969212237107
14,48,6.077713362096629
14,49,7.769576323630586
14,50,8.551139958925877
14,51,14.241955457425817
14,52,15.85940347105792
14,53,18.981138754446455
14,54,21.526662822108207
14,55,21.22036300149532
14,56,17.40234329328693
14,57,18.38473300331826
14,58,21.425132962020413
14,59,19.646703564689926
14,60,17.179156135076997
14,61,20.3919561381177
14,62,22.47097434419548
14,63,20.081682989463776
14,64,20.727683213501304
14,65,24.478603823052183
14,66,25.696137674013556
14,67,26.170815710775194
14,68,25.083394033051317
14,69,21.50405469030392
14,70,21.149781304795745
14,71,18.048178726517484
14,72,14.387603014615824
14,73,11.811313625377293
14,74,10.07469606549157
14,75,8.593162053773517
14,76,11.914522061483947
14,77,14.099711939375188
14,78,15.43690898549774
14,79,18.008695449331935
14,80,20.078828192316585
14,81,23.02257952331031
14,82,26.15724751014402
14,83,27.44217958904832
14,84,31.14729989037917
14,85,32.92274576285323
14,86,36.50814311651344
14,87,38.615242514697584
14,88,42.37917256983149
14,89,44.93670174651296
14,90,47.61383470014025
14,91,47.9672292788801
14,92,46.746092404326255
14,93,43.279247483626904
14,94,40.966468975468565
14,95,37.94579986970535
14,96,35.375071702196486
14,97,32.33178119432043
14,98,29.622131534504724
14,99,27.468990519526443
14,100,23.679844919183196
14,101,23.198615812996565
14,102,20.42147002230555
14,103,16.92942134688565
14,104,16.64330602368353
14,105,13.702553723806526
14,106,10.922709536620264
14,107,10.415338367410877
14,108,9.705447045024341
14,109,13.227748382507954
15,1,11.310182375577003
15,2,7.87041755584016
15,3,10.58139874170319
15,4,12.465615939614043
15,5,14.360794707429003
15,6,11.564019277295062
15,7,9.212260972544449
15,8,12.265934884771804
15,9,14.092936463370398
15,10,12.303914916897577
15,11,10.426650449274836
15,12,7.739499988711642
15,13,6.819079053940185
15,14,3.81176818259309
15,16,3.7147607258816113
15,17,7.300515139500025
15,18,9.124137304566965
15,19,12.949557925150836
15,20,15.203820103530996
15,21,18.94457325434635
15,22,20.972850583800657
15,23,24.813042663889107
15,24,26.598386729994587
15,25,29.550076966723903
15,26,28.003885262814464
15,27,24.585036699278696
15,28,25.65328467718864
15,29,29.43641956620573
15,30,29.91860958830878
15,31,33.01429841080958
15,32,34.538695024840926
15,33,32.096647423973955
15,34,34.081419849664734
15,35,31.55475175024787
15,36,28.934988352934766
15,37,28.80165763097884
15,38,24.99041132650005
15,39,21.99454261203212
15,40,18.47711037789779
15,41,16.68148865021026
15,42,13.146080812669377
15,43,10.422843283747747
15,44,6.837665888884636
15,45,5.192960184639589
15,46,3.7369020214417286
15,47,5.108019694435891
15,48,5.824869186529375
15,49,8.821442078658382
15,50,8.078226191638699
15,51,12.450532239082115
15,52,13.35071901193422
15,53,16.371472772736112
15,54,19.29257822964327
15,55,18.897032648766473
15,56,15.272913648417713
15,57,16.843717851393098
15,58,19.899873817442355
15,59,18.20594741578271
15,60,16.30776996704887
15,61,19.78932215281284
15,62,21.717642830276727
15,63,19.681697220152866
15,64,20.910372121967544
15,65,24.476907656802794
15,66,25.450584225745086
15,67,26.308825446438206
15,68,24.848290232352447
15,69,21.096746400187715
15,70,20.106796242318435
15,71,16.699662524936947
15,72,13.40202367482944
15,73,10.141283915313654
15,74,7.798824906736628
15,75,5.308758844162981
15,76,8.250082814269335
15,77,10.292439659572429
15,78,11.743055176299505
15,79,14.412130941802596
15,80,16.428215426863137
15,81,19.522615080711983
15,82,22.649213355068717
15,83,24.13641914689359
15,84,27.88452044417569
15,85,29.7699777455071
15,86,33.42927131341667
15,87,35.53880980176076
15,88,39.311023048219276
15,89,41.76261774658239
15,90,44.56813414875052
15,91,44.97187312312258
15,92,43.59192247370904
15,93,40.143488211427325
15,94,37.68222746488937
15,95,34.63830231838398
15,96,31.93790729816205
15,97,28.8264473740824
15,98,26.074304953764813
15,99,23.795807977486565
15,100,19.99201905941175
15,101,19.726333718560696
15,102,17.073507284320435
15,103,13.477976619533937
15,104,13.436891384001184
15,105,10.414653145586136
15,106,7.304162254102256
15,107,7.040718120644185
15,108,6.945015080840118
15,109,10.431447726080604
16,1,9.066765646455272
16,2,5.213348147466197
16,3,7.09854824576019
16,4,8.841598970618062
16,5,11.070040426817826
16,6,8.8181513876146
16,7,6.356486891960739
16,8,9.318046927685847
16,9,11.685650603699457
16,10,10.82744449780308
16,11,9.498560176235692
16,12,7.974098348638402
16,13,8.602448234207575
16,14,6.553375657974894
16,15,3.7147607258816113
16,17,3.8211395590698327
16,18,6.552342225751391
16,19,10.150770493925346
16,20,12.756048508827966
16,21,16.342397547846673
16,22,18.624109782932006
16,23,22.45889604314916
16,24,24.30428603548253
16,25,27.450377768901838
16,26,26.152294706532274
16,27,22.886717485616472
16,28,23.972210010880588
16,29,27.75170872577796
16,30,27.901926463566088
16,31,30.8585264514961
16,32,32.207266859135785
16,33,29.50871990884854
16,34,31.25179352565289
16,35,28.52253438499274
16,36,25.856020440601004
16,37,25.955515731320975
16,38,22.181972843004832
16,39,18.97276836172422
16,40,15.34671887712272
16,41,13.859009799991007
16,42,10.349354280964338
16,43,8.369495384636247
16,44,5.440934830098522
16,45,5.765394445108903
16,46,6.361504501688853
16,47,8.748726615787735
16,48,9.32830473340717
16,49,12.148084392968613
16,50,9.911600282413627
16,51,13.538114613191999
16,52,13.46750103054922
16,53,16.70776559974351
16,54,20.028255769957315
