1,2,3.874914567598382
1,3,5.611345586595224
1,4,9.00983035345095
1,5,8.500968087031113
1,6,7.359470989143662
1,7,9.552551228053563
1,8,12.41793526502554
1,9,14.06546239711763
1,10,13.480377560293496
1,11,15.162104612440938
1,12,14.940954718903152
1,13,16.041384441617897
1,14,13.255474215774163
1,15,11.225935502862635
1,16,9.229199010360167
1,17,10.190322105767814
1,18,13.824123039287466
1,19,16.117189780674547
1,20,18.93649262719537
1,21,21.65604848488966
1,22,23.979149576534848
1,23,27.511756669497018
1,24,28.99098029693489
1,25,32.55843722342332
1,26,32.11543982509608
1,27,29.330140765429995
1,28,29.718011613255435
1,29,33.316853376863826
1,30,32.453638557260845
1,31,35.05034458080626
1,32,35.18907379943638
1,33,32.264482684431485
1,34,33.40622915694398
1,35,30.2117515757555
1,36,27.766358914054663
1,37,29.229058848406577
1,38,25.86783916774173
1,39,22.15332259396652
1,40,18.818482861716337
1,41,17.917335496078323
1,42,15.574894290695438
1,43,15.00523764312679
1,44,13.04496993706984
1,45,14.756633395844934
1,46,14.875465955954162
1,47,15.915657695022297
1,48,14.427548262176531
1,49,15.712140109872607
1,50,10.54473579831601
1,51,11.53334463684263
1,52,14.2853908653671
1,53,17.25902652883695
1,54,19.267264093132916
1,55,16.949775969835454
1,56,17.043722942270403
1,57,20.82498490143409
1,58,21.3888923744
1,59,19.774676858915328
1,60,22.213709074761084
1,61,25.08007985915579
1,62,24.61683058882918
1,63,25.263792082103738
1,64,28.201854301639425
1,65,29.994122461766192
1,66,31.82832025077197
1,67,31.02891188111631
1,68,27.289102749553397
1,69,26.295468877261506
1,70,23.362890292422023
1,71,20.477616774339317
1,72,16.9697554031589
1,73,16.253003278748388
1,74,13.538541285425023
1,75,13.504932177287905
1,76,12.307973246897541
1,77,10.289997094438865
1,78,10.580162005235097
1,79,13.758808588344715
1,80,15.549512141905428
1,81,19.27873406778498
1,82,21.238447351668285
1,83,24.18192644424513
1,84,27.3519823840177
1,85,30.88210545232438
1,86,33.89409213905282
1,87,37.62161642112474
1,88,40.145479922899376
1,89,43.13818130603411
1,90,42.559669071844105
1,91,40.53590622579902
1,92,36.88309989343373
1,93,34.36094782909901
1,94,30.80474927258501
1,95,28.662879157381504
1,96,25.132304909732227
1,97,24.39923862650593
1,98,21.931351287550207
1,99,18.821766534281355
1,100,19.438608314235008
1,101,16.117568883974798
1,102,12.958062703078346
1,103,9.950343683861272
1,104,7.186910936708328
1,105,8.103326624787599
1,106,8.864585056453777
1,107,11.68119299138498
1,108,14.48044082653686
2,1,3.874914567598382
2,3,3.84883838986006
2,4,7.258215309619402
2,5,8.068048618455093
2,6,6.270534826956821
2,7,6.860682087854204
2,8,9.879622665058438
2,9,12.058595894076982
2,10,11.14136364077195
2,11,12.06480433503828
2,12,11.846387919205895
2,13,12.723578271002024
2,14,10.179671872496172
2,15,7.860100513982694
2,16,5.3894954201831595
2,17,6.555523177026518
2,18,10.189277154279818
2,19,12.867193669866383
2,20,15.710453228787083
2,21,18.73548450752809
2,22,21.125643298050125
2,23,24.773660115132696
2,24,26.467461844583983
2,25,29.903679331037086
2,26,29.14001405926439
2,27,26.274368485052722
2,28,26.911844421467148
2,29,30.579620706351527
2,30,30.060601546881802
2,31,32.75969386709333
2,32,33.255302546734846
2,33,30.482340798557303
2,34,31.769276831313466
2,35,28.709454377477975
2,36,26.08601326745507
2,37,27.098925274799537
2,38,23.56828095064011
2,39,19.963964302167852
2,40,16.422630509905847
2,41,15.374065122058107
2,42,12.548123866063797
2,43,11.627957254808344
2,44,9.494141432619406
2,45,11.024195792753009
2,46,11.324125974564744
2,47,12.890473588124154
2,48,12.097743516298722
2,49,13.99573790667978
2,50,9.648755968929597
2,51,11.629420364345501
2,52,14.953700275328176
2,53,18.195510236386507
2,54,19.476653772705333
2,55,16.725772297950492
2,56,17.44088018823101
2,57,21.158019040960752
2,58,21.01676712872257
2,59,19.431216694453628
2,60,22.35548479134913
2,61,24.894892153870757
2,62,23.914239215855332
2,63,24.859732087321795
2,64,28.072946305390804
2,65,29.529409712026386
2,66,31.00066067223881
2,67,29.886254818793148
2,68,26.104100868525983
2,69,24.999317539437538
2,70,21.758302050119653
2,71,18.674946762069276
2,72,15.100976216259127
2,73,13.697831619337956
2,74,10.562132239803553
2,75,10.83917398688942
2,76,10.011279956812313
2,77,9.17483170510205
2,78,10.093129916045694
2,79,12.785368867808934
2,80,14.909017881691277
2,81,18.550911152724225
2,82,20.158343956272244
2,83,23.40292924277304
2,84,26.231919970459973
2,85,29.814364816595468
2,86,32.61706019920323
2,87,36.38314526285313
2,88,38.93256100465059
2,89,41.884038659428796
2,90,41.52955918138229
2,91,39.77230751572711
2,92,36.129683922296024
2,93,33.64157779318958
2,94,30.25891051967348
2,95,28.055753813713217
2,96,24.530599948840226
2,97,23.319744900600536
2,98,21.071537354935018
2,99,17.66663700772828
2,100,17.728959412094756
2,101,14.295623065377436
2,102,10.89622161467528
2,103,8.592403311918025
2,104,5.42307341261107
2,105,5.45878682524447
2,106,7.127145051922707
2,107,9.887938322527843
2,108,13.045554000582062
3,1,5.611345586595224
3,2,3.84883838986006
3,4,3.853748813610435
3,5,5.54117130052841
3,6,5.685812925212967
3,7,6.3223459377081
3,8,7.9980855325760505
3,9,10.73346464073566
3,10,11.09694693748316
3,11,12.185225324699774
3,12,13.132604959184896
3,13,14.596428406004245
3,14,12.818485510171444
3,15,10.458384647014755
3,16,6.990815943524467
3,17,5.872953317184173
3,18,9.115737151361236
3,19,10.768591944327378
3,20,13.607892996589932
3,21,16.163294074038095
3,22,18.679665723994116
3,23,22.150447719365758
3,24,23.87707105474498
3,25,27.356163455435603
3,26,26.848218819696783
3,27,24.264246947136225
3,28,24.917072602334027
3,29,28.44276064201254
3,30,27.656013890514217
3,31,30.09033758471654
3,32,30.47281637215624
3,33,27.486150124370607
3,34,28.50351295605207
3,35,25.293819820371446
3,36,22.688525659117143
3,37,23.91226953475336
3,38,20.52086182752098
3,39,16.843218738079667
3,40,13.385356486440447
3,41,12.887884150518143
3,42,10.468621128332408
3,43,10.729878946005666
3,44,9.880456514663962
3,45,12.191730302200813
3,46,13.360357819518013
3,47,15.669698695107014
3,48,15.442363118393617
3,49,17.60446537851516
3,50,13.472942277815033
3,51,14.597567090794442
3,52,17.576887377699556
3,53,21.05676366438441
3,54,22.397085253841396
3,55,19.916268980514527
3,56,20.87904214477112
3,57,24.527359760674933
3,58,24.44193067938281
3,59,23.093090832631123
3,60,26.04502407882157
3,61,28.497474947239237
3,62,27.564082306791683
3,63,28.64533654159983
3,64,31.83435502814632
3,65,33.19702420908873
3,66,34.67531582016448
3,67,33.40669799231219
3,68,29.602950831890833
3,69,28.275004276494766
3,70,24.89164758943236
3,71,21.922475165334806
3,72,18.246440888063667
3,73,16.350027168870955
3,74,12.820375230352797
3,75,12.340016018457556
3,76,10.462598363894644
3,77,9.82816751659291
3,78,9.359822362246982
3,79,11.240916268796225
3,80,12.526440367042825
3,81,15.95543354576829
3,82,17.16164301604701
3,83,20.208304316620456
3,84,23.035252793152104
3,85,26.50492453349208
3,86,29.45510812914319
3,87,33.22639903056624
3,88,35.93905809932749
3,89,38.76210716936963
3,90,38.22375285365894
3,91,36.52034006519817
3,92,32.80471026278678
3,93,30.495639015626644
3,94,27.060526550459198
3,95,25.127691846067883
3,96,21.765096387200327
3,97,20.832020841982757
3,98,18.992027265294066
3,99,15.877725153303357
3,100,15.528526403511197
3,101,11.849450440405995
3,102,9.02823237417229
3,103,6.062473628372663
3,104,4.614164762223468
3,105,6.84205385638148
3,106,9.77127626124546
3,107,13.006571993023423
3,108,15.789980896022591
4,1,9.00983035345095
4,2,7.258215309619402
4,3,3.853748813610435
4,5,3.876214282968883
4,6,5.587568493538564
4,7,5.520253743191921
4,8,5.240537352399172
4,9,8.21101423918801
4,10,9.780490496003692
4,11,10.982176040979828
4,12,13.014745906377886
4,13,15.152533705354879
4,14,14.31595152976062
4,15,12.490594637814072
4,16,8.728486669166793
4,17,6.471738164069606
4,18,8.257986686292506
4,19,8.700637643049063
4,20,11.849451009242514
4,21,13.99238582679341
4,22,16.962575983022784
4,23,20.19034640032852
4,24,22.30671616409434
4,25,25.614677034296296
4,26,25.049939587024394
4,27,22.869908000450323
4,28,23.910197099840744
4,29,27.254959864747317
4,30,26.486473864825435
4,31,28.574540148412165
4,32,29.132006486472665
4,33,25.96705574670646
4,34,26.582512912636822
4,35,23.215232991338624
4,36,20.50292536543779
4,37,21.624967417710888
4,38,18.383130955483278
4,39,14.81140606357198
4,40,11.333808123893045
4,41,11.904857762886621
4,42,9.590947887798597
4,43,10.983689736497581
4,44,11.174300602462662
4,45,13.336711827927953
4,46,14.73210218830537
4,47,17.522954859783137
4,48,17.998335606999525
4,49,20.159106978731522
4,50,16.445388157266304
4,51,18.364201685216937
4,52,21.38315681937113
4,53,24.894430994716128
4,54,26.134108794821184
4,55,23.56911591198676
4,56,24.596334334966482
4,57,28.24758097815209
4,58,27.983186466692974
4,59,26.541518652224774
4,60,29.574517458634638
4,61,32.00188965001827
4,62,30.841252652845032
4,63,31.879769075739162
4,64,35.19751663404584
4,65,36.53021234210647
4,66,37.79311999838481
4,67,36.47369638088703
4,68,32.695380777533764
4,69,31.412146798406997
4,70,27.91795286432931
4,71,24.837564311758424
4,72,21.24905416226964
4,73,18.971329583030695
4,74,15.2601510262838
4,75,14.858429463047644
4,76,12.88307015783065
4,77,12.92573400544224
4,78,11.947749836497465
4,79,12.832291265552701
4,80,13.246189153790345
4,81,16.12130588755669
4,82,16.4762500615475
4,83,19.237409085980154
4,84,21.774500521613014
4,85,24.994122666235807
4,86,28.02577504959202
4,87,31.784461915340984
4,88,34.75629868338605
4,89,37.31454913036497
4,90,36.602073230683416
4,91,35.166316077917344
4,92,31.363222277792968
4,93,29.41692291003595
4,94,26.031498675006258
4,95,24.54518319796681
4,96,21.511244345773044
4,97,20.74731343464838
4,98,19.585438499356812
4,99,16.792575587200513
4,100,15.650969022400924
4,101,11.832534974990962
4,102,9.914592487940517
4,103,7.272279729111005
4,104,7.56595431326761
4,105,9.902902004978912
4,106,13.204175258863026
4,107,16.255624173116058
4,108,19.102383363293363
5,1,8.500968087031113
5,2,8.068048618455093
5,3,5.54117130052841
5,4,3.876214282968883
5,6,3.850513791780821
5,7,6.124228969928367
5,8,6.470484225873198
5,9,7.611463202426365
5,10,9.358088388970808
5,11,11.80108463491635
5,12,13.700828257383469
5,13,16.37949926400402
5,14,15.430326641349561
5,15,14.225440755563104
5,16,10.834869272535395
5,17,9.637743170343684
5,18,11.565189541603537
5,19,12.12121824897722
5,20,15.476041634562575
5,21,17.46852478705134
5,22,20.587485972238774
5,23,23.657596942021677
5,24,25.845052350511725
5,25,29.110049371798613
5,26,28.591357313303323
5,27,26.576594777628596
5,28,27.68183806976671
5,29,30.95677693256342
5,30,30.08124741062456
5,31,31.9985780864341
5,32,32.428180088847185
5,33,29.107674128482248
5,34,29.423823141788308
5,35,25.8800859719915
5,36,23.27302726390531
5,37,24.639280354121414
5,38,21.617352598354806
5,39,18.09508330789214
5,40,14.797764082607271
5,41,15.677436994985
5,42,13.4581268136928
5,43,14.701789906555899
5,44,14.412238131187783
5,45,16.154784744849586
5,46,16.838237523482356
5,47,19.1210304021411
5,48,19.259006299132963
5,49,20.769587000156342
5,50,16.569741280392655
5,51,19.402163955742683
5,52,22.367848163544085
5,53,25.591080932752927
5,54,27.268676211671412
5,55,24.700767183893223
5,56,25.139705164814327
5,57,28.931928705273922
5,58,28.999372428912125
5,59,27.20448776309321
5,60,29.92914050236548
5,61,32.70553355519084
5,62,31.672511889136928
5,63,32.276019673984216
5,64,35.551944572632614
5,65,37.253612985371426
5,66,38.5917006213019
5,67,37.63983279833297
5,68,33.902133210310076
5,69,32.95417080302798
5,70,29.660949899716343
5,71,26.441540806035437
5,72,22.95417876330045
5,73,21.153529713738884
5,74,17.65856871680675
5,75,17.64658641995643
5,76,15.886594476635027
5,77,15.295795328554869
5,78,14.30038945161425
5,79,15.72904828302687
5,80,15.971863517122728
5,81,18.913405742110307
5,82,19.384449315649327
5,83,21.793544821872665
5,84,24.525465635395726
5,85,27.580936922224407
5,86,30.824846678054445
5,87,34.54044856693946
5,88,37.60691486790537
5,89,40.07367051511456
5,90,39.083736182533045
5,91,37.55405421328444
5,92,33.69370011121292
5,93,31.894258983931465
5,94,28.361470869089196
5,95,27.108126224660726
5,96,24.156859310998517
5,97,23.809507154464555
5,98,22.569331353704232
5,99,19.943517354264543
5,100,19.11201531983304
5,101,15.32726163492803
5,102,13.405327959379926
5,103,10.243239470367701
5,104,10.037891463344112
5,105,12.27615358756038
5,106,14.977309918996491
5,107,17.877165902107254
5,108,20.984636428871227
6,1,7.359470989143662
6,2,6.270534826956821
6,3,5.685812925212967
6,4,5.587568493538564
6,5,3.850513791780821
6,7,3.823773690394589
6,8,6.2511617996126745
6,9,6.827798267155275
6,10,6.866664010732916
6,11,9.462404401910527
6,12,10.575489228258581
6,13,13.219230196755253
6,14,12.10266968757506
6,15,11.450695592502498
6,16,8.620402320016918
6,17,8.739153368589928
6,18,10.911141817910334
6,19,12.52377566007896
6,20,16.124269734076645
6,21,18.745865929993506
6,22,21.905780548931812
6,23,25.232541371860187
6,24,27.553941291668245
6,25,30.75256382672769
6,26,29.841614521172662
6,27,27.555204319973573
6,28,28.815776770057678
6,29,32.27059331711884
6,30,31.767332356396214
6,31,33.95628995863323
6,32,34.64478220443952
6,33,31.52767780654676
6,34,32.12595455010541
6,35,28.729829366519063
6,36,25.999396349577406
6,37,26.993170142482
6,38,23.730173837111817
6,39,20.24845293660364
6,40,16.666696025367475
6,41,17.034143402526695
6,42,14.140865065491177
6,43,14.455014636330112
6,44,13.284420232454984
6,45,14.255177106063014
6,46,14.174657416965719
6,47,16.028469355964145
6,48,16.134224176644967
6,49,17.3038225680045
6,50,13.302761765504309
6,51,17.621270564896832
6,52,20.927343876159078
6,53,23.927651044606524
6,54,25.432065296527906
6,55,22.5401366513854
6,56,22.777989499019373
6,57,26.5995262860307
6,58,26.45667786310186
6,59,24.35602920179995
6,60,27.088996858293967
6,61,29.90910179770637
6,62,28.652776888618178
6,63,29.069723666564805
6,64,32.452116252962384
6,65,34.21755566060041
6,66,35.37597734451972
6,67,34.56310787842509
6,68,30.891059182841815
6,69,30.230650041339423
6,70,27.03511864789373
6,71,23.635651959083404
6,72,20.36137834294369
6,73,18.797237741826724
6,74,15.562079542172704
6,75,16.298206371642532
6,76,15.361165809194663
6,77,14.971272518260177
6,78,14.957174724325295
6,79,16.907440317919637
6,80,17.940799285014865
6,81,21.17071396056145
6,82,21.89981491727901
6,83,24.663246342388867
6,84,27.320909560785427
6,85,30.534427856821413
6,86,33.6051933440649
6,87,37.36155558716081
6,88,40.327998912115
6,89,42.8944886395054
6,90,42.13013821191571
6,91,40.64962424466031
6,92,36.82893722503293
6,93,34.87837556599467
6,94,31.416603708707935
6,95,29.889093151430423
6,96,26.746882488803166
6,97,25.99044956011285
6,98,24.453826437288676
6,99,21.42511809769694
6,100,20.70563899345615
6,101,16.916474420540407
6,102,14.332786322941994
6,103,11.57369473164854
6,104,10.102926264014965
6,105,11.162656122422307
6,106,13.277157745060052
6,107,15.587053379138098
6,108,19.041319353958126
7,1,9.552551228053563
7,2,6.860682087854204
7,3,6.3223459377081
7,4,5.520253743191921
7,5,6.124228969928367
7,6,3.823773690394589
7,8,3.7790850766375548
7,9,5.434958400069254
7,10,4.8491283054085
7,11,6.164100633391322
7,12,7.724640148785303
7,13,10.340526213705278
7,14,9.94492738480049
7,15,9.414802224172242
7,16,6.440944905755808
7,17,6.290500450607
7,18,7.610389658021614
7,19,9.522561427132924
7,20,13.211660086312772
7,21,16.144637618818468
7,22,19.379121380627623
7,23,22.777949989164124
7,24,25.322078848546845
7,25,28.335169314925515
7,26,27.07035666667918
7,27,24.729500443124486
7,28,26.26780841305384
7,29,29.75050145234651
7,30,29.6214791956313
7,31,31.899473708686486
7,32,32.95127430444868
7,33,30.037366844801507
7,34,30.80178212548588
7,35,27.60288020632495
7,36,24.725321852388372
7,37,25.20673651425734
7,38,21.800004486174643
7,39,18.52071340811475
7,40,14.800053798916153
7,41,15.08005006254424
7,42,11.751818238291039
7,43,11.832102068266432
7,44,10.792618139540416
7,45,11.318992482722152
7,46,11.405162516856336
7,47,13.807213209376114
7,48,14.726975624476982
7,49,16.364302259126625
7,50,13.3720388519615
7,51,17.996209094220934
7,52,21.559750853800203
7,53,24.71246073694214
7,54,25.657507374858618
7,55,22.532571508175014
7,56,23.25201703567656
7,57,26.94290470318516
7,58,26.25781938680457
7,59,24.265145078853216
7,60,27.33844552920436
7,61,29.824461286252472
7,62,28.176534219125752
7,63,28.87346203433783
7,64,32.42515503931648
7,65,33.85603022822348
7,66,34.698993350016245
7,67,33.59669617940456
7,68,29.945130678008244
7,69,29.179998626821533
7,70,25.789521394740923
7,71,22.330760096543028
7,72,19.14892308535135
7,73,17.050807024155468
7,74,13.674453200821194
7,75,14.672635866696568
7,76,14.129995465493336
7,77,14.708358513374312
7,78,15.116066487477807
7,79,16.57914844915913
7,80,17.851541260295903
7,81,20.890677036466414
7,82,21.295226033680592
7,83,24.297053879747292
7,84,26.571548032716464
7,85,29.80260768994616
7,86,32.60989452241922
7,87,36.365987722110034
7,88,39.310168498127226
7,89,41.83594422986483
7,90,41.325166918776425
7,91,40.1037432460683
7,92,36.33830014804135
7,93,34.40835388129007
7,94,31.162613022705933
7,95,29.5580797596747
7,96,26.455709216733155
7,97,25.250010883958353
7,98,23.92974371878273
7,99,20.726844548938086
7,100,19.5224470775242
7,101,15.797203928386018
7,102,13.222869774752661
7,103,11.364968097723178
7,104,9.972609033543169
7,105,10.348284713587596
7,106,12.818560567315291
7,107,14.798380161571282
7,108,18.267672742904804
8,1,12.41793526502554
8,2,9.879622665058438
8,3,7.9980855325760505
8,4,5.240537352399172
8,5,6.470484225873198
8,6,6.2511617996126745
8,7,3.7790850766375548
8,9,3.8701473363402568
8,10,5.713292783578867
8,11,6.533105492119115
8,12,9.54605554625952
8,13,12.388910690931832
8,14,12.846639334786413
8,15,12.259634298278701
8,16,9.024200092395068
8,17,7.348926671171973
8,18,7.129145145105665
8,19,7.446495190781404
8,20,11.213606084228484
8,21,13.63215950750416
8,22,17.160643798051375
8,23,20.269230648077794
8,24,23.079022417902525
8,25,25.91674275703874
8,26,24.663248480292772
8,27,22.71277765538149
8,28,24.518650120525695
8,29,27.79120227717731
8,30,27.63959243877763
8,31,29.599208459244693
8,32,30.771792499374406
8,33,27.75811514473187
8,34,28.21063258453978
8,35,24.96206861167708
8,36,22.045434474466376
8,37,22.393712844916866
8,38,19.17072150042688
8,39,16.096904795378872
8,40,12.526218393107637
8,41,13.65286678072011
8,42,10.648835824279034
8,43,11.7912892079282
8,44,11.934894512030924
8,45,12.770963739367929
8,46,13.548448188155591
8,47,16.474304665113458
8,48,17.881304621844883
8,49,19.769671725447516
8,50,17.07443600153657
8,51,21.119990787217535
8,52,24.571682953875698
8,53,27.913025123926214
8,54,28.779925811475362
8,55,25.752924021670314
8,56,26.725156031500674
8,57,30.368973396431116
8,58,29.59775224103527
8,59,27.774286326602585
8,60,30.943686950380904
8,61,33.3070840517171
8,62,31.593409639970538
8,63,32.43692108811059
8,64,36.01415544557478
8,65,37.307589678859806
8,66,38.060650510547035
8,67,36.78840961261517
8,68,33.141740674889505
8,69,32.21187165850173
8,70,28.688769560288772
8,71,25.309358641563616
8,72,22.10308849631425
8,73,19.599419350465343
8,74,16.028628216652407
8,75,16.596831220789564
8,76,15.596169919169226
8,77,16.548602774590762
8,78,16.34472361279453
8,79,17.019180189486836
8,80,17.63095278365711
8,81,20.17335724573279
8,82,19.913463327976494
8,83,22.65037500231181
8,84,24.608844193664655
8,85,27.593595253721578
8,86,30.394317266098696
8,87,34.09657241389733
8,88,37.21110225373942
8,89,39.50880688665216
8,90,38.8905422435257
8,91,37.90766426899379
8,92,34.12113586621261
8,93,32.488535077853314
8,94,29.35220462740133
8,95,28.098218072457502
8,96,25.30199474743647
8,97,24.21333100464487
8,98,23.457682821601708
8,99,20.56641411030451
8,100,18.774288965935224
8,101,15.084357552332635
8,102,13.299085554166195
8,103,11.712670951099508
8,104,11.52885721183832
8,105,12.566221404561327
8,106,15.604692005937416
8,107,17.819448093499446
8,108,21.05710454065323
9,1,14.06546239711763
9,2,12.058595894076982
9,3,10.73346464073566
9,4,8.21101423918801
9,5,7.611463202426365
9,6,6.827798267155275
9,7,5.434958400069254
9,8,3.8701473363402568
9,10,3.895641397681452
9,11,6.309483619314955
9,12,9.433863745885132
9,13,13.005997620094952
9,14,13.890781896243656
9,15,14.264638678580113
9,16,11.592414249626945
9,17,10.801186805412032
9,18,10.548320814214046
9,19,10.859933297915958
9,20,14.570337888573107
9,21,16.77811627862842
9,22,20.45726797329143
9,23,23.34132688604415
9,24,26.36525495790782
9,25,29.005675287252696
9,26,27.603670412769972
9,27,25.898672762025654
9,28,27.952428768723937
9,29,31.115449154049507
9,30,31.055427516309802
9,31,32.823941775586384
9,32,34.082407155206404
9,33,30.996778454269354
9,34,31.162989421360116
9,35,27.825405205004216
9,36,24.940143303618168
9,37,25.25307488282217
9,38,22.24823167319326
9,39,19.366421288825492
9,40,15.96529625024469
9,41,17.411599840303698
9,42,14.450227587441832
9,43,15.466606482424622
9,44,15.275550314895124
9,45,15.50672279772986
9,46,15.501795206638684
9,47,17.94572633878529
9,48,19.386766114659995
9,49,20.62381971685446
9,50,18.02700083742191
9,51,23.37054877273439
9,52,26.910737925314425
9,53,30.002456964465793
9,54,31.039332683198282
9,55,27.867093725080277
9,56,28.408852370373683
9,57,32.12970916088753
9,58,31.414830979263503
9,59,29.20617675194613
9,60,32.18160627774453
9,61,34.762371529828776
9,62,32.93829040371241
9,63,33.36987450002774
9,64,37.00075628283917
9,65,38.55001749080899
9,66,39.149386629282205
9,67,38.184466261246655
9,68,34.640948750763876
9,69,34.102722094482964
9,70,30.739891335492743
9,71,27.177536799086553
9,72,24.209579130951756
9,73,22.01339705808186
9,74,18.69297172067632
9,75,19.754352276180498
9,76,19.074008913259927
9,77,19.80852523949392
9,78,19.709696592592245
9,79,20.662016090766
9,80,21.194983555804473
9,81,23.748655651953456
9,82,23.408253426424743
9,83,25.920087772748285
9,84,27.862224120411035
9,85,30.66183591437132
9,86,33.55021232564824
9,87,37.202045723788665
9,88,40.440045883669505
9,89,42.575571941696055
9,90,41.77696718743862
9,91,40.8852095471983
9,92,37.05872920079297
9,93,35.63966565257618
9,94,32.46970009415892
9,95,31.451497282756584
9,96,28.766760431076936
9,97,27.874299957760883
9,98,27.174296295325302
9,99,24.34372905854902
9,100,22.587162216899067
9,101,18.882824581219307
9,102,17.095046187243007
9,103,15.229402241554446
9,104,14.771405814144828
9,105,15.629540473833456
9,106,18.249416421906574
9,107,20.130743287719103
9,108,23.63527404032502
10,1,13.480377560293496
10,2,11.14136364077195
10,3,11.09694693748316
10,4,9.780490496003692
10,5,9.358088388970808
10,6,6.866664010732916
10,7,4.8491283054085
10,8,5.713292783578867
10,9,3.895641397681452
10,11,3.8287523450609293
10,12,5.916157425115038
10,13,9.659112939867443
10,14,10.625075327012198
10,15,11.759159985923407
10,16,9.937885431695946
10,17,10.403958169290185
10,18,10.443665824396158
10,19,11.95881954444141
10,20,15.665527819022659
10,21,18.47436449996008
10,22,21.987461089637517
10,23,25.14322937593657
10,24,28.116465000879334
10,25,30.762033949868464
10,26,29.080320310826224
10,27,27.028792973982018
10,28,29.076634071039084
10,29,32.42472483417782
10,30,32.65003327929803
10,31,34.73678190860018
10,32,36.1331508603178
10,33,33.25388396431874
10,34,33.77040712322446
10,35,30.582993471737726
10,36,27.638834248081366
10,37,27.744573687208334
10,38,24.5009295250619
10,39,21.581856574447013
10,40,17.974197404787592
10,41,18.736266643916757
10,42,15.30404037675826
10,43,15.354956527424747
10,44,14.304604815945924
10,45,13.72812867592891
10,46,12.880174960931045
10,47,14.829199341154427
10,48,16.332156436528106
10,49,17.227529884707682
10,50,15.148389052137256
10,51,21.584026578767325
10,52,25.304774407410527
10,53,28.150491657888313
10,54,28.98413288675724
10,55,25.593603438836457
10,56,25.990688773434144
10,57,29.64263812814623
10,58,28.718083159183355
10,59,26.293422844070527
10,60,29.25171857596192
10,61,31.798386659308523
10,62,29.7734653124238
10,63,30.059514618766688
10,64,33.753170816040296
10,65,35.31257295291835
10,66,35.731676188678534
10,67,34.88023583012709
10,68,31.4306460561606
10,69,31.153405741526367
10,70,27.91847015689528
10,71,24.24543050305422
10,72,21.55595454919183
10,73,19.6098384733837
10,74,16.65317213938552
10,75,18.3761928538221
10,76,18.43589607704947
10,77,19.286856199975347
10,78,19.93410744196809
10,79,21.331909256894516
10,80,22.517146689829225
10,81,25.37985334762461
10,82,25.42501430679079
10,83,28.275860536209276
10,84,30.280578523233398
10,85,33.29460034635928
10,86,36.045835944600874
10,87,39.74414263236996
10,88,42.830143270772034
10,89,45.131800732601675
10,90,44.56365915506341
10,91,43.616763679762805
10,92,39.83376331875421
10,93,38.17786162046587
10,94,35.02516928333814
10,95,33.67278365379455
10,96,30.749940700962092
10,97,29.52838554835992
10,98,28.46401812733441
10,99,25.296663833057252
10,100,23.786133892948335
10,101,20.119400120914147
10,102,17.75326062210451
10,103,16.130052808102096
10,104,14.771021261960279
10,105,14.699431002234926
10,106,16.704344007897156
10,107,17.946611318209833
10,108,21.622908041282404
11,1,15.162104612440938
11,2,12.06480433503828
11,3,12.185225324699774
11,4,10.982176040979828
11,5,11.80108463491635
11,6,9.462404401910527
11,7,6.164100633391322
11,8,6.533105492119115
11,9,6.309483619314955
11,10,3.8287523450609293
11,12,3.832511205818958
11,13,7.14380054970422
11,14,9.135210823308189
11,15,10.414303951854537
11,16,9.064410743497751
11,17,9.495623774364125
11,18,8.49849328574537
11,19,10.295575244605216
11,20,13.663842514610666
11,21,16.73536711679192
11,22,20.09048844930827
11,23,23.280058853717957
11,24,26.333015368168635
11,25,28.77335973426415
11,26,26.75218808075517
11,27,24.587693930685926
11,28,26.817743311775704
11,29,30.174275731177534
11,30,30.78327341141439
11,31,33.00876125603209
11,32,34.71132381040524
11,33,32.114304347544106
11,34,32.88521691497242
11,35,29.974553279469045
11,36,26.965607995326174
11,37,26.592975591206855
11,38,23.241823897958866
11,39,20.592026631121435
11,40,17.01580795011917
11,41,17.47376649184733
11,42,13.838452810794648
11,43,13.447356823742364
11,44,12.471781107937769
11,45,11.25089704445775
11,46,10.47117104550282
11,47,12.82607648633399
11,48,15.093426237823259
11,49,16.450540423925315
11,50,15.407541562910604
11,51,21.611612628475974
11,52,25.426500569505162
11,53,28.353189546310617
11,54,28.677920656613157
11,55,25.17773928001652
11,56,26.022675412966464
11,57,29.475403696486623
11,58,28.086999793756195
11,59,25.86534851328272
11,60,29.091695495684114
11,61,31.26071519791928
11,62,28.936811389099645
11,63,29.545247646462272
11,64,33.32136113405936
11,65,34.50904751748094
11,66,34.66253959368966
11,67,33.50333348889366
11,68,30.10957898215934
11,69,29.693698213749958
11,70,26.33187348063302
11,71,22.714625166896276
11,72,20.200617755998277
11,73,17.844004956707426
11,74,14.981632890642047
11,75,16.907571323386836
11,76,17.409463436639836
11,77,18.98286163519773
11,78,20.012633373519183
11,79,21.06324250222447
11,80,22.514992558190666
11,81,25.205438439740956
11,82,25.10540033952102
11,83,28.162358187384992
11,84,29.840232517183964
11,85,32.883543569619015
11,86,35.32914092168113
11,87,38.990851065653246
11,88,41.963161497291594
11,89,44.27310249013123
11,90,44.002855710287825
11,91,43.24357924905721
11,92,39.56625862863448
11,93,37.85619410119892
11,94,34.929074047817025
11,95,33.42505083626564
11,96,30.519494113453163
11,97,28.87978427198978
11,98,27.92246953760203
11,99,24.638823230404466
11,100,22.857533537473223
11,101,19.43253838152316
11,102,17.107374589944218
11,103,16.31355449444359
11,104,14.961518215524205
11,105,14.28611806634697
11,106,16.322659007603253
11,107,17.17380073773994
11,108,20.66660105200839
12,1,14.940954718903152
12,2,11.846387919205895
12,3,13.132604959184896
12,4,13.014745906377886
12,5,13.700828257383469
12,6,10.575489228258581
12,7,7.724640148785303
12,8,9.54605554625952
12,9,9.433863745885132
12,10,5.916157425115038
12,11,3.832511205818958
12,13,3.8618648876415045
12,14,5.981873288498994
12,15,8.380647482515089
12,16,8.4670798147965
12,17,10.331127836317028
12,18,10.08378546208191
12,19,12.813055079695884
12,20,15.929481589870992
12,21,19.340971920610325
12,22,22.391098936906314
12,23,25.77267324084486
12,24,28.617496150776123
12,25,31.1162665590018
12,26,28.997686114357002
12,27,26.507690355514647
12,28,28.5549734609303
12,29,32.053634877701946
12,30,32.80662361595556
12,31,35.31611901370062
12,32,37.01245572747098
12,33,34.582274462759806
12,34,35.65512734734852
12,35,32.8499044483616
12,36,29.8525653926851
12,37,29.468307348627786
12,38,25.967275682951133
12,39,23.237776493363334
12,40,19.585096942440554
12,41,19.401479379210066
12,42,15.594051782771436
12,43,14.284936183618068
12,44,12.343338609272053
12,45,10.288487267527232
12,46,8.28229412573828
12,47,9.751527973825796
12,48,12.023389668496648
12,49,12.974333437718572
12,50,12.669394452783674
12,51,19.77638465809322
12,52,23.663763562739124
12,53,26.26980104483097
12,54,26.399469627402887
12,55,22.739568978699886
12,56,23.412114177820953
12,57,26.741285911369868
12,58,25.172274497340965
12,59,22.756844357052337
12,60,25.933369735666876
12,61,28.051398173272815
12,62,25.563488758889182
12,63,26.03481357915535
12,64,29.844923911876542
12,65,31.042880269749077
12,66,31.059837180765363
12,67,30.025695026217825
12,68,26.720067583701315
12,69,26.574484193111378
12,70,23.383852463414268
12,71,19.674603000637763
12,72,17.49665246629615
12,73,15.540516760859502
12,74,13.24932111193644
12,75,15.867413148250742
12,76,17.134828439999616
12,77,18.64444561349635
12,78,20.345948433345903
12,79,21.86156241582179
12,80,23.85923715410482
12,81,26.820589585081155
12,82,27.15927316527652
12,83,30.444236496867727
12,84,32.26400972779334
12,85,35.492489394251066
12,86,37.86055012559133
12,87,41.549682750699276
12,88,44.35426601396508
12,89,46.842033512571
12,90,46.74017421813988
12,91,45.85053926381683
12,92,42.217968278934514
12,93,40.269349530736925
12,94,37.323075824832394
12,95,35.518832769981344
12,96,32.39979134475277
12,97,30.560005798950655
12,98,29.208717725060538
12,99,25.688475910156594
12,100,24.29879832350716
12,101,20.983410120833792
12,102,18.177378769248946
12,103,17.50339360655298
12,104,15.374792938491057
12,105,13.837144771912262
12,106,15.018268641476256
12,107,15.089323256347301
12,108,18.660900356867845
13,1,16.041384441617897
13,2,12.723578271002024
13,3,14.596428406004245
13,4,15.152533705354879
13,5,16.37949926400402
13,6,13.219230196755253
13,7,10.340526213705278
13,8,12.388910690931832
13,9,13.005997620094952
13,10,9.659112939867443
13,11,7.14380054970422
13,12,3.8618648876415045
13,14,3.8538333273886494
13,15,6.78325675058766
13,16,8.430112600706241
13,17,10.913182321684108
13,18,10.707083312661576
13,19,13.947746102710571
13,20,16.473256066694923
13,21,20.10910915766297
13,22,22.70462058994867
13,23,26.185767058827278
13,24,28.79464495222142
13,25,31.2357832754837
13,26,28.970702433924924
13,27,26.177532728206668
13,28,28.06307634904946
13,29,31.631889558474185
13,30,32.63737453098448
13,31,35.42391739674282
13,32,37.211566955710296
13,33,35.08512849670612
13,34,36.533119421709124
13,35,33.98920286357796
13,36,31.020747066578817
13,37,30.431499878216137
13,38,26.815665729227014
13,39,24.199581200803344
13,40,20.626235067379486
13,41,19.786407802990162
13,42,15.968363303326932
13,43,13.807277502715111
13,44,11.320339355053815
13,45,8.347497939287505
13,46,5.429955136730293
13,47,6.369147393197025
13,48,9.30844333419934
13,49,10.575273082912034
13,50,11.651209170567617
13,51,18.435238277299153
13,52,22.291718880843344
13,53,24.73649929229048
13,54,24.355637309614146
13,55,20.619579524334448
13,56,21.587898384439235
13,57,24.616965018085853
13,58,22.620201653096824
13,59,20.374138883733234
13,60,23.716067384003107
13,61,25.45112143656856
13,62,22.71844751829076
13,63,23.467314692832495
13,64,27.294762997875605
13,65,28.15972761792017
13,66,27.983411108453453
13,67,26.72221899526568
13,68,23.47977808080811
13,69,23.29079794551217
13,70,20.097702198368136
13,71,16.443021583327894
13,72,14.612152136686428
13,73,12.627855454958167
13,74,10.956788344461689
13,75,14.075457965748244
13,76,16.130020853884005
13,77,18.003145152042677
13,78,20.31398480884851
13,79,21.853863038232138
13,80,24.318328851073392
13,81,27.28724381176817
13,82,27.864444915681734
13,83,31.369958885289133
13,84,33.09962542202777
13,85,36.452556634885774
13,86,38.57251532602313
13,87,42.22889789795081
13,88,44.80484306464392
13,89,47.4351169046136
13,90,47.62953365311393
13,91,46.722998593671306
13,92,43.21519467532054
13,93,41.053436109277484
13,94,38.24591692372699
13,95,36.14187343825477
13,96,32.915704272897116
13,97,30.7259920407153
13,98,29.16795183955687
13,99,25.496409790446492
13,100,24.28654868686481
13,101,21.305371644986206
13,102,18.30904337825952
13,103,18.245816411877946
13,104,15.768264484391654
13,105,13.396930822075676
13,106,13.936029608991698
13,107,13.182704383133169
13,108,16.464485211661568
14,1,13.255474215774163
14,2,10.179671872496172
14,3,12.818485510171444
14,4,14.31595152976062
14,5,15.430326641349561
14,6,12.10266968757506
14,7,9.94492738480049
14,8,12.846639334786413
14,9,13.890781896243656
14,10,10.625075327012198
14,11,9.135210823308189
14,12,5.981873288498994
14,13,3.8538333273886494
14,15,3.8453342724393322
14,16,6.528663987718752
14,17,9.937924906899093
14,18,11.038046962764332
14,19,14.703331235815714
14,20,17.2697478894253
14,21,20.99646235238566
14,22,23.39988525255166
14,23,27.07353440432165
14,24,29.327835281263702
14,25,32.086407899301065
14,26,30.165742345087605
14,27,27.126419163855758
14,28,28.55230514372415
14,29,32.25769057445752
14,30,32.949400925398
14,31,35.90981956511915
14,32,37.360480380041245
14,33,35.17704733500992
14,34,36.785341201837426
14,35,34.17543102605477
14,36,31.285865372933454
14,37,31.081981207144562
14,38,27.371146356504084
14,39,24.44618810960017
14,40,20.80367913556527
14,41,19.533621364599455
14,42,15.807081857637097
14,43,13.319901478233296
14,44,10.123958648758776
14,45,7.652160255062231
14,46,4.411127296859348
14,47,4.375551699876775
14,48,6.049289567072722
14,49,7.581081725995325
14,50,7.946700327958824
14,51,14.70372918600465
14,52,18.567875215102674
14,53,20.94747331919476
14,54,20.729978270833193
14,55,16.99827548490507
14,56,17.848530034897355
14,57,21.000779964763243
14,58,19.25007374849378
14,59,16.98753735541568
14,60,20.33547389454294
14,61,22.257397404513718
14,62,19.824359041065012
14,63,20.62394641787059
14,64,24.392622327461954
14,65,25.414823479521985
14,66,25.657530450897003
14,67,24.46876528073906
14,68,21.020133866668033
14,69,20.717587464088904
14,70,17.52810009489922
14,71,13.801826468648722
14,72,11.582741631344803
14,73,10.046732011040797
14,74,8.434017843228602
14,75,11.70597974771081
14,76,13.895496010505994
14,77,15.24320359142427
14,78,17.850611132587197
14,79,19.888416414426178
14,80,22.649900543876612
14,81,25.896798356352953
14,82,26.974338738236277
14,83,30.56176716987787
14,84,32.6222332885132
14,85,36.148495431570495
14,86,38.3791995858897
14,87,42.082491234966675
14,88,44.53814259081667
14,89,47.371569122110266
14,90,47.54465515199086
14,91,46.341065697135114
14,92,42.83335945497565
14,93,40.4345411798558
14,94,37.48846752570368
14,95,35.163675921173784
14,96,31.740150493021027
14,97,29.63296798564334
14,98,27.65905766643217
14,99,23.899684235534583
14,100,23.23987762269087
14,101,20.25874981551504
14,102,16.885460839002608
14,103,16.562052042974397
14,104,13.530338114037475
14,105,10.777569252207696
14,106,10.627102659830383
14,107,9.673322168781084
14,108,13.16801957225508
15,1,11.225935502862635
15,2,7.860100513982694
15,3,10.458384647014755
15,4,12.490594637814072
15,5,14.225440755563104
15,6,11.450695592502498
15,7,9.414802224172242
15,8,12.259634298278701
15,9,14.264638678580113
15,10,11.759159985923407
15,11,10.414303951854537
15,12,8.380647482515089
15,13,6.78325675058766
15,14,3.8453342724393322
15,16,3.828461683305427
15,17,7.351061743925505
15,18,9.226231633574233
15,19,13.03649956052407
15,20,15.297741137489536
15,21,19.000743938236827
15,22,21.0941386929551
15,23,24.86447033498359
15,24,26.776684066974408
15,25,29.748610731828627
15,26,28.144049706587445
15,27,24.934952569966857
15,28,25.969054607374794
15,29,29.73899176067892
15,30,30.178765067515062
15,31,33.25112714989536
15,32,34.46374642015448
15,33,32.30186940496192
15,34,34.080767114293224
15,35,31.531533643244106
15,36,28.73482592834735
15,37,28.73563791691693
15,38,24.982224689024168
15,39,21.93033682280843
15,40,18.36518953102233
15,41,16.65661432288555
15,42,13.13023477415106
15,43,10.389413788755398
15,44,6.859940468207662
15,45,5.32621875243176
15,46,3.757683960365798
15,47,5.224597917175517
15,48,5.879252731788015
15,49,8.811221953878047
15,50,7.855689956197185
15,51,12.06633646013775
15,52,15.892396224341601
15,53,18.720766306603203
15,54,18.519221513592914
15,55,15.005248005598991
15,56,16.41040653170425
15,57,19.621043625242876
15,58,18.065882046795736
15,59,16.38786238454414
15,60,19.922116857114545
15,61,21.72742766329362
15,62,19.711234597715364
15,63,21.034492816804335
15,64,24.618910472361566
15,65,25.453008183002932
15,66,26.13127334261087
15,67,24.614673914385712
15,68,20.949934402430706
15,69,19.993443525278074
15,70,16.51598085032152
15,71,13.058069502471492
15,72,10.025685946713377
15,73,7.890388172683
15,74,5.246986818574574
15,75,8.0639240938855
15,76,10.066329947984892
15,77,11.475668740051436
15,78,14.18396211088604
15,79,16.198764155676383
15,80,19.132983015905168
15,81,22.407317496492038
15,82,23.719983118343247
15,83,27.378860433998323
15,84,29.532175748745516
15,85,33.15329720610312
15,86,35.35637755444822
15,87,39.05582216385101
15,88,41.38891013711761
15,89,44.348673757824784
15,90,44.57673544506981
15,91,43.2216948102823
15,92,39.76876141578574
15,93,37.21015252057538
15,94,34.268574207315
15,95,31.78025783859628
15,96,28.280881049803128
15,97,26.13245062493368
15,98,23.996402915362378
15,99,20.210565974756907
15,100,19.78263333010231
15,101,16.922662719927207
15,102,13.417940875800296
15,103,13.317241921852663
15,104,10.179570653635949
15,105,7.099159790770889
15,106,7.164258744916992
15,107,6.901853018428214
15,108,10.345360508083699
16,1,9.229199010360167
16,2,5.3894954201831595
16,3,6.990815943524467
16,4,8.728486669166793
16,5,10.834869272535395
16,6,8.620402320016918
16,7,6.440944905755808
16,8,9.024200092395068
16,9,11.592414249626945
16,10,9.937885431695946
16,11,9.064410743497751
16,12,8.4670798147965
16,13,8.430112600706241
16,14,6.528663987718752
16,15,3.828461683305427
16,17,3.7831176503910826
16,18,6.457674601180665
16,19,10.050850805112413
16,20,12.680051665541225
16,21,16.226907508995815
16,22,18.5850897417894
16,23,22.34190505075083
16,24,24.3306728581478
16,25,27.453700169416102
16,26,26.109017206472636
16,27,23.093757853440827
16,28,24.13871477294422
16,29,27.87395116871998
16,30,27.99178318955361
16,31,30.86007742789504
16,32,31.922807450505868
16,33,29.495479136763183
16,34,31.032820149167794
16,35,28.288075679157487
16,36,25.479707763635762
16,37,25.7205852984469
16,38,22.010554152126463
16,39,18.77487432080022
16,40,15.116380469591569
16,41,13.772318449119862
16,42,10.235615918263113
16,43,8.303177389667555
16,44,5.552046683906215
16,45,5.924126042956539
16,46,6.373767325802701
16,47,8.919106063479996
16,48,9.569200717422948
16,49,12.278929403479662
16,50,9.989620235224606
16,51,13.119176713783633
16,52,16.804722090026964
16,53,20.051458111386562
16,54,20.324307382148724
16,55,17.127647883011807
16,56,18.537088390424437
16,57,21.951666459925942
16,58,20.84103562385119
16,59,19.329709048126983
16,60,22.74956567893461
16,61,24.74755573633619
16,62,23.053172355550412
16,63,24.35700628723599
16,64,27.849402271234787
16,65,28.80880251706201
16,66,29.709563322024525
16,67,28.194006803435013
16,68,24.47076935480956
