1,2,3.8154735991348323
1,3,5.628906372482167
1,4,9.093322995267751
1,5,8.698944694192136
1,6,7.072838299981552
1,7,9.10963513677048
1,8,12.295306494632117
1,9,14.293701769179764
1,10,13.139768110403287
1,11,14.723673144704282
1,12,14.486263246392257
1,13,15.600708322419953
1,14,12.887655468632577
1,15,10.900234171523554
1,16,9.244449330652477
1,17,9.84054271147378
1,18,13.442503932768956
1,19,15.76170994024639
1,20,18.618675240099503
1,21,21.272068314156353
1,22,23.694593948166553
1,23,27.2821901155443
1,24,28.77304554576371
1,25,32.29508238553062
1,26,31.842348019614512
1,27,29.053117673144598
1,28,29.4477677913498
1,29,33.07414510589088
1,30,32.24084868704928
1,31,35.10057960347072
1,32,35.22250810000794
1,33,32.22304375994558
1,34,33.52128841255383
1,35,30.335014698585404
1,36,27.84735835265677
1,37,29.113973239038064
1,38,25.687440915957776
1,39,21.983572368540425
1,40,18.547634290061204
1,41,17.838205569462268
1,42,15.365095747540478
1,43,14.624358129802907
1,44,12.62578059611147
1,45,14.316779063857853
1,46,14.578315896240506
1,47,15.49227426233544
1,48,14.189453830910958
1,49,15.580204333653475
1,50,12.805934315246333
1,51,15.942530577781344
1,52,17.98034440830506
1,53,15.932018545218282
1,54,15.89499147343319
1,55,19.67514719880674
1,56,20.306281718264295
1,57,18.837467569290776
1,58,21.18236019041515
1,59,24.092589606682065
1,60,23.85517744211985
1,61,24.48560832739062
1,62,27.183586386946402
1,63,29.125673304403563
1,64,31.206733010979658
1,65,30.45815623377345
1,66,26.6836186473703
1,67,25.69524871278537
1,68,22.896325323411208
1,69,20.45465469995617
1,70,16.776052516437378
1,71,16.040647137496485
1,72,13.145376695345385
1,73,13.101786839699361
1,74,11.99272396351099
1,75,9.898146232278453
1,76,10.476548792578418
1,77,13.65756978688847
1,78,15.448476601418582
1,79,19.232542183981224
1,80,21.260079215970816
1,81,24.440259495930412
1,82,27.503724807495775
1,83,31.190913707772008
1,84,33.943050562036966
1,85,37.73882317343026
1,86,39.97499548876315
1,87,43.23707053783995
1,88,43.22611194053555
1,89,41.187578417976496
1,90,37.563302270739094
1,91,34.84173106341773
1,92,31.27241796658483
1,93,28.880802920902532
1,94,25.23309109879521
1,95,24.33829535983714
1,96,21.761687693063806
1,97,18.652494223122527
1,98,19.49078804353315
1,99,16.101124504423318
1,100,12.847475287340888
1,101,9.933609359540053
1,102,6.943244262957008
1,103,7.754601960119611
1,104,8.469947551854212
1,105,11.264470974849617
1,106,14.03324776282674
2,1,3.8154735991348323
2,3,3.7991928822832954
2,4,7.22542044565686
2,5,8.156132094823151
2,6,6.131285050936737
2,7,6.46167673103829
2,8,9.773068146288148
2,9,12.297255452363313
2,10,11.024777158111519
2,11,11.820130470684028
2,12,11.630163461204784
2,13,12.473023670936405
2,14,10.01457211768997
2,15,7.666082593969293
2,16,5.494724117306246
2,17,6.218244691282705
2,18,9.840801718438785
2,19,12.53820388753173
2,20,15.384714828094822
2,21,18.346924975520523
2,22,20.78886650360592
2,23,24.49452081607211
2,24,26.17348282129963
2,25,29.56052736165075
2,26,28.812276858280423
2,27,25.938392230297804
2,28,26.559029416071894
2,29,30.256273122585785
2,30,29.751550513247302
2,31,32.68374185879706
2,32,33.15040406555232
2,33,30.297455462965214
2,34,31.739936015611644
2,35,28.701363053079376
2,36,26.076856825349154
2,37,26.90794351699579
2,38,23.319710598883507
2,39,19.748589545963895
2,40,16.134865953605726
2,41,15.246352771443354
2,42,12.317389480430537
2,43,11.263134602434231
2,44,9.095450069570058
2,45,10.644213131060303
2,46,11.13081107703924
2,47,12.61482549394677
2,48,12.005538863737689
2,49,14.029435847368344
2,50,13.671075546649748
2,51,17.088602859679778
2,52,18.383194801837487
2,53,15.840754143849683
2,54,16.463588247916846
2,55,20.21185037686559
2,56,20.112855812920678
2,57,18.602876893189613
2,58,21.46541786460873
2,59,24.088771673796032
2,60,23.30706971689576
2,61,24.199023121618858
2,62,27.226771839474125
2,63,28.84983813540419
2,64,30.563554288283463
2,65,29.519785733240987
2,66,25.669120318088503
2,67,24.576647705173695
2,68,21.441506272485068
2,69,18.726528215201945
2,70,14.98652179273463
2,71,13.612849050922469
2,72,10.267687313371122
2,73,10.462081449697719
2,74,9.74320404947267
2,75,8.841498639729831
2,76,9.987827082771297
2,77,12.657598519470879
2,78,14.742422976779121
2,79,18.428295144780787
2,80,20.09531545166764
2,81,23.520880487019813
2,82,26.230656012217622
2,83,29.938242142465665
2,84,32.46529294032221
2,85,36.29808570458187
2,86,38.59136752127616
2,87,41.75481767270663
2,88,41.88565228867476
2,89,40.121836089590644
2,90,36.552228411055935
2,91,33.909564462379464
2,92,30.493374235915525
2,93,28.056123837440452
2,94,24.54018721597834
2,95,23.201363073148976
2,96,20.83695483584745
2,97,17.416102006086952
2,98,17.7083824782122
2,99,14.224348701017195
2,100,10.737205550236268
2,101,8.542378920450727
2,102,5.231552788907032
2,103,5.184519916303365
2,104,6.817933182972197
2,105,9.585815111937743
2,106,12.756834506632542
3,1,5.628906372482167
3,2,3.7991928822832954
3,4,3.8381452986206477
3,5,5.529936823170253
3,6,5.438800670041072
3,7,5.876867509331322
3,8,7.930001939276723
3,9,10.890614546103519
3,10,10.869716161447453
3,11,11.945859397597804
3,12,12.91921265615374
3,13,14.319956222867754
3,14,12.640906540530143
3,15,10.268902326706533
3,16,7.012144230309753
3,17,5.578259497449051
3,18,8.738155917559313
3,19,10.389192445117507
3,20,13.277416395816056
3,21,15.746449019166809
3,22,18.358643708584832
3,23,21.88211998227741
3,24,23.616490951516727
3,25,27.072209885995115
3,26,26.545203018402137
3,27,23.959100759378618
3,28,24.622956867694427
3,29,28.198245641998188
3,30,27.437484166918715
3,31,30.124948685466858
3,32,30.45677576244424
3,33,27.39409211996472
3,34,28.56230948006682
3,35,25.37296133538748
3,36,22.73530391679075
3,37,23.757407714069853
3,38,20.299756628133725
3,39,16.644107961262332
3,40,13.09391991004825
3,41,12.787488669101117
3,42,10.246922935087607
3,43,10.384501230992631
3,44,9.5176498818507
3,45,11.825545439324054
3,46,13.13959437826847
3,47,15.376208690029914
3,48,15.319594523256214
3,49,17.587412045289827
3,50,16.383552687049075
3,51,19.968756529016165
3,52,21.29241771638806
3,53,19.039570249265314
3,54,19.894265550731888
3,55,23.58053488919275
3,56,23.50991381263447
3,57,22.23686004955629
3,58,25.135106585739532
3,59,27.66958926942318
3,60,26.925811706461385
3,61,27.946165645187843
3,62,30.956184815182905
3,63,32.491140405202835
3,64,34.20375487907129
3,65,33.0099297869358
3,66,29.134242212761976
3,67,27.824044517153393
3,68,24.52936036491907
3,69,21.909197070046005
3,70,18.108052994009274
3,71,16.19120383722813
3,72,12.561685710370655
3,73,11.947902164350923
3,74,10.223586257756061
3,75,9.574328688254448
3,76,9.303606262374084
3,77,11.129760369953791
3,78,12.368448323213284
3,79,15.86770404284868
3,80,17.144276775525775
3,81,20.385962439460794
3,82,23.11023060571466
3,83,26.737748931171833
3,84,29.440801817443386
3,85,33.289872786007294
3,86,35.76655294568986
3,87,38.84318390573702
3,88,38.7567249299702
3,89,37.01027739341834
3,90,33.365783551969336
3,91,30.88781145115936
3,92,27.41843914330041
3,93,25.24137667001942
3,94,21.82297895242764
3,95,20.784373568123826
3,96,18.82272547738895
3,97,15.685122389173136
3,98,15.557044653487997
3,99,11.827844084540134
3,100,8.911428314378263
3,101,6.04480776101343
3,102,4.40213557435538
3,103,6.608250707018254
3,104,9.54758510837988
3,105,12.749697302785146
3,106,15.60920464497016
4,1,9.093322995267751
4,2,7.22542044565686
4,3,3.8381452986206477
4,5,3.896858900278984
4,6,5.596889430432298
4,7,5.27406702136368
4,8,5.247007945591928
4,9,8.376587933434674
4,10,9.608212632826197
4,11,10.789303601463404
4,12,12.850666494906603
4,13,14.841239735545487
4,14,14.125636364050749
4,15,12.242174129859253
4,16,8.491327067533772
4,17,6.135728543974053
4,18,7.707554263438292
4,19,8.111236072861171
4,20,11.313316422699407
4,21,13.336520304085385
4,22,16.405348891195434
4,23,19.69454234436837
4,24,21.829489520088337
4,25,25.152077335767263
4,26,24.521946825186067
4,27,22.327855150081696
4,28,23.398949673615565
4,29,26.833798808665502
4,30,26.11224252884738
4,31,28.470161777119074
4,32,28.95005479124124
4,33,25.731587170142188
4,34,26.519882686236613
4,35,23.207587962744036
4,36,20.430278310269816
4,37,21.302213615985384
4,38,17.96808809505401
4,39,14.427579160676558
4,40,10.854154143740974
4,41,11.595425015809491
4,42,9.165621775717367
4,43,10.50967176617359
4,44,10.698779248921213
4,45,12.855330256243152
4,46,14.398066773903198
4,47,17.152699205504934
4,48,17.8215248256513
4,49,20.11889759248887
4,50,20.178042631668852
4,51,23.789787246687098
4,52,25.004841832237428
4,53,22.65667002438615
4,54,23.596100731808413
4,55,27.285971352206097
4,56,27.034466055229846
4,57,25.656557646640145
4,58,28.645275591521305
4,59,31.16123484277617
4,60,30.18207300648939
4,61,31.155648221645286
4,62,34.31319866017214
4,63,35.81586499246724
4,64,37.318370238161734
4,65,36.07547159504274
4,66,32.20520264222761
4,67,30.929751228516885
4,68,27.50550054303109
4,69,24.72724241678722
4,70,21.01297282167325
4,71,18.73980244784492
4,72,14.928209532140942
4,73,14.333753412100984
4,74,12.542705023870932
4,75,12.619810882427132
4,76,11.797670303664058
4,77,12.56846975946683
4,78,12.914260277884027
4,79,15.873101621174083
4,80,16.30141853714796
4,81,19.263666882315665
4,82,21.70671855663817
4,83,25.132909830138818
4,84,27.93112165574052
4,85,31.785565282510525
4,86,34.55768471048437
4,87,37.405938185170726
4,88,37.07335384468245
4,89,35.55326786810308
4,90,31.854404915721958
4,91,29.72289189401582
4,92,26.307713282875802
4,93,24.545609176445282
4,94,21.420781247062102
4,95,20.577731909894187
4,96,19.28557765694702
4,97,16.444318403998054
4,98,15.490155681307527
4,99,11.641851937237938
4,100,9.632117892099771
4,101,7.113338899703678
4,102,7.311932056419738
4,103,9.633922316371711
4,104,12.931797075902425
4,105,15.939367452832244
4,106,18.88011526266608
5,1,8.698944694192136
5,2,8.156132094823151
5,3,5.529936823170253
5,4,3.896858900278984
5,6,3.837459760727318
5,7,5.9402801126454365
5,8,6.303725512965672
5,9,7.731891904884315
5,10,8.960630799597327
5,11,11.41770540334723
5,12,13.425950387467363
5,13,16.05502022089157
5,14,15.279564624276558
5,15,14.049233099588747
5,16,10.603810287849642
5,17,9.325434414334817
5,18,11.039210454781413
5,19,11.514963461234036
5,20,14.912435014611741
5,21,16.707833270321792
5,22,19.95372705557992
5,23,23.05098464895798
5,24,25.281995367571145
5,25,28.573724614920188
5,26,27.97580276338189
5,27,25.979870680595813
5,28,27.139598360648275
5,29,30.499367338795672
5,30,29.665284403460852
5,31,31.846854365908857
5,32,32.18250879397755
5,33,28.802575304222422
5,34,29.26637967252333
5,35,25.767516947656087
5,36,23.048460643277913
5,37,24.164153472241672
5,38,21.066555710205456
5,39,17.571118196529245
5,40,14.20235282215552
5,41,15.333137681546035
5,42,13.045401851959674
5,43,14.288072353614961
5,44,14.010450312325577
5,45,15.75295928730839
5,46,16.591784396315624
5,47,18.830458468307498
5,48,19.223052199444112
5,49,20.885680069943675
5,50,21.144416136315588
5,51,24.504366511510323
5,52,26.213458209287765
5,53,23.902216763871333
5,54,24.238923146034
5,55,28.04614296860373
5,56,28.19471794441877
5,57,26.499575080510454
5,58,29.14118386655065
5,59,32.00337901806535
5,60,31.189827677222755
5,61,31.74118199657651
5,62,34.82016460838672
5,63,36.6925868872966
5,64,38.300971597723766
5,65,37.42286712108066
5,66,33.60050461921106
5,67,32.644529216717146
5,68,29.443259515703698
5,69,26.560222784674327
5,70,22.892510014614903
5,71,21.129013060670804
5,72,17.433494108698692
5,73,17.246458587751192
5,74,15.609776961286592
5,75,15.008652214924906
5,76,14.141063543001525
5,77,15.436025834130142
5,78,15.547540150042161
5,79,18.559324211961833
5,80,19.08290490342766
5,81,21.700607952480716
5,82,24.363220989242564
5,83,27.65978792222354
5,84,30.709144297954875
5,85,34.52756366651338
5,86,37.39565761683944
5,87,40.211006099517185
5,88,39.61911201194008
5,89,37.97711836867811
5,90,34.19362327464181
5,91,32.17366417870512
5,92,28.627420939132683
5,93,27.09614347811522
5,94,23.940708363595707
5,95,23.546071442507685
5,96,22.207135652034168
5,97,19.57950856158681
5,98,18.919148906152213
5,99,15.095398229335007
5,100,13.135603845682695
5,101,10.037736563845359
5,102,9.762386025258078
5,103,12.063124548884614
5,104,14.775757900206578
5,105,17.656833014367667
5,106,20.811259524555496
6,1,7.072838299981552
6,2,6.131285050936737
6,3,5.438800670041072
6,4,5.596889430432298
6,5,3.837459760727318
6,7,3.8394466232199056
6,8,6.303957181076054
6,9,7.370463223650773
6,10,6.798950503038848
6,11,9.30978089117442
6,12,10.465745206807487
6,13,13.050901123259006
6,14,12.009323710107605
6,15,11.276362170346177
6,16,8.341890483161201
6,17,8.472523878979777
6,18,10.611900130896466
6,19,12.249865713078348
6,20,15.844322911752238
6,21,18.312435747594805
6,22,21.52229960433746
6,23,24.90161110752055
6,24,27.206332219144592
6,25,30.43219091671606
6,26,29.499324624068244
6,27,27.199411764220883
6,28,28.448783180843154
6,29,31.986972159485127
6,30,31.488031543750424
6,31,33.932879989479936
6,32,34.50967211477708
6,33,31.323264552411867
6,34,32.087151821397015
6,35,28.734966401295615
6,36,25.948372285815445
6,37,26.749716415420757
6,38,23.415589865768187
6,39,19.956116092673515
6,40,16.324776933298345
6,41,16.855297591029956
6,42,13.912641602315128
6,43,14.182745509042228
6,44,12.943278060193991
6,45,13.962390436642078
6,46,14.036706964649
6,47,15.782064211521206
6,48,16.07091306005022
6,49,17.378359800898327
6,50,19.35585767069568
6,51,22.532156446797817
6,52,24.166478364613525
6,53,21.530811276667006
6,54,21.62735063539842
6,55,25.470267006846065
6,56,25.507456885749914
6,57,23.483804507735773
6,58,26.08312355616614
6,59,29.03659372359634
6,60,28.054612476661166
6,61,28.38999527279898
6,62,31.556319971292684
6,63,33.52599878785999
6,64,35.007761638047526
6,65,34.302680675133544
6,66,30.53711366503972
6,67,29.873213322364723
6,68,26.805895993134325
6,69,23.739248299863807
6,70,20.22791464550109
6,71,18.844944630063626
6,72,15.320086449403929
6,73,15.88776320539029
6,74,15.034780725953524
6,75,14.491313445791166
6,76,14.619625783691705
6,77,16.54749392972733
6,78,17.48062037176435
6,79,20.805618337850902
6,80,21.650294736363833
6,81,24.598660537332055
6,82,27.208759694404506
6,83,30.63945810638827
6,84,33.49781696423579
6,85,37.34998475721311
6,86,40.09512700318292
6,87,42.979414301801334
6,88,42.6137137898066
6,89,41.021984068312634
6,90,37.29228545952442
6,91,35.12281769182106
6,92,31.623863263663708
6,93,29.810346699391083
6,94,26.53205163766324
6,95,25.73706895503833
6,96,24.046334768841
6,97,21.011646255429316
6,98,20.558045257865434
6,99,16.733866603672112
6,100,14.061178017723938
6,101,11.31125085723257
6,102,9.691702949740229
6,103,10.842516631346973
6,104,12.868320926059884
6,105,15.20291092890122
6,106,18.658161918852844
7,1,9.10963513677048
7,2,6.46167673103829
7,3,5.876867509331322
7,4,5.27406702136368
7,5,5.9402801126454365
7,6,3.8394466232199056
7,8,3.8364806022929323
7,9,5.997742783652337
7,10,5.142761462291546
7,11,6.229016750156977
7,12,7.757159341073344
7,13,10.155592008287295
7,14,9.766065185985461
7,15,9.05825828175674
7,16,5.766548820521095
7,17,5.85816919278089
7,18,7.218362839230703
7,19,9.262105170703942
7,20,12.90727798858561
7,21,15.741636960755459
7,22,18.96078637278023
7,23,22.443346883059117
7,24,24.940136540000527
7,25,27.97963261250462
7,26,26.70417424451309
7,27,24.315034514734265
7,28,25.814816171097103
7,29,29.39910804566778
7,30,29.275711100413105
7,31,31.798437552946826
7,32,32.74151993527525
7,33,29.76490696977562
7,34,30.7178802943014
7,35,27.582187542900844
7,36,24.688509096353965
7,37,24.981585680808756
7,38,21.489672476428375
7,39,18.249583540912262
7,40,14.490087944246746
7,41,14.836718226551568
7,42,11.446292162581855
7,43,11.471316036929068
7,44,10.294800759831833
7,45,10.870781106016263
7,46,11.098937149937276
7,47,13.416591107286427
7,48,14.475962359601656
7,49,16.26060476608044
7,50,19.946611405119217
7,51,23.276621618005876
7,52,24.327612274126746
7,53,21.3918796635568
7,54,21.9961584104137
7,55,25.73850888732298
7,56,25.198043599337815
7,57,23.21483782995821
7,58,26.190986250779286
7,59,28.839876061246684
7,60,27.43057969110327
7,61,28.015834017543447
7,62,31.407689084244343
7,63,33.053833389994374
7,64,34.2085281591647
7,65,33.232112149287715
7,66,29.456615240016863
7,67,28.702589253236372
7,68,25.416054242317543
7,69,22.20251886203846
7,70,18.793704068145296
7,71,16.935442512618227
7,72,13.267289555823425
7,73,14.080132578132195
7,74,13.680682216578274
7,75,14.126499066873915
7,76,14.691871051054209
7,77,16.150958460735833
7,78,17.356317139658128
7,79,20.49790839637012
7,80,21.02773747154522
7,81,24.18679225594428
7,82,26.398747340623842
7,83,29.823191871218544
7,84,32.39081157052604
7,85,36.244255543629684
7,86,38.98919532521928
7,87,41.775899842392775
7,88,41.60072973200883
7,89,40.2848292507031
7,90,36.65331671038102
7,91,34.54003634523319
7,92,31.23839151660941
7,93,29.347338099658952
7,94,26.226515088346204
7,95,24.978691293724175
7,96,23.475770553392522
7,97,20.221357150703454
7,98,19.29164058864674
7,99,15.543016156369204
7,100,12.83533810062914
7,101,11.021639892679916
7,102,9.482331933570768
7,103,9.892371314046777
7,104,12.237863617013783
7,105,14.233633263427329
7,106,17.75742266052309
8,1,12.295306494632117
8,2,9.773068146288148
8,3,7.930001939276723
8,4,5.247007945591928
8,5,6.303725512965672
8,6,6.303957181076054
8,7,3.8364806022929323
8,9,3.8284863246192278
8,10,5.505342085565239
8,11,6.302074848959982
8,12,9.336934194784002
8,13,12.009734606643189
8,14,12.597887853629986
8,15,11.98667969948981
8,16,8.50697827384655
8,17,7.252266646749023
8,18,6.83502701166305
8,19,7.271482005670957
8,20,11.03126829162718
8,21,13.332157881660349
8,22,16.885181389052327
8,23,20.062855104387225
8,24,22.88735028993019
8,25,25.748955741048583
8,26,24.394905111720657
8,27,22.413712770747534
8,28,24.259443005587702
8,29,27.659187236507304
8,30,27.56713050917249
8,31,29.76215805572776
8,32,30.8352820899208
8,33,27.775373998959196
8,34,28.399292786570726
8,35,25.234344205859678
8,36,22.271198435815954
8,37,22.363277446838122
8,38,19.051465526219825
8,39,16.063119605793226
8,40,12.469928170423328
8,41,13.67942162100944
8,42,10.590527724387815
8,43,11.69800595181037
8,44,11.679989829743446
8,45,12.420913904070906
8,46,13.206583226212691
8,47,16.050209890333193
8,48,17.64767596148804
8,49,19.616757133592156
8,50,23.303450081407643
8,51,26.764810598441183
8,52,27.709196814718705
8,53,24.835440436518546
8,54,25.663255038625927
8,55,29.369390226231854
8,56,28.69821550800481
8,57,26.825947041518866
8,58,29.90428633166796
8,59,32.44465952298226
8,60,30.917284265007023
8,61,31.601167136758214
8,62,35.054587996547085
8,63,36.58123676577353
8,64,37.600796306566956
8,65,36.48389235373578
8,66,32.714298473553846
8,67,31.845053954331554
8,68,28.415784086825436
8,69,25.211272529618906
8,70,21.84841048687104
8,71,19.57332000914325
8,72,15.805058228233738
8,73,16.239142196124874
8,74,15.488817027397953
8,75,16.373555716794694
8,76,16.33730979124669
8,77,16.986906064545423
8,78,17.52122379362776
8,79,20.165124377213786
8,80,20.001100092267546
8,81,22.869759450529312
8,82,24.756234944300232
8,83,27.94517152204538
8,84,30.526360479763884
8,85,34.336660339888894
8,86,37.30706037010629
8,87,39.86732381192487
8,88,39.49572964402093
8,89,38.40674482561392
8,90,34.77559862152387
8,91,32.983160839386244
8,92,29.79167562978368
8,93,28.263206857031786
8,94,25.448119743752624
8,95,24.348062591144473
8,96,23.421947535221353
8,97,20.459440035701938
8,98,18.889685047677027
8,99,15.193110425455293
8,100,13.28348846378897
8,101,11.76169269714169
8,102,11.437393038028391
8,103,12.447036596485585
8,104,15.331524324540936
8,105,17.47384076955965
8,106,20.83775330050192
9,1,14.293701769179764
9,2,12.297255452363313
9,3,10.890614546103519
9,4,8.376587933434674
9,5,7.731891904884315
9,6,7.370463223650773
9,7,5.997742783652337
9,8,3.8284863246192278
9,10,3.8488565886688
9,11,6.014223798536813
9,12,9.338647935747554
9,13,12.76795571267118
9,14,13.895205016300574
9,15,14.238154156599062
9,16,11.234666208572367
9,17,10.802181740220671
9,18,10.258787131377415
9,19,10.533593797700625
9,20,14.178307222814091
9,21,16.173374521203172
9,22,19.884454735608493
9,23,22.787256064252272
9,24,25.865346380766304
9,25,28.519175379986986
9,26,26.979848700375836
9,27,25.292475630343446
9,28,27.432576169085195
9,29,30.713223870461178
9,30,30.72943860777508
9,31,32.69991626960164
9,32,33.86455145102309
9,33,30.74299348331827
9,34,31.054394342895147
9,35,27.8210862762953
9,36,24.85401718786885
9,37,24.86316799606738
9,38,21.791341403518675
9,39,19.039937202589936
9,40,15.660303323868852
9,41,17.26828181319884
9,42,14.278816951159328
9,43,15.370935834947245
9,44,15.117485142553146
9,45,15.281267706782094
9,46,15.338140986496711
9,47,17.739143321443585
9,48,19.461622420008467
9,49,20.825447972856796
9,50,25.867683777751292
9,51,29.13012895523994
9,52,30.273920893702382
9,53,27.267753361017746
9,54,27.693837838553957
9,55,31.45352869509459
9,56,30.882656383461523
9,57,28.646357434309117
9,58,31.513139864903486
9,59,34.26657061030988
9,60,32.641134568058156
9,61,32.925239143760926
9,62,36.425633750701905
9,63,38.19545052666251
9,64,39.07774054140546
9,65,38.258455466034604
9,66,34.58468962795567
9,67,34.08037497987349
9,68,30.810608428729797
9,69,27.415922564484266
9,70,24.245339487116077
9,71,22.306317639892356
9,72,18.682061120463175
9,73,19.58038595423891
9,74,19.09255376081952
9,75,19.786135290072913
9,76,19.8135497475632
9,77,20.654157105304364
9,78,21.038032806833932
9,79,23.63799987673514
9,80,23.322707056170984
9,81,25.94465992315011
9,82,27.78447672819435
9,83,30.792771296623343
9,84,33.47143028965005
9,85,37.233560969386986
9,86,40.35676476438105
9,87,42.770437605817214
9,88,42.18625439965413
9,89,41.19008354423321
9,90,37.52811433579356
9,91,35.95575908040174
9,92,32.75958621828147
9,93,31.483054317510707
9,94,28.75661937815196
9,95,27.872577606183192
9,96,27.0626978448428
9,97,24.198015631608136
9,98,22.596607047305177
9,99,18.90239883538321
9,100,17.077072307627542
9,101,15.316497080589107
9,102,14.818301914708874
9,103,15.713927794279389
9,104,18.219265548194066
9,105,20.04916480885554
9,106,23.62389737964145
10,1,13.139768110403287
10,2,11.024777158111519
10,3,10.869716161447453
10,4,9.608212632826197
10,5,8.960630799597327
10,6,6.798950503038848
10,7,5.142761462291546
10,8,5.505342085565239
10,9,3.8488565886688
10,11,3.8083418141768925
10,12,6.052983191581492
10,13,9.723235513358993
10,14,10.74893397061543
10,15,11.794953230596604
10,16,9.524054427602465
10,17,10.408285211918495
10,18,10.445669145171603
10,19,11.992357228907691
10,20,15.66192382862022
10,21,18.289323732728878
10,22,21.801787098228687
10,23,25.007163077604954
10,24,27.969302502748693
10,25,30.656577601859105
10,26,28.944542893483273
10,27,26.88760813763125
10,28,28.934527450016624
10,29,32.39520443576349
10,30,32.61196778049936
10,31,34.88591952721398
10,32,36.14340762397277
10,33,33.17680938447745
10,34,33.82389457027994
10,35,30.689018914643235
10,36,27.711940822449936
10,37,27.639700911001412
10,38,24.33833739476333
10,39,21.480374745893435
10,40,17.874467201802975
10,41,18.782733112528327
10,42,15.342205379536418
10,43,15.485904822107226
10,44,14.313521314851487
10,45,13.786473626406897
10,46,12.991881182098062
10,47,14.810379250981514
10,48,16.460719960279775
10,49,17.41821265598095
10,50,23.970873020355768
10,51,27.001127643755833
10,52,28.07179867457206
10,53,24.855101704622633
10,54,25.057653397755484
10,55,28.77121069173115
10,56,28.12096443668482
10,57,25.62255656592664
10,58,28.400235513131467
10,59,31.200948468552646
10,60,29.449173141133272
10,61,29.52391943821598
10,62,33.06590539532739
10,63,34.91596544183401
10,64,35.69039291739657
10,65,35.047906899787854
10,66,31.45457957187103
10,67,31.23077914635209
10,68,28.13205821318641
10,69,24.610509493749767
10,70,21.64334314009238
10,71,20.117498127035912
10,72,16.753078412502365
10,73,18.307708241576144
10,74,18.463420458288862
10,75,19.09700180298141
10,76,19.829897683207577
10,77,21.22839831301882
10,78,22.252038719056696
10,79,25.206504455264163
10,80,25.341761180453116
10,81,28.281645475165433
10,82,30.246462415902368
10,83,33.450247793919615
10,84,36.01425527600244
10,85,39.82202866699295
10,86,42.77493718135487
10,87,45.3313268451686
10,88,44.97706299276426
10,89,43.91140097983587
10,90,40.27558286234641
10,91,38.466614433719904
10,92,35.240992219229796
10,93,33.640521908536584
10,94,30.708333035313476
10,95,29.539224193962085
10,96,28.313641185079295
10,97,25.124234142059176
10,98,23.86933754222938
10,99,20.16436397577784
10,100,17.715191346487885
10,101,16.0458922970215
10,102,14.61163719319108
10,103,14.677861431599256
10,104,16.508599333926682
10,105,17.77335142869335
10,106,21.505227351756833
11,1,14.723673144704282
11,2,11.820130470684028
11,3,11.945859397597804
11,4,10.789303601463404
11,5,11.41770540334723
11,6,9.30978089117442
11,7,6.229016750156977
11,8,6.302074848959982
11,9,6.014223798536813
11,10,3.8083418141768925
11,12,3.800530539947312
11,13,6.9976029625233265
11,14,9.021243872643332
11,15,10.288802245642753
11,16,8.47617411718036
11,17,9.569920721367469
11,18,8.674755330499853
11,19,10.597241222445954
11,20,13.909374765124754
11,21,16.867559790236616
11,22,20.16638378080309
11,23,23.432473940501133
11,24,26.45450448903159
11,25,28.92046192782659
11,26,26.877467457654465
11,27,24.67918356369824
11,28,26.89028853336806
11,29,30.368457075665678
11,30,30.975736669623313
11,31,33.36813305627899
11,32,34.951298998915675
11,33,32.26610862924248
11,34,33.1766292138217
11,35,30.320697114777325
11,36,27.318992009909543
11,37,26.78490213403702
11,38,23.368734109239725
11,39,20.788532422238475
11,40,17.21400862232135
11,41,17.739090510987296
11,42,14.075242464498395
11,43,13.755729176464321
11,44,12.558389133691685
11,45,11.318570614111538
11,46,10.432681680812351
11,47,12.604222483126156
11,48,14.971458084089312
11,49,16.310681391293954
11,50,24.135758560194596
11,51,27.214332032768937
11,52,27.76382128472137
11,53,24.359044153934484
11,54,24.9899829459241
11,55,28.531922128708313
11,56,27.381110019977832
11,57,24.98273079117371
11,58,28.04655152552159
11,59,30.50848112555034
11,60,28.402282275133533
11,61,28.73156133766928
11,62,32.41918908248267
11,63,33.9266288834134
11,64,34.39815799854204
11,65,33.496082648917195
11,66,29.944902780747892
11,67,29.64475250194562
11,68,26.41788676773474
11,69,22.839879095868504
11,70,20.09590590107555
11,71,18.258453011270266
11,72,15.030149057293974
11,73,16.854734497334956
11,74,17.52844782863716
11,75,18.872593419708966
11,76,20.020213435495602
11,77,21.13445657597322
11,78,22.47118141673804
11,79,25.27592829784597
11,80,25.282593205327203
11,81,28.405793842089317
11,82,30.03711514722134
11,83,33.236772163321184
11,84,35.473547261608985
11,85,39.243507435185805
11,86,42.102576341489865
11,87,44.597785574199385
11,88,44.49235461333861
11,89,43.64567656448717
11,90,40.14325022119732
11,91,38.32154246587137
11,92,35.29831951870539
11,93,33.55606955660814
11,94,30.747541535718668
11,95,29.15497411254578
11,96,28.003640615166827
11,97,24.653854420827848
11,98,23.144657483753825
11,99,19.6753208315224
11,100,17.2147359949063
11,101,16.36551301087629
11,102,14.899828046743245
11,103,14.292654981841531
11,104,16.07492227805232
11,105,16.889447630406817
11,106,20.505089798400576
12,1,14.486263246392257
12,2,11.630163461204784
12,3,12.91921265615374
12,4,12.850666494906603
12,5,13.425950387467363
12,6,10.465745206807487
12,7,7.757159341073344
12,8,9.336934194784002
12,9,9.338647935747554
12,10,6.052983191581492
12,11,3.800530539947312
12,13,3.817430198653267
12,14,5.919712845647088
12,15,8.317883468949164
12,16,7.9550318762892465
12,17,10.397128221526682
12,18,10.26637367025188
12,19,13.080502728505477
12,20,16.148759036897307
12,21,19.476726948402632
12,22,22.466628538801263
12,23,25.927528562541603
12,24,28.733417226009088
12,25,31.227309568673256
12,26,29.121503273925637
12,27,26.600422815789702
12,28,28.611511548505646
12,29,32.204703059028915
12,30,32.946823527829174
12,31,35.605235585962696
12,32,37.2129575437601
12,33,34.686580214208725
12,34,35.89711476574027
12,35,33.138460406702784
12,36,30.171151109932485
12,37,29.639692822603298
12,38,26.081043672768217
12,39,23.41994857701066
12,40,19.761323280759356
12,41,19.658457885273194
12,42,15.818274151013103
12,43,14.591264053847427
12,44,12.473079824858457
12,45,10.443961870132743
12,46,8.367340563397333
12,47,9.599310515072258
12,48,11.954273810930559
12,49,12.854806308990277
12,50,22.42107246204537
12,51,25.198382060186855
12,52,25.5854087965745
12,53,21.99407830465899
12,54,22.449646387713027
12,55,25.858605406567058
12,56,24.563572306453604
12,57,21.935035886389333
12,58,24.9272957511426
12,59,27.360034313660307
12,60,25.091898742142227
12,61,25.2550279896566
12,62,28.987547174784186
12,63,30.51649966776143
12,64,30.85741228752877
12,65,30.1001476887253
12,66,26.63955428959145
12,67,26.62214695641197
12,68,23.591202422394318
12,69,19.899941720423094
12,70,17.454301450090487
12,71,16.12491896739914
12,72,13.367359518255068
12,73,15.914031953051095
12,74,17.29977352030411
12,75,18.557020904308033
12,76,20.37567247285074
12,77,21.9668325693837
12,78,23.85186081407124
12,79,26.90944737758695
12,80,27.339514000878566
12,81,30.690187975575345
12,82,32.441021083561175
12,83,35.792805888446075
12,84,37.92228920952129
12,85,41.706521703724945
12,86,44.37453022091947
12,87,47.00605452731968
12,88,47.11810457244441
12,89,46.183628808659975
12,90,42.72118134214764
12,91,40.67684392148607
12,92,37.639667525852104
12,93,35.610537949400324
12,94,32.63744276198282
12,95,30.818710218884647
12,96,29.286947658693514
12,97,25.710130044406558
12,98,24.591483100235166
12,99,21.223494786662986
12,100,18.293843356794195
12,101,17.576181818939958
12,102,15.35483586782639
12,103,13.896454184341291
12,104,14.796322796697083
12,105,14.834340961634584
12,106,18.48647081742731
13,1,15.600708322419953
13,2,12.473023670936405
13,3,14.319956222867754
13,4,14.841239735545487
13,5,16.05502022089157
13,6,13.050901123259006
13,7,10.155592008287295
13,8,12.009734606643189
13,9,12.76795571267118
13,10,9.723235513358993
13,11,6.9976029625233265
13,12,3.817430198653267
13,14,3.8304889498578243
13,15,6.720217454712703
13,16,7.930896798892318
13,17,10.852597179549432
13,18,10.728437320856468
13,19,14.024929515823805
13,20,16.502774271432706
13,21,20.10365381893917
13,22,22.62335502646022
13,23,26.18529754098297
13,24,28.753370805503458
13,25,31.145587524356554
13,26,28.922542897726046
13,27,26.10386584955452
13,28,27.947327795166313
13,29,31.581039679129265
13,30,32.57578112811363
13,31,35.47259533165176
13,32,37.21749777220224
13,33,34.98833845593196
13,34,36.56449483673071
13,35,34.06363481832459
13,36,31.16199053835471
13,37,30.433200310455867
13,38,26.76979337489861
13,39,24.23749395534018
13,40,20.659353294435686
13,41,19.895294371058633
13,42,16.03525378400162
13,43,13.987971523411872
13,44,11.389199384560955
13,45,8.464671316599821
13,46,5.5072034866517825
13,47,6.279928604407141
13,48,9.285374397957916
13,49,10.503309273444431
13,50,21.302027247273767
13,51,23.928993923880462
13,52,23.7883952892681
13,53,20.06557636636388
13,54,20.857516716953914
13,55,23.97905374134811
13,56,22.219861384660437
13,57,19.707653247084984
13,58,22.90433002628069
13,59,24.96089866456815
13,60,22.399819907232914
13,61,22.82370433482395
13,62,26.62899643037206
13,63,27.816979725127794
13,64,27.928586522494367
13,65,26.94750999903985
13,66,23.538719968666058
13,67,23.491918130120155
13,68,20.44082944222581
13,69,16.722098490095647
13,70,14.62283364886678
13,71,13.31551539596682
13,72,11.109854591906862
13,73,14.168148927304864
13,74,16.298005747232924
13,75,17.952728410527666
13,76,20.34515473928127
13,77,21.94655875553574
13,78,24.296438026543907
13,79,27.331111352800974
13,80,27.956844183581918
13,81,31.50465396835119
13,82,33.12454706942541
13,83,36.54333253001055
13,84,38.387169818810435
13,85,42.12220166734632
13,86,44.56206679517374
13,87,47.25166918259424
13,88,47.67081677530349
13,89,46.78438952710297
13,90,43.45673558918962
13,91,41.25064975607177
13,92,38.35321341891841
13,93,36.0594820327976
13,94,33.091627059247095
13,95,30.89945629298267
13,96,29.191662735333594
13,97,25.45972432294867
13,98,24.479111060722463
13,99,21.438227648995767
13,100,18.33937891080587
13,101,18.259763413488393
13,102,15.754248211025038
13,103,13.47133787225481
13,104,13.770405490124686
13,105,13.008038296152485
13,106,16.375843636929176
14,1,12.887655468632577
14,2,10.01457211768997
14,3,12.640906540530143
14,4,14.125636364050749
14,5,15.279564624276558
14,6,12.009323710107605
14,7,9.766065185985461
14,8,12.597887853629986
14,9,13.895205016300574
14,10,10.74893397061543
14,11,9.021243872643332
14,12,5.919712845647088
14,13,3.8304889498578243
14,15,3.8311033532134497
14,16,6.275691645542939
14,17,9.882226154239216
14,18,11.045207257195504
14,19,14.748661164647036
14,20,17.26667363471949
14,21,20.967649952359384
14,22,23.31665972358151
14,23,27.066375108658427
14,24,29.276402863153553
14,25,31.96329763072138
14,26,30.09803317243778
14,27,27.035916733890176
14,28,28.411367407784724
14,29,32.15328630086784
14,30,32.838810180406895
14,31,35.93395917828057
14,32,37.364963799298515
14,33,35.0836490272276
14,34,36.83071899099956
14,35,34.25696007991731
14,36,31.43586886511529
14,37,31.09004983578749
14,38,27.33438530649105
14,39,24.4841875451708
14,40,20.822245923226333
14,41,19.64509076708175
14,42,15.864397426224537
14,43,13.419091156799313
14,44,10.151250270713343
14,45,7.703226627610319
14,46,4.5381466079787085
14,47,4.251028962889153
14,48,6.043006813398571
14,49,7.538500811047065
14,50,17.56381623547248
14,51,20.124806667184714
14,52,20.104493253602886
14,53,16.39920812536683
14,54,17.09058640596807
14,55,20.307229732757605
14,56,18.756161695192116
14,57,16.26879316306644
14,58,19.48483601646968
14,59,21.682329779317435
14,60,19.41922687133242
14,61,19.942662959100755
14,62,23.657021801814576
14,63,24.966525232359544
14,64,25.47990080903319
14,65,24.525926890057917
14,66,20.946759779230998
14,67,20.772998897338557
14,68,17.74843747382517
14,69,14.081191303644928
14,70,11.594055178996864
14,71,10.706879057713381
14,72,8.544225792843381
14,73,11.7982236641123
14,74,14.042491447658476
14,75,15.189980258572835
14,76,17.906284843457943
14,77,20.001466935232248
14,78,22.670440021961202
14,79,25.964649437503247
14,80,27.087914275463987
14,81,30.747461755855173
14,82,32.68354779234667
14,83,36.26862426070813
14,84,38.201156771056915
14,85,41.96969444873612
14,86,44.23821381340679
14,87,47.142455063151765
14,88,47.642551339672934
14,89,46.47735049746855
14,90,43.121698724494394
14,91,40.65909587818085
14,92,37.63936014329821
14,93,35.1197553468955
14,94,31.931770166524224
14,95,29.773537879754404
14,96,27.663369776514283
14,97,23.86018172395282
14,98,23.4342930896152
14,99,20.39803272104807
14,100,16.932793149055353
14,101,16.62714483941826
14,102,13.569410442835467
14,103,10.881413054791278
14,104,10.474140208342785
14,105,9.484421751971157
14,106,13.004457556757272
15,1,10.900234171523554
15,2,7.666082593969293
15,3,10.268902326706533
15,4,12.242174129859253
15,5,14.049233099588747
15,6,11.276362170346177
15,7,9.05825828175674
15,8,11.98667969948981
15,9,14.238154156599062
15,10,11.794953230596604
15,11,10.288802245642753
15,12,8.317883468949164
15,13,6.720217454712703
15,14,3.8311033532134497
15,16,3.819402782053487
15,17,7.233290229547814
15,18,9.14061640878879
15,19,12.968378109137014
15,20,15.199028592936388
15,21,18.89742321543191
15,22,20.960090141842812
15,23,24.801487308386356
15,24,26.67410705301198
15,25,29.55515487421109
15,26,28.016999002812437
15,27,24.793907455716884
15,28,25.780168961145247
15,29,29.565564701795214
15,30,30.000119425080847
15,31,33.214497996244425
15,32,34.426050944713424
15,33,32.161053604184026
15,34,34.07315779149609
15,35,31.54594517156719
15,36,28.827046000391636
15,37,28.690622439733406
15,38,24.8974972664437
15,39,21.914937719210094
15,40,18.317631909438543
15,41,16.71721843945953
15,42,13.119016073899257
15,43,10.380960590440713
15,44,6.82129869812375
15,45,5.257008248393251
15,46,3.7989096031010328
15,47,5.1220452623111585
15,48,5.875263178815536
15,49,8.811795000347473
15,50,15.020347442388392
15,51,17.999538599530563
15,52,17.897511211384458
15,53,14.420060719506687
15,54,15.70120260404482
15,55,18.990570224496203
15,56,17.513530923255622
15,57,15.664537276042307
15,58,19.13926606252903
15,59,21.158836201726793
15,60,19.27635177933081
15,61,20.39164418303345
15,62,23.91386574915063
15,63,24.993209254551527
15,64,25.89341999767405
15,65,24.553606089580313
15,66,20.77445320936512
15,67,19.932259520567914
15,68,16.579055664874573
15,69,13.252424640848009
15,70,10.040240140839963
15,71,8.35836307733704
15,72,5.3311151666055165
15,73,8.133062027986341
15,74,10.216970396958889
15,75,11.470969170725233
15,76,14.274114878188914
15,77,16.32952607585569
15,78,19.178232370484373
15,79,22.48126567199571
15,80,23.819820465735422
15,81,27.553850321055506
15,82,29.56693011653628
15,83,33.225370986685974
15,84,35.12106963867073
15,85,38.87769942441771
15,86,41.008346003113274
15,87,44.02566420489026
15,88,44.620960023684816
15,89,43.323415973051134
15,90,40.0032678142793
15,91,37.39154455677992
15,92,34.37675585399557
15,93,31.709622057575714
15,94,28.4691160366577
15,95,26.24408053679549
15,96,23.991987849443728
15,97,20.165779618460817
15,98,19.952981196509786
15,99,17.032930028728867
15,100,13.449228678099477
15,101,13.384651577432122
15,102,10.25889937406703
15,103,7.238465568133552
15,104,7.078352453562093
15,105,6.780649610070648
15,106,10.297813300353447
16,1,9.244449330652477
16,2,5.494724117306246
16,3,7.012144230309753
16,4,8.491327067533772
16,5,10.603810287849642
16,6,8.341890483161201
16,7,5.766548820521095
16,8,8.50697827384655
16,9,11.234666208572367
16,10,9.524054427602465
16,11,8.47617411718036
16,12,7.9550318762892465
16,13,7.930896798892318
16,14,6.275691645542939
16,15,3.819402782053487
16,17,3.7387877737297464
16,18,6.150320374780247
16,19,9.792230797771213
16,20,12.475271311523334
16,21,16.003432517499736
16,22,18.42064095023912
16,23,22.230616317216395
16,24,24.261773478807225
16,25,27.28400582017801
16,26,25.919029918111047
16,27,22.92461750679386
16,28,24.020376904034894
16,29,27.78308418569536
16,30,27.947995173556606
16,31,30.96085045321323
16,32,32.04227560163657
16,33,29.513180051524134
16,34,31.15309725748869
16,35,28.427292629895753
16,36,25.64902930495913
16,37,25.683782008084197
16,38,21.931820286009362
16,39,18.792298731673892
16,40,15.082137329085011
16,41,13.958212880865682
16,42,10.292418847901601
16,43,8.404603301979614
16,44,5.671867259852336
16,45,5.764480780070315
16,46,6.1830240030955546
16,47,8.695113973997973
16,48,9.633843124543564
16,49,12.323931526142857
16,50,16.27588247930961
16,51,19.63135155835615
16,52,19.96107118106108
16,53,16.824806157125266
16,54,18.07136924017761
16,55,21.56917345860551
16,56,20.482746166648255
16,57,18.817141616035663
16,58,22.17762138169232
16,59,24.36833177718711
16,60,22.77099734880382
16,61,23.86399379432778
16,62,27.29079305892412
16,63,28.4922507363404
16,64,29.569563914346034
16,65,28.223685872682886
16,66,24.405319032066327
16,67,23.368084926926365
16,68,19.92621526819798
16,69,16.797453655024366
16,70,13.352329635707518
16,71,11.208302600514086
16,72,7.526493101869802
16,73,8.808689923409672
16,74,9.492787525900086
16,75,10.674134038377158
16,76,12.564871436852236
16,77,14.279900337345927
16,78,16.612097082978003
16,79,19.88143023849754
16,80,20.94251775139997
16,81,24.55912996021568
16,82,26.634208665553285
16,83,30.255731909612837
16,84,32.3689944202998
16,85,36.1806082915264
16,86,38.51824625946407
16,87,41.48115539728501
16,88,41.834212636485184
16,89,40.51859280666863
16,90,37.08982301818676
16,91,34.61701978154709
16,92,31.504228486405335
16,93,29.06172948746881
16,94,25.848446924687785
16,95,23.8992385709004
16,96,21.91855983965732
16,97,18.228282179785637
