1,2,3.8014193524127338
1,3,6.413569483983128
1,4,9.350339682196346
1,5,11.805889976165872
1,6,12.28553199675159
1,7,14.00087611114967
1,8,14.6876951813962
1,9,17.751035307642343
1,10,18.748933554458652
1,11,18.00514065419954
1,12,14.883854728504433
1,13,11.150799635738641
1,14,8.268663793425823
1,15,5.313180604099256
1,16,4.537481199108566
1,17,6.372859312349807
1,18,7.597838933307516
1,19,10.49211390351669
1,20,9.235404058407028
1,21,9.816013133729653
1,22,8.631815335105966
1,23,10.507537006297985
1,24,11.86272777931835
1,25,14.059698034483603
1,26,16.045112295951444
1,27,16.010797307222553
1,28,18.65697064347023
1,29,22.237597527646205
1,30,21.1133516540635
1,31,21.654297274133754
1,32,21.65074685706032
1,33,25.03715620037651
1,34,24.489072647486733
1,35,22.478313399946508
1,36,21.823877108760055
1,37,21.72042939220263
1,38,24.52409622621241
1,39,24.899039559940437
1,40,26.409468047354835
1,41,28.946595782365648
1,42,29.371911402846294
1,43,26.278947890095033
1,44,28.252524166847767
1,45,25.15547611156183
1,46,27.39346305683786
1,47,26.16349694445061
1,48,22.583851234077187
1,49,21.966936411857162
1,50,21.346665317150002
1,51,18.648487745523695
1,52,16.10726346990186
1,53,14.428766625471194
1,54,16.97500934024608
1,55,16.26909580378321
1,56,17.130596821302287
1,57,20.678086427039645
1,58,21.98954623430851
1,59,24.72647435858417
1,60,26.86032322316272
1,61,29.346502307415438
1,62,18.744764644987626
1,63,17.83269595801094
1,64,16.087837354557852
1,65,18.648049410090557
1,66,12.536218673294867
1,67,11.186097025580985
1,68,11.016153249097181
1,69,8.50159944175186
1,70,11.152664039591366
1,71,14.241781009553069
1,72,13.58761270898823
1,73,12.848614879628588
1,74,9.81155014391537
1,75,9.879132620000092
1,76,9.300001129079796
2,1,3.8014193524127338
2,3,3.791326930788289
2,4,6.630481592989227
2,5,9.584185506667062
2,6,10.096247309436816
2,7,11.128523573256942
2,8,12.077908171693645
2,9,15.06117816927317
2,10,15.927014206835521
2,11,15.650351951380859
2,12,12.824035689816641
2,13,9.383523667462091
2,14,6.717865140960088
2,15,5.61808353014055
2,16,5.486051310748369
2,17,8.811189617080112
2,18,10.674833474642137
2,19,12.830604561171429
2,20,10.575446269261617
2,21,10.665329914661438
2,22,8.460745785355916
2,23,10.410033843323559
2,24,10.942957726065895
2,25,13.306038495199555
2,26,14.760050991628907
2,27,14.895281632367162
2,28,17.958690001702248
2,29,21.288459143951574
2,30,19.88946464223847
2,31,20.717656705440298
2,32,20.587495651124275
2,33,23.70695068146612
2,34,23.041600968103957
2,35,20.63671400078477
2,36,19.758283748789168
2,37,19.870240993671718
2,38,22.633857280754896
2,39,23.239799796671186
2,40,25.2268230655948
2,41,27.88593633573205
2,42,28.780784119418993
2,43,25.98263065332711
2,44,28.373231408997736
2,45,25.62262756365869
2,46,28.12296001984242
2,47,26.6471662322392
2,48,23.148631223754112
2,49,22.812524000705793
2,50,21.788278884322203
2,51,18.802663418125096
2,52,16.81825389439889
2,53,15.8810990523524
2,54,18.886021418485
2,55,18.644640005262023
2,56,18.974587930808486
2,57,22.364096072624985
2,58,23.101878723924724
2,59,25.55695831231426
2,60,27.22015769859126
2,61,29.474199980742455
2,62,19.618741567129838
2,63,19.33012898984487
2,64,18.208474036340736
2,65,21.140252393712558
2,66,15.40152796445122
2,67,13.361973203005604
2,68,12.420240811729627
2,69,9.135367451210096
2,70,10.56855144953458
2,71,14.12461683084203
2,72,14.342539497094275
2,73,13.23065963862869
2,74,11.05464122297771
2,75,12.158001961635298
2,76,12.49040050663445
3,1,6.413569483983128
3,2,3.791326930788289
3,4,3.8010889684898337
3,5,5.9395923967662005
3,6,6.39795314804586
3,7,7.947994191849659
3,8,9.605111806873534
3,9,13.056526206373924
3,10,14.697914364311949
3,11,15.194183471463793
3,12,12.165160642541155
3,13,9.25958612713439
3,14,6.015166009676173
3,15,6.185119913883875
3,16,5.060019222874402
3,17,8.797405077852323
3,18,11.094517545742466
3,19,12.129157141886061
3,20,9.16270162714709
3,21,8.641770473655493
3,22,6.083931384452723
3,23,8.58997823990543
3,24,9.394672621456143
3,25,12.493730625055871
3,26,14.28553697188328
3,27,15.347296970780432
3,28,18.805392525721974
3,29,21.801318298090848
3,30,19.775268875300377
3,31,20.1352514407582
3,32,19.333474992881058
3,33,22.132457376320612
3,34,20.927427236626905
3,35,18.209762503902926
3,36,17.845738630099223
3,37,18.63907524591155
3,38,21.758321709831883
3,39,22.97213828894222
3,40,25.127292379077023
3,41,28.145771189919675
3,42,29.116304367567263
3,43,26.347190241375035
3,44,29.00696918619404
3,45,26.388966089535092
3,46,28.671390822915143
3,47,26.726701351471934
3,48,23.145313156592533
3,49,23.4329490646613
3,50,22.69185182645554
3,51,19.3397805631937
3,52,17.932241166429375
3,53,16.990433774796525
3,54,19.843606981623598
3,55,20.248618750823308
3,56,20.81709972376514
3,57,24.29121898100804
3,58,24.760670757097884
3,59,27.362877342228888
3,60,28.817762093495976
3,61,31.222168460621962
3,62,21.695845543932624
3,63,21.806514012918964
3,64,20.60440477472622
3,65,23.701109198993297
3,66,18.30067505736946
3,67,16.57780306105937
3,68,15.257048069892392
3,69,11.75117595489654
3,70,12.606610973771616
3,71,16.36708187085548
3,72,16.4526062806353
3,73,14.531106106695786
3,74,12.617295726757524
3,75,14.353121187900772
3,76,14.686927761744629
4,1,9.350339682196346
4,2,6.630481592989227
4,3,3.8010889684898337
4,5,3.825775093068865
4,6,6.309676005702454
4,7,7.879151961184805
4,8,10.753044367595567
4,9,14.189604899975494
4,10,16.020402981206136
4,11,17.265722126174477
4,12,14.629059741165346
4,13,12.293341205229433
4,14,9.39679857559192
4,15,9.966370997868678
4,16,8.222871505852344
4,17,11.612541098420822
4,18,13.25872645494755
4,19,13.663365554675813
4,20,10.087777363157471
4,21,10.227745269724414
4,22,8.408937731638124
4,23,11.390938520237317
4,24,12.27173682887181
4,25,15.561263048763813
4,26,17.161265657813814
4,27,18.444168065937053
4,28,22.031251942061367
4,29,24.807780305221804
4,30,22.576861186829035
4,31,22.940696288484887
4,32,21.814858360684447
4,33,24.226549681578053
4,34,22.61841480284441
4,35,19.490979289108065
4,36,19.38768905558731
4,37,20.700822540909446
4,38,23.83850996098423
4,39,25.374856638961464
4,40,27.834398458007666
4,41,30.94415710150908
4,42,32.16686431246362
4,43,29.565434828668103
4,44,32.39665591530684
4,45,29.921740482885497
4,46,32.20503834883403
4,47,30.101096599167004
4,48,26.541607442331724
4,49,27.036605264552065
4,50,26.268060943164564
4,51,22.83326649331147
4,52,21.630224435683427
4,53,20.757782333057627
4,54,23.55665751596879
4,55,23.994814389241693
4,56,24.61599553102908
4,57,28.08287396408428
4,58,28.498554584438043
4,59,31.023399471091505
4,60,32.34205849388237
4,61,34.625882639666116
4,62,25.36193971673405
4,63,25.497536629673064
4,64,24.33373130078187
4,65,27.363833239504643
4,66,21.71647755609409
4,67,19.94143609422964
4,68,18.822385495631433
4,69,15.317895895463128
4,70,15.965835158380134
4,71,19.75025212731395
4,72,20.122887485673605
4,73,18.21648976758043
4,74,16.416014652916825
4,75,18.070503491889188
4,76,18.155811201183408
5,1,11.805889976165872
5,2,9.584185506667062
5,3,5.9395923967662005
5,4,3.825775093068865
5,6,3.817544617929432
5,7,6.456523437592233
5,8,9.796573295052495
5,9,13.409681006512729
5,10,16.00567833332069
5,11,17.72142531162581
5,12,14.940389731458342
5,13,13.159463302021987
5,14,10.192062852438902
5,15,11.206673248900431
5,16,9.22309465899221
5,17,12.14518239901875
5,18,14.041726141596683
5,19,13.447898971864653
5,20,9.769106645205724
5,21,9.129682145084075
5,22,7.587537743219252
5,23,10.485695144451347
5,24,11.671722465378613
5,25,15.27127433820406
5,26,17.216176462581338
5,27,19.216391068107374
5,28,22.921830070580793
5,29,25.405179995602964
5,30,22.72278309393255
5,31,22.528822852632125
5,32,20.801403095026757
5,33,22.869420045313152
5,34,20.755636212621518
5,35,17.520368360367698
5,36,18.107139861415583
5,37,20.018509687033678
5,38,23.428624985840717
5,39,25.450204241249754
5,40,27.851408782398774
5,41,31.224623622225096
5,42,32.35112757219756
5,43,29.73198747582689
5,44,32.66894598722809
5,45,30.27482115118415
5,46,32.25245935805817
5,47,29.784954926426284
5,48,26.21043286105009
5,49,27.227278814884052
5,50,26.823414914943637
5,51,23.20096658008749
5,52,22.430937081964945
5,53,21.464838129003812
5,54,23.984695831418698
5,55,24.935201973841906
5,56,25.80678943138365
5,57,29.317346532295687
5,58,29.577426120033124
5,59,32.27235195591314
5,60,33.49205577303679
5,61,35.97180996368981
5,62,26.914248813731753
5,63,27.30024291772499
5,64,25.992440987244798
5,65,29.10687359463469
5,66,23.83720524656627
5,67,22.399885408687506
5,68,21.019120504881016
5,69,17.47854700744318
5,70,17.93935750777719
5,71,21.735757089934694
5,72,21.79656976461569
5,73,19.341550831631974
5,74,17.684251746768528
5,75,19.674603917217308
5,76,19.752164322615755
6,1,12.28553199675159
6,2,10.096247309436816
6,3,6.39795314804586
6,4,6.309676005702454
6,5,3.817544617929432
6,7,3.8089253744485925
6,8,6.500382060816668
6,9,10.219498482893094
6,10,13.195802411129124
6,11,14.888029991267333
6,12,11.965670111735095
6,13,10.678821649893424
6,14,8.081280276788938
6,15,9.971226476075941
6,16,8.972929196050242
6,17,11.849467267227343
6,18,14.580988898080324
6,19,14.012697371042753
6,20,10.853004627774837
6,21,8.827731635356109
6,22,6.2253152171359725
6,23,7.897224756915409
6,24,8.469939017120256
6,25,12.007517080021252
6,26,13.984197342748185
6,27,16.41083105587558
6,28,20.135397485356783
6,29,22.366205711576505
6,30,19.448160811494184
6,31,18.989582634726784
6,32,17.072662273413943
6,33,19.076960135721308
6,34,16.96032857677338
6,35,13.80029400700404
6,36,14.472408076761736
6,37,16.464162466021047
6,38,19.9920292703744
6,39,22.175680677066318
6,40,24.471520382984064
6,41,27.957602529996805
6,42,29.019278021826857
6,43,26.43680737805928
6,44,29.4613327597899
6,45,27.217515979253818
6,46,29.10535194786669
6,47,26.45900878082933
6,48,22.96986658986953
6,49,24.267957217644003
6,50,23.930466847563338
6,51,20.21361962604009
6,52,19.890391148749064
6,53,19.19817335259612
6,54,21.72785509983329
6,55,23.149935170351604
6,56,23.84966782454607
6,57,27.232495126355545
6,58,27.157446925003995
6,59,29.83640134508327
6,60,30.855635890725267
6,61,33.41522003040758
6,62,24.83385939721551
6,63,25.629703146903136
6,64,24.502745572992044
6,65,27.82652302432891
6,66,23.248118916947803
6,67,21.83292760070406
6,68,19.908575488098187
6,69,16.31867826185755
6,70,16.300634059190173
6,71,19.999005143277135
6,72,19.95362893257496
6,73,17.06522707608358
6,74,15.90133072881477
6,75,18.440645292079765
6,76,19.06119057872897
7,1,14.00087611114967
7,2,11.128523573256942
7,3,7.947994191849659
7,4,7.879151961184805
7,5,6.456523437592233
7,6,3.8089253744485925
7,8,3.7808495385160747
7,9,7.043742018781885
7,10,9.858328841853014
7,11,12.10352966613207
7,12,9.84757088672301
7,13,9.53516098848095
7,14,8.245221580331757
7,15,11.237970170873165
7,16,11.363458880641954
7,17,14.597045829112034
7,18,17.605461760921337
7,19,17.481289664167864
7,20,14.407981086727554
7,21,12.31078229464326
7,22,9.150434158885416
7,23,9.747844770604383
7,24,8.730492135831941
7,25,11.50629585397916
7,26,12.483620044414902
7,27,14.87088683572829
7,28,18.65648826977804
7,29,20.499526852936032
7,30,17.497634963706833
7,31,17.455813570200306
7,32,15.695593859926777
7,33,17.378492418766697
7,34,15.481258960722368
7,35,12.033835763734716
7,36,12.0468136655575
7,37,14.072065468692864
7,38,17.354933054015934
7,39,19.64537059721153
7,40,22.32523773164918
7,41,25.776990069651728
7,42,27.260523882014063
7,43,25.055845198572275
7,44,28.350770522602797
7,45,26.503047693936647
7,46,28.66883803689816
7,47,26.008012420790436
7,48,22.785628979096185
7,49,24.1045801215125
7,50,23.297129111666834
7,51,19.5792630300809
7,52,19.719372373153302
7,53,19.760808371253123
7,54,22.650421341215864
7,55,24.2135928447626
7,56,24.334080086459757
7,57,27.44032799703403
7,58,26.889156440918605
7,59,29.201261691897074
7,60,29.78305070233035
7,61,32.05737383585191
7,62,24.413594749340437
7,63,25.668406205292023
7,64,25.098478238846095
7,65,28.638004216847495
7,66,24.427703758274358
7,67,22.54680468934553
7,68,20.18171480212495
7,69,16.450888443307374
7,70,15.565870252468232
7,71,19.173015872913563
7,72,19.742194216059307
7,73,16.84369760662066
7,74,16.472383396472424
7,75,19.437834819243452
7,76,20.707995800329943
8,1,14.6876951813962
8,2,12.077908171693645
8,3,9.605111806873534
8,4,10.753044367595567
8,5,9.796573295052495
8,6,6.500382060816668
8,7,3.7808495385160747
8,9,3.8167677113882665
8,10,6.888494754492289
8,11,8.820715000763624
8,12,6.504370855587948
8,13,7.18650549715812
8,14,7.213655870149445
8,15,10.823161050435191
8,16,12.078476838003956
8,17,15.06252926109568
8,18,18.51052312286968
8,19,18.690265746919597
8,20,16.15453872505441
8,21,13.497269799586105
8,22,9.926521595409552
8,23,9.051842096793166
8,24,6.6752236383883226
8,25,8.517546915705527
8,26,8.981804850790668
8,27,11.64848422008944
8,28,15.37332870478688
8,29,16.94247748918018
8,30,13.801901461057307
8,31,13.744545284902962
8,32,12.114678370685269
8,33,13.904293749911886
8,34,12.445786036252187
8,35,9.271214583251478
8,36,8.65140039591785
8,37,10.347317126538096
8,38,13.680152897244717
8,39,15.962357668767908
8,40,18.568923934057704
8,41,22.06209085150701
8,42,23.532900234705007
8,43,21.408125896516417
8,44,24.78614825581044
8,45,23.133772280563953
8,46,25.342183257017247
8,47,22.650906750972197
8,48,19.610222221671805
8,49,21.018623915836475
8,50,20.081527305001543
8,51,16.372310203672402
8,52,16.98097655964542
8,53,17.51524307622094
8,54,20.482604960626613
8,55,22.35603219589144
8,56,22.120969659383345
8,57,24.968837216269982
8,58,24.041224497052774
8,59,26.210266410658985
8,60,26.550747719581764
8,61,28.82080614774233
8,62,21.824913840045944
8,63,23.499307474934582
8,64,23.250282999587064
8,65,26.92968534178717
8,66,23.491520446650956
8,67,21.57393431954024
8,68,18.73522905442507
8,69,15.14278795018802
8,70,13.65687216915065
8,71,16.958330777166868
8,72,17.548362484177805
8,73,14.408365188817859
8,74,14.762510166322231
8,75,18.144749010036133
8,76,20.003155646095244
9,1,17.751035307642343
9,2,15.06117816927317
9,3,13.056526206373924
9,4,14.189604899975494
9,5,13.409681006512729
9,6,10.219498482893094
9,7,7.043742018781885
9,8,3.8167677113882665
9,10,3.7905516651431332
9,11,6.535951157290551
9,12,5.818338253877152
9,13,8.34581849435206
9,14,9.876566813675481
9,15,13.655585075814885
9,16,15.49058338506006
9,17,18.385124773739896
9,18,21.95239291474032
9,19,22.280600546733453
9,20,19.899233439489073
9,21,17.121759051161906
9,22,13.519040890329155
9,23,12.043585761333802
9,24,8.931166602270025
9,25,9.266658964409611
9,26,8.279343394294598
9,27,10.896162733983019
9,28,14.3151004301343
9,29,15.097118125825984
9,30,11.7967474872235
9,31,12.04998722569858
9,32,10.602204953152732
9,33,11.753539720886605
9,34,10.764682169745027
9,35,7.724640494404378
9,36,5.892992538786724
9,37,7.534243108114783
9,38,10.492981035000735
9,39,13.05985527778812
9,40,16.00694902505472
9,41,19.483710178729893
9,42,21.35035850253796
9,43,19.7273937454412
9,44,23.349095716318764
9,45,22.252090051705167
9,46,24.586601840721386
9,47,21.86128155534924
9,48,19.289332118651078
9,49,20.82666441960644
9,50,19.534081834983596
9,51,16.00481055310338
9,52,17.325185835061028
9,53,18.608481707252768
9,54,21.64931169678005
9,55,23.752649189897355
9,56,23.006488202226215
9,57,25.427367097935583
9,58,23.944203921792752
9,59,25.690722180476943
9,60,25.486734625109204
9,61,27.47583811644706
9,62,21.899516461107492
9,63,24.10445667034355
9,64,24.393938626069502
9,65,28.172408164946557
9,66,25.418977383873198
9,67,23.290054688415328
9,68,20.08407959532567
9,69,16.683944461271967
9,70,14.406522034340826
9,71,17.205183970631918
9,72,18.22842583068214
9,73,15.131641665948013
9,74,16.378745977933193
9,75,20.003366227845596
9,76,22.364085162899755
10,1,18.748933554458652
10,2,15.927014206835521
10,3,14.697914364311949
10,4,16.020402981206136
10,5,16.00567833332069
10,6,13.195802411129124
10,7,9.858328841853014
10,8,6.888494754492289
10,9,3.7905516651431332
10,11,3.8144378661770797
10,12,5.393170431354608
10,13,8.55669140633853
10,14,11.173690034019646
10,15,14.899386597443309
10,16,17.294027651392767
10,17,20.31174126541258
10,18,23.85515893405291
10,19,24.691938653759433
10,20,22.38831886570087
10,21,19.83406757130665
10,22,16.07718059431965
10,23,14.541896370513477
10,24,11.087183315198153
10,25,10.487249924531433
10,26,8.18276826535117
10,27,9.649197500394273
10,28,12.694084867747607
10,29,13.147127301278895
10,30,10.35405718473464
10,31,11.740301213691094
10,32,11.404312008838087
10,33,12.543149225399276
10,34,12.60722515283624
10,35,10.264084285011041
10,36,7.205886807783655
10,37,7.185175537249151
10,38,8.959026907564516
10,39,10.86988180659106
10,40,14.253245595091556
10,41,17.358982487423013
10,42,19.70198615098825
10,43,18.514015704584118
10,44,22.201016516949696
10,45,21.450165099294466
10,46,24.18668779929307
10,47,21.837497949431086
10,48,19.630693931125617
10,49,20.709722034141777
10,50,18.780636120459626
10,51,15.603607370121477
10,52,17.02086266661964
10,53,18.945495903767718
10,54,22.25568421509549
10,55,24.11793804261919
10,56,22.789102910757876
10,57,24.837246407442315
10,58,23.04116695088644
10,59,24.286296792021403
10,60,23.716511983938606
10,61,25.28150458233444
10,62,20.69657627477306
10,63,23.164407747277647
10,64,24.023878779269175
10,65,27.821150215332754
10,66,25.403190528011283
10,67,22.890998067201807
10,68,19.51176031623307
10,69,16.310813504037306
10,70,13.380768912931302
10,71,15.72183964366542
10,72,17.42733869870345
10,73,14.8199165819743
10,74,16.672863235079383
10,75,20.267896921351632
10,76,23.038437444281165
11,1,18.00514065419954
11,2,15.650351951380859
11,3,15.194183471463793
11,4,17.265722126174477
11,5,17.72142531162581
11,6,14.888029991267333
11,7,12.10352966613207
11,8,8.820715000763624
11,9,6.535951157290551
11,10,3.8144378661770797
11,12,3.8108002887569725
11,13,7.13899461667422
11,14,10.62713619903249
11,15,13.968589883051678
11,16,16.99588200428769
11,17,19.704650499468766
11,18,23.2806099429307
11,19,24.557365704603583
11,20,22.704479109158786
11,21,20.14198250545592
11,22,16.37303494773964
11,23,14.380399521587865
11,24,10.695857740267959
11,25,9.032247425195925
11,26,5.84382737040403
11,27,6.2052849613683465
11,28,8.983004322572999
11,29,9.613439799567624
11,30,7.290330751147125
11,31,9.493375378032765
11,32,10.320271748869915
11,33,12.188867354598695
11,34,13.220271390994101
11,35,11.782363368756128
11,36,8.37366153307822
11,37,6.555618999667154
11,38,7.749130298731552
11,39,8.467343674566946
11,40,11.595933892147668
11,41,14.484193488019523
11,42,16.6881797872206
11,43,15.366534674477451
11,44,18.9378061817538
11,45,18.131428969324844
11,46,21.114085196544128
11,47,19.128280447747205
11,48,17.058668092427933
11,49,17.669797759612514
11,50,15.388321501507557
11,51,12.458274397665573
11,52,13.872752455747966
11,53,16.234377782281022
11,54,19.634673060765635
11,55,21.363575611905436
11,56,19.65149801516786
11,57,21.429302512797086
11,58,19.480909201935262
11,59,20.556129841406527
11,60,19.965626448114282
11,61,21.52713893176105
11,62,17.100268976735194
11,63,19.755455445543177
11,64,20.92474733803386
11,65,24.70432126036338
11,66,22.869116523205363
11,67,20.331954353942535
11,68,16.75215399949253
11,69,13.943145684270414
11,70,10.634874765432413
11,71,12.420006639350492
11,72,14.232842965478714
11,73,11.87471089180613
11,74,14.291652774787728
11,75,17.8600100359634
11,76,20.99704363759879
12,1,14.883854728504433
12,2,12.824035689816641
12,3,12.165160642541155
12,4,14.629059741165346
12,5,14.940389731458342
12,6,11.965670111735095
12,7,9.84757088672301
12,8,6.504370855587948
12,9,5.818338253877152
12,10,5.393170431354608
12,11,3.8108002887569725
12,13,3.795194154712918
12,14,7.08014969402193
12,15,10.455725902906485
12,16,13.435246793668119
12,17,16.009662591860195
12,18,19.647849128682914
12,19,20.816919245409224
12,20,19.0874008846957
12,21,16.430079676725043
12,22,12.697372629976174
12,23,10.598920662855251
12,24,6.948389408783828
12,25,5.703270561025084
12,26,3.6696688068971492
12,27,5.312865924530005
12,28,8.996113196463641
12,29,10.70749237939264
12,30,8.09313041918288
12,31,9.221159779631364
12,32,9.421033299980072
12,33,12.083204376833569
12,34,12.520359555994386
12,35,10.874320840336994
12,36,8.353262410920843
12,37,7.290176456089851
12,38,9.810624637358597
12,39,10.823555763599703
12,40,13.236191263758442
12,41,16.391317875799228
12,42,17.87965625293371
12,43,15.794486821823446
12,44,19.142291221686595
12,45,17.634760944010694
12,46,20.35659046680012
12,47,18.191878820173493
12,48,15.506292298206084
12,49,16.223704624357847
12,50,14.508508119042862
12,51,11.07915256392242
12,52,11.951391055807228
12,53,13.606993888144526
12,54,16.978919258198484
12,55,18.749227976612673
12,56,17.580235778403672
12,57,19.882658633589408
12,58,18.457316126406884
12,59,20.195193882171026
12,60,20.27242623315686
12,61,22.377379392441554
12,62,16.127014383007463
12,63,18.342469555618855
12,64,18.864742959399056
12,65,22.665457428877012
12,66,20.361583865363457
12,67,18.14675941858821
12,68,14.696393996352771
12,69,11.600898226580805
12,70,8.967772152693815
12,71,11.492935549021697
12,72,12.5033678740034
12,73,9.582316667982502
12,74,11.364413843686004
12,75,15.038950141218963
12,76,17.902436417693984
13,1,11.150799635738641
13,2,9.383523667462091
13,3,9.25958612713439
13,4,12.293341205229433
13,5,13.159463302021987
13,6,10.678821649893424
13,7,9.53516098848095
13,8,7.18650549715812
13,9,8.34581849435206
13,10,8.55669140633853
13,11,7.13899461667422
13,12,3.795194154712918
13,14,3.80881070229056
13,15,6.8345414858504805
13,16,10.04373370115718
13,17,12.665279331866383
13,18,16.180641062564845
13,19,17.699759342435645
13,20,16.08397872645623
13,21,13.78296186376972
13,22,10.126617344258475
13,23,8.502521691565473
13,24,5.582943303851711
13,25,5.506663299500299
13,26,5.5072539747120315
13,27,6.165887560333692
13,28,9.816546303424348
13,29,12.568005436573959
13,30,10.623085838122648
13,31,11.57126389936974
13,32,11.841324425629928
13,33,14.987874697778187
13,34,15.156700733224806
13,35,13.429009732103111
13,36,11.602467345787808
13,37,10.813347989076643
13,38,13.408944887229989
13,39,14.006621636073742
13,40,15.980157267393245
13,41,18.895655142493652
13,42,19.961419774246078
13,43,17.41714299354225
13,44,20.336813096416762
13,45,18.20229358411626
13,46,20.896556171141356
13,47,19.02262477162558
13,48,15.913031993618453
13,49,16.133468630860754
13,50,14.644245656650504
13,51,11.22609129064906
13,52,10.861682673104584
13,53,11.71463796274606
13,54,15.233838480176
13,55,16.48136157076959
13,56,15.678874827119698
13,57,18.442898979627387
13,58,17.717267342254164
13,59,19.845268961643626
13,60,20.59300123024013
13,61,22.905154533583456
13,62,14.944357030277427
13,63,16.460048439272633
13,64,16.48528526489286
13,65,20.216407621484407
13,66,17.134762383706473
13,67,14.953710959711168
13,68,11.7896767148204
13,69,8.36852498110503
13,70,6.570759625000021
13,71,9.865404266333806
13,72,10.462064726355102
13,73,7.704742374770576
13,74,8.432557542725009
13,75,11.90140951570118
13,76,14.493375155719246
14,1,8.268663793425823
14,2,6.717865140960088
14,3,6.015166009676173
14,4,9.39679857559192
14,5,10.192062852438902
14,6,8.081280276788938
14,7,8.245221580331757
14,8,7.213655870149445
14,9,9.876566813675481
14,10,11.173690034019646
14,11,10.62713619903249
14,12,7.08014969402193
14,13,3.80881070229056
14,15,3.807454147433771
14,16,6.374450429702294
14,17,9.272424102428252
14,18,12.764399170598345
14,19,14.084437009221054
14,20,12.290616359036571
14,21,10.137154374897122
14,22,6.516107946315549
14,23,5.804367073907636
14,24,4.53120746257989
14,25,6.71325881664334
14,26,8.471364522621139
14,27,9.639101915085366
14,28,13.105373393376361
14,29,16.052940200488056
14,30,14.004312144760577
14,31,14.296250866827373
14,32,13.892761930777024
14,33,17.04715413400024
14,34,16.516926614105863
14,35,14.470237996634062
14,36,13.562902063761227
14,37,13.584130527163564
14,38,16.621368487877056
14,39,17.56426227551986
14,40,19.379454777361396
14,41,22.404496448679996
14,42,23.17933170496652
14,43,20.349498760719758
14,44,23.04436417930981
14,45,20.527437789751836
14,46,22.867504340718245
14,47,20.891339949871437
14,48,17.421671667320886
14,49,17.762313030781353
14,50,16.902345413802426
14,51,13.43647062456809
14,52,12.452730651177655
14,53,12.12243339845621
14,54,15.291328667968177
14,55,16.323587905576602
14,56,16.358864542925666
14,57,19.605991442202143
14,58,19.536475514030617
14,59,22.102400367670224
14,60,23.329503480315132
14,61,25.877351564064398
14,62,16.848364201647662
14,63,17.658886279120978
14,64,16.88505279484427
14,65,20.400057824468046
14,66,16.385036327297865
14,67,14.621714068543643
14,68,12.1440164263531
14,69,8.559580922002253
14,70,8.426862177533907
14,71,12.037806339884463
14,72,11.896953705981764
14,73,9.223346711364904
14,74,8.292386147138176
14,75,11.242867599666031
14,76,12.92335298481583
15,1,5.313180604099256
15,2,5.61808353014055
15,3,6.185119913883875
15,4,9.966370997868678
15,5,11.206673248900431
15,6,9.971226476075941
15,7,11.237970170873165
15,8,10.823161050435191
15,9,13.655585075814885
15,10,14.899386597443309
15,11,13.968589883051678
15,12,10.455725902906485
15,13,6.8345414858504805
15,14,3.807454147433771
15,16,3.80046335413436
15,17,6.071225980159259
15,18,9.38984701107499
15,19,11.329063875077406
15,20,10.176998320020354
15,21,8.63323284347137
15,22,5.979964087426436
15,23,6.058494165044955
15,24,6.73478842476917
15,25,8.786510055148225
15,26,11.107036892393614
15,27,11.680082039780189
15,28,14.58796457864885
15,29,17.955346014532545
15,30,16.404111180902422
15,31,16.555720941395013
15,32,16.38147180307494
15,33,19.80161547501184
15,34,19.35121961807942
15,35,17.621417946607945
15,36,16.98449434693784
15,37,16.807609499123547
15,38,19.763790253806135
15,39,20.34990232709612
15,40,21.72364774755622
15,41,24.519374387833253
15,42,24.859648720754116
15,43,21.72105478016393
15,44,23.93382539791018
15,45,20.972798742077494
15,46,23.12094151247952
15,47,21.49308546564307
15,48,17.867738906122028
15,49,17.745122603044667
15,50,17.250028429581892
15,51,14.138585631303021
15,52,12.212183039815937
15,53,10.87430910007452
15,54,13.721130217459873
15,55,14.114727355295779
15,56,14.730943663221893
15,57,18.280065586128597
15,58,18.94222599823369
15,59,21.813583342307176
15,60,23.62019771339439
15,61,26.346829696208037
15,62,16.23299404375844
15,63,16.23962376065521
15,64,14.792835884362523
15,65,17.99731092980566
15,66,13.346446571254427
15,67,12.051561043367098
15,68,10.292597651932361
15,69,7.131581593851183
15,70,8.712572792111441
15,71,12.048925581371913
15,72,11.097981415321097
15,73,9.04966827775023
15,74,6.601255842528568
15,75,8.562005528448912
15,76,9.487963543149755
16,1,4.537481199108566
16,2,5.486051310748369
16,3,5.060019222874402
16,4,8.222871505852344
16,5,9.22309465899221
16,6,8.972929196050242
16,7,11.363458880641954
16,8,12.078476838003956
16,9,15.49058338506006
16,10,17.294027651392767
16,11,16.99588200428769
16,12,13.435246793668119
16,13,10.04373370115718
16,14,6.374450429702294
16,15,3.80046335413436
16,17,3.796971789758051
16,18,6.684083870364527
16,19,8.147741597234239
16,20,6.470295975958928
16,21,5.665676232601868
16,22,4.1673540056585034
16,23,6.454561740942559
16,24,8.693679362711377
16,25,11.624940443907771
16,26,14.328689011054536
16,27,15.329386190288536
16,28,18.337187792509454
16,29,21.62619022796632
16,30,19.83884617625103
16,31,19.671761249118205
16,32,18.97538258829567
16,33,22.184881284110787
16,34,21.172323761848897
16,35,19.142114630614568
16,36,19.10975023170992
16,37,19.54235708510123
16,38,22.763315041393664
16,39,23.704855658207716
16,40,25.165381072282383
16,41,28.10620398218483
16,42,28.40903412876184
16,43,25.210232797979828
16,44,27.38806212495219
16,45,24.33381912552129
16,46,26.208167716825344
16,47,24.43378689586436
16,48,20.690884750964955
16,49,20.809070499272092
16,50,20.697578450602435
16,51,17.570005008245708
16,52,15.630596657268681
16,53,13.757091359219002
16,54,16.033892471444073
16,55,16.281020852680996
16,56,17.54803426189053
16,57,21.24420575464287
16,58,22.251758104435595
16,59,25.286719134708395
16,60,27.25774648545334
16,61,30.054894110338775
16,62,19.695875412598074
16,63,19.319317873692313
16,64,17.402648271060823
16,65,20.226342288697403
16,66,14.926341417351198
16,67,14.121884751051008
16,68,13.189691319739703
16,69,10.339191228625488
16,70,12.329156284384782
16,71,15.670915173073464
16,72,14.598747312305079
16,73,12.698597991693854
16,74,9.844974276535696
16,75,10.941044329274032
16,76,10.562059916033963
17,1,6.372859312349807
17,2,8.811189617080112
17,3,8.797405077852323
17,4,11.612541098420822
17,5,12.14518239901875
17,6,11.849467267227343
17,7,14.597045829112034
17,8,15.06252926109568
17,9,18.385124773739896
17,10,20.31174126541258
17,11,19.704650499468766
17,12,16.009662591860195
17,13,12.665279331866383
17,14,9.272424102428252
17,15,6.071225980159259
17,16,3.796971789758051
17,18,3.79751335342066
17,19,5.469508670659504
17,20,5.771455798988193
17,21,5.23666601917102
17,22,5.9005887016028655
17,23,7.441304189871869
17,24,10.44768720709203
17,25,13.005632185860703
17,26,16.15345315808327
17,27,17.130239562994937
17,28,19.707358916028312
17,29,23.059783909275406
17,30,21.44548678084069
17,31,20.862368118170323
17,32,20.164568503999455
17,33,23.493550432533514
17,34,22.53000364862621
17,35,20.962667411353554
17,36,21.25594535947392
17,37,21.567310452438367
17,38,24.806116858177212
17,39,25.620155794700096
17,40,26.599980991290828
17,41,29.456543248874205
17,42,29.27586088421446
17,43,25.822780102494292
17,44,27.585974986576574
17,45,24.24885058707368
17,46,25.6947716348686
17,47,24.06353788452608
17,48,20.277778231187746
17,49,20.30800385267567
17,50,20.79005508290422
17,51,17.962538735071988
17,52,15.708676797446381
17,53,13.043412205602985
17,54,14.507762145565117
17,55,14.564786815927347
17,56,16.582149441382626
17,57,20.36814108308045
17,58,21.862517721063668
17,59,25.197238671726147
17,60,27.551427365051136
17,61,30.60432385341578
17,62,19.83955466776392
17,63,19.015996748752723
17,64,16.470295416688206
17,65,18.858741696749966
17,66,13.757604215777125
17,67,13.951621418275547
17,68,13.56901717237481
17,69,11.577007003604201
17,70,14.183732488774345
17,71,17.01149745095016
17,72,15.132102746407469
17,73,13.412252683621702
17,74,10.03495358019304
17,75,10.235634761234563
17,76,8.835629532410827
18,1,7.597838933307516
18,2,10.674833474642137
18,3,11.094517545742466
18,4,13.25872645494755
18,5,14.041726141596683
18,6,14.580988898080324
18,7,17.605461760921337
18,8,18.51052312286968
18,9,21.95239291474032
18,10,23.85515893405291
18,11,23.2806099429307
18,12,19.647849128682914
18,13,16.180641062564845
18,14,12.764399170598345
18,15,9.38984701107499
18,16,6.684083870364527
18,17,3.79751335342066
18,19,3.8313087075907983
18,20,5.5290268716615545
18,21,7.123454496498522
18,22,9.045909930694945
18,23,11.10810016024003
18,24,14.229950338806521
18,25,16.775154723775973
18,26,19.874378958185755
18,27,20.62541965812415
18,28,23.037930230858485
18,29,26.50891106210937
18,30,25.090184166218332
18,31,24.561275497757798
18,32,23.91488061514379
18,33,27.242996554357166
18,34,26.211051051630918
18,35,24.611590567222628
18,36,25.007230683082994
18,37,25.357274359050038
18,38,28.573504328714794
18,39,29.29716521741674
18,40,30.221679607389465
18,41,32.965376325972606
18,42,32.67730288298719
18,43,29.164767584818787
18,44,30.69174255145604
18,45,27.212628062301064
18,46,28.532987451596533
18,47,27.135971764770318
18,48,23.392747300721705
18,49,23.180471108712286
18,50,23.793190516982325
18,51,21.237053591281377
18,52,18.659916264718067
18,53,15.696145126388679
18,54,16.70132289127078
18,55,16.121913783522697
18,56,18.513620180487404
18,57,22.258092603646023
18,58,24.229119578704235
18,59,27.588453687505773
18,60,30.22046302475038
18,61,33.25099006716245
18,62,22.176581551590917
18,63,20.784250905947395
18,64,17.886314620297405
18,65,19.665964955219938
18,66,14.064823720011463
18,67,14.784066548967717
18,68,15.347056806103767
18,69,13.90427456132118
18,70,16.979439229796526
18,71,19.59945391225715
18,72,17.63036640115408
18,73,16.476063337808696
18,74,12.829837214108773
18,75,12.024651199878381
18,76,9.495922422214374
19,1,10.49211390351669
19,2,12.830604561171429
19,3,12.129157141886061
19,4,13.663365554675813
19,5,13.447898971864653
19,6,14.012697371042753
19,7,17.481289664167864
19,8,18.690265746919597
19,9,22.280600546733453
19,10,24.691938653759433
19,11,24.557365704603583
19,12,20.816919245409224
19,13,17.699759342435645
19,14,14.084437009221054
19,15,11.329063875077406
19,16,8.147741597234239
19,17,5.469508670659504
19,18,3.8313087075907983
19,20,3.8390281465101506
19,21,5.507312197247959
19,22,8.772005767762147
19,23,11.068975228085105
19,24,14.681078288220174
19,25,17.604665926616956
19,26,21.006073469740482
19,27,22.369098960247968
19,28,24.995362065333236
19,29,28.229947480338073
19,30,26.387322035091778
19,31,25.40300106698479
19,32,24.200130196527606
19,33,27.23878594913966
19,34,25.74024558902125
19,35,24.085430696902982
19,36,25.058536217607724
19,37,25.907733313022625
19,38,29.3654756977621
19,39,30.516872595697034
19,40,31.46431266908467
19,41,34.46201679217333
19,42,34.13472063526609
19,43,30.606878267475025
19,44,32.25829063061535
19,45,28.853051020974103
19,46,29.865990425058822
19,47,28.091703382519512
19,48,24.304272020374164
19,49,24.64320172365249
19,50,25.612084000586318
19,51,22.837225443452645
19,52,20.702185596013422
19,53,17.701569933025695
19,54,18.388567767660415
19,55,18.412913795080147
19,56,21.040628380812556
19,57,24.794530071346866
19,58,26.58535481867838
19,59,30.078344742345156
19,60,32.589624814878285
19,61,35.76660246500687
19,62,24.922538662376585
19,63,23.818577243043162
19,64,20.884466587331502
19,65,22.722587911872683
19,66,17.58112108198858
19,67,18.408204050674733
19,68,18.638534752085093
19,69,16.92066306864854
19,70,19.631572581137142
19,71,22.443256642576394
19,72,20.423837985066733
19,73,18.72733444993324
19,74,15.32099746346841
19,75,15.053683136462261
19,76,12.759592554015462
20,1,9.235404058407028
20,2,10.575446269261617
20,3,9.16270162714709
20,4,10.087777363157471
20,5,9.769106645205724
20,6,10.853004627774837
20,7,14.407981086727554
20,8,16.15453872505441
20,9,19.899233439489073
20,10,22.38831886570087
20,11,22.704479109158786
20,12,19.0874008846957
20,13,16.08397872645623
20,14,12.290616359036571
20,15,10.176998320020354
20,16,6.470295975958928
20,17,5.771455798988193
20,18,5.5290268716615545
20,19,3.8390281465101506
20,21,3.8176750474971675
20,22,6.688037270991973
20,23,9.964561818922792
20,24,13.350340217807714
20,25,16.723556055978108
20,26,19.884417710530563
20,27,21.419017209908173
20,28,24.439544447782293
20,29,27.588574853064802
20,30,25.499725722241532
20,31,24.749737833477617
20,32,23.379965923520174
20,33,26.24210706468165
20,34,24.52055351799326
20,35,22.37882507393249
20,36,23.28694840110693
20,37,24.43575292443639
20,38,27.954941459316405
20,39,29.34242091267631
20,40,30.726071012573264
20,41,33.863809855436834
20,42,33.95631558332276
20,43,30.625208003824763
20,44,32.67274262071243
20,45,29.486457220158634
20,46,30.832264738401904
20,47,28.841065169143175
20,48,25.01849663063471
20,49,25.53229532463681
20,50,26.07932459588095
20,51,22.980326917977337
20,52,21.118787228813055
20,53,18.62584983845446
20,54,19.977699987197656
20,55,20.221177314535154
20,56,22.34549382236215
20,57,26.13098307151874
20,58,27.53722943817367
20,59,30.8466831472123
20,60,33.04663604142009
20,61,36.04507662898706
20,62,25.44947385098127
20,63,24.6992524158256
20,64,22.18748578110592
20,65,24.44482632421675
20,66,18.947131493459622
20,67,19.01648474030615
20,68,18.866094113826417
20,69,16.492952980313593
20,70,18.771266824166446
20,71,22.003086414834797
20,72,20.56936038899855
20,73,18.65224980751376
20,74,15.532732035606703
20,75,15.911364432727188
20,76,14.23984998540834
21,1,9.816013133729653
21,2,10.665329914661438
21,3,8.641770473655493
21,4,10.227745269724414
21,5,9.129682145084075
21,6,8.827731635356109
21,7,12.31078229464326
21,8,13.497269799586105
21,9,17.121759051161906
21,10,19.83406757130665
21,11,20.14198250545592
21,12,16.430079676725043
21,13,13.78296186376972
21,14,10.137154374897122
21,15,8.63323284347137
21,16,5.665676232601868
21,17,5.23666601917102
21,18,7.123454496498522
21,19,5.507312197247959
21,20,3.8176750474971675
21,22,3.8085302349753576
21,23,6.544458623743373
21,24,10.146157980725393
21,25,13.551051823576975
21,26,16.90726000176928
21,27,18.855242745071948
21,28,21.915005815051035
21,29,24.826298805869506
21,30,22.491426389401752
21,31,21.425289098869968
21,32,19.825991728441647
21,33,22.6079443191834
21,34,20.837528344526444
21,35,18.864352528227332
21,36,19.94746192058341
21,37,21.1696273902735
21,38,24.769194807779332
21,39,26.324479435791318
21,40,27.60208615091136
21,41,30.866044666371995
21,42,30.899175315038367
21,43,27.589344007401326
21,44,29.749197946996883
21,45,26.692845031049604
21,46,27.92373731282394
21,47,25.672914908446497
21,48,21.86295258673414
21,49,22.747655070100496
21,50,23.428154970108206
21,51,20.167313622481544
21,52,18.747778425433047
21,53,16.439816233153415
21,54,17.81515282373997
21,55,18.709824469598853
21,56,20.701567823512885
21,57,24.43217293914321
21,58,25.463456001399127
21,59,28.804272078979015
21,60,30.788647387659694
21,61,33.88623343398331
21,62,23.720868594567484
21,63,23.44690817155492
21,64,21.121121249760392
21,65,23.7138222791446
21,66,18.937881353079415
21,67,18.924534802767592
21,68,18.075991758360377
21,69,15.502972005598862
21,70,17.296501193357944
21,71,20.523468124934784
21,72,18.985053857486264
21,73,16.519355466547523
21,74,13.809846496975437
21,75,14.92384032834714
21,76,13.964272384134212
22,1,8.631815335105966
22,2,8.460745785355916
22,3,6.083931384452723
22,4,8.408937731638124
22,5,7.587537743219252
22,6,6.2253152171359725
22,7,9.150434158885416
22,8,9.926521595409552
22,9,13.519040890329155
22,10,16.07718059431965
22,11,16.37303494773964
22,12,12.697372629976174
22,13,10.126617344258475
22,14,6.516107946315549
22,15,5.979964087426436
22,16,4.1673540056585034
22,17,5.9005887016028655
22,18,9.045909930694945
22,19,8.772005767762147
22,20,6.688037270991973
22,21,3.8085302349753576
22,23,3.8129402649625743
22,24,6.787732648688457
22,25,10.385180545893062
22,26,13.470202654483627
22,27,15.453244125354486
22,28,18.725077352860442
22,29,21.557329834819775
22,30,19.1440989614018
22,31,18.3713796059576
22,32,16.92149248325372
22,33,19.76235172069923
22,34,18.202034922586215
22,35,16.040387747724573
22,36,16.668783910982107
22,37,17.7523744756643
22,38,21.295467832025818
22,39,22.832883144408612
22,40,24.346659887818042
22,41,27.629561266406586
22,42,27.951260007603764
22,43,24.8137938072879
22,44,27.248154013525056
22,45,24.40744948365155
22,46,25.99363919520815
22,47,23.68864281041714
22,48,19.93046104366376
22,49,20.8127680885205
22,50,21.027704689402043
22,51,17.57129113045691
22,52,16.427269266651983
22,53,14.747182995034542
22,54,16.789628418366544
22,55,17.9120492256514
22,56,19.261552512699907
22,57,22.888707314288585
22,58,23.471890933577203
22,59,26.5847643092262
22,60,28.255149585878385
22,61,31.189138674617627
22,62,21.456441687183812
22,63,21.63239514218683
22,64,19.8229058037844
22,65,22.83592393195
22,66,18.264076949569557
22,67,17.607557672777798
22,68,16.130001511864034
22,69,13.100800270444399
22,70,14.280277479212415
22,71,17.69103836566022
22,72,16.592128776595978
22,73,13.881584965288699
22,74,11.697400333051315
22,75,13.595708201666236
22,76,13.593538431512965
23,1,10.507537006297985
23,2,10.410033843323559
23,3,8.58997823990543
23,4,11.390938520237317
23,5,10.485695144451347
23,6,7.897224756915409
23,7,9.747844770604383
23,8,9.051842096793166
23,9,12.043585761333802
23,10,14.541896370513477
23,11,14.380399521587865
23,12,10.598920662855251
23,13,8.502521691565473
23,14,5.804367073907636
23,15,6.058494165044955
23,16,6.454561740942559
