1,2,3.804583813438326
1,3,6.391790669144333
1,4,9.701578716298267
1,5,13.272635966670487
1,6,15.753768130617367
1,7,19.517441650108736
1,8,22.25542205554673
1,9,23.29923718755497
1,10,27.00063628490235
1,11,22.211454578395077
1,12,20.29851272754607
1,13,18.85115703199735
1,14,18.550703381314143
1,15,15.156985680649347
1,16,13.841851523333219
1,17,10.793002044126546
1,18,10.890083782874957
1,19,16.971405031482355
1,20,16.595865494179126
1,21,16.756282625317745
1,22,15.771744490887144
1,23,17.352175286626927
1,24,15.772753002558714
1,25,17.233102942551156
1,26,17.55906172313278
1,27,16.86169847094296
1,28,13.564601577918488
1,29,11.866589795512542
1,30,11.972106092221596
1,31,13.41603493078883
1,32,12.02751807788672
1,33,15.461063257817136
1,34,18.87473851280968
1,35,19.248657925524217
1,36,21.840808488637684
1,37,24.19363796626038
1,38,25.40453828902964
1,39,22.748991294856214
1,40,18.953012089517504
1,41,16.341757389370272
1,42,12.663268018298465
1,43,10.71017191034114
1,44,7.423150458518655
1,45,7.796234581246794
1,46,9.981347180967763
1,47,8.108393720323779
1,48,5.799774975033506
2,1,3.804583813438326
2,3,3.809506780657164
2,4,6.556632889398644
2,5,10.210040938616105
2,6,12.710827623345669
2,7,16.509276035851823
2,8,19.30986062035222
2,9,20.07130344827303
2,10,23.76122352172991
2,11,20.087638234067324
2,12,17.711861513693123
2,13,15.937189099458752
2,14,15.172171046650355
2,15,11.666420834108559
2,16,10.122100628600457
2,17,7.039051138222691
2,18,7.697307656888626
2,19,13.49789000361593
2,20,12.894995223084047
2,21,12.953670157948626
2,22,12.126743375700098
2,23,13.983511071638649
2,24,12.910953998206896
2,25,14.96633057727489
2,26,15.675045889603002
2,27,15.678946232832834
2,28,12.42611115897438
2,29,10.444967521558565
2,30,11.377900770449703
2,31,12.62037265105943
2,32,11.73144193456359
2,33,14.788231509605966
2,34,17.945793582866155
2,35,17.688142669054496
2,36,19.84585343547224
2,37,21.905956083699465
2,38,22.733666987706737
2,39,20.014865038705768
2,40,16.21951218675294
2,41,14.10939837321573
2,42,10.661184104611895
2,43,9.051960822777929
2,44,6.413536042236286
2,45,6.977975762363156
2,46,10.261062632980902
2,47,9.038381245920977
2,48,8.211663104273109
3,1,6.391790669144333
3,2,3.809506780657164
3,4,3.7948974380284817
3,5,6.974721179501355
3,6,9.907651080938798
3,7,13.617033512760324
3,8,16.73857772491188
3,9,18.00163749698768
3,10,21.513556200320437
3,11,18.764331868720305
3,12,16.396599389682795
3,13,14.056959820997376
3,14,13.309345513992024
3,15,9.698946285357092
3,16,8.324249550912649
3,17,6.165986082563711
3,18,7.191820356364891
3,19,12.712024054467067
3,20,12.482530435527417
3,21,11.925193410644843
3,22,11.696418807934485
3,23,13.25288947550102
3,24,12.343769294756035
3,25,14.319820167821034
3,26,14.384601110721333
3,27,15.076333535617946
3,28,12.487649826680235
3,29,9.546605257513656
3,30,9.906426485362543
3,31,10.086358571528443
3,32,8.94125672621334
3,33,11.492725435415334
3,34,14.604516796633295
3,35,14.369005294402479
3,36,16.32911927353256
3,37,18.61117285943319
3,38,19.384474922231853
3,39,16.531481454942192
3,40,12.7285716489238
3,41,10.520872891119412
3,42,6.990229996157917
3,43,6.187767992597119
3,44,5.003995127152608
3,45,7.39465624223613
3,46,10.885874625592594
3,47,10.966261587440036
3,48,10.262867903866894
4,1,9.701578716298267
4,2,6.556632889398644
4,3,3.7948974380284817
4,5,3.826047784597759
4,6,6.248411380408949
4,7,10.018798666385107
4,8,13.067196558124396
4,9,14.214605712380573
4,10,17.726587738610704
4,11,15.748534164675599
4,12,13.098737955158684
4,13,10.445039354883312
4,14,9.552897679037676
4,15,6.00157420971159
4,16,5.446506602503351
4,17,5.052019890325528
4,18,7.714888503772571
4,19,11.626266926547862
4,20,10.75656564611051
4,21,9.199440545413763
4,22,8.879974138921632
4,23,9.985414147594991
4,24,9.373970055192336
4,25,11.589775956836295
4,26,11.764976205861272
4,27,13.251075453445829
4,28,11.171973367505688
4,29,8.078603376752412
4,30,9.230664280677557
4,31,9.223354739340051
4,32,9.281644625279608
4,33,11.154750074201427
4,34,13.50657392681464
4,35,12.343082451561152
4,36,13.884814523248929
4,37,15.652869759065819
4,38,16.22860675612327
4,39,13.578663436997287
4,40,9.821108284001694
4,41,8.143147507298627
4,42,5.519039145055677
4,43,5.000681590011272
4,44,5.629162429297889
4,45,7.628208311318141
4,46,11.228884112077493
4,47,12.128470304924669
4,48,12.505252965993934
5,1,13.272635966670487
5,2,10.210040938616105
5,3,6.974721179501355
5,4,3.826047784597759
5,6,3.8184678944839607
5,7,7.056615107190452
5,8,10.599522580657412
5,9,12.13863237472144
5,10,15.253793561620634
5,11,15.460112999540149
5,12,12.729094829784831
5,13,9.341243811439869
5,14,8.052513688110372
5,15,4.953366445495074
5,16,4.9485039664203985
5,17,6.695983672589412
5,18,9.090280747948583
5,19,11.344387259226172
5,20,10.8544179737307
5,21,8.699103100319434
5,22,9.392020125067013
5,23,10.119356065574046
5,24,10.280596847272454
5,25,12.428224915970011
5,26,12.166398598778201
5,27,14.539647316115573
5,28,13.334770286640625
5,29,10.03808239710909
5,30,10.84076030416253
5,31,9.671796708880516
5,32,9.898453200607593
5,33,10.416597923330142
5,34,12.059749876526551
5,35,10.419521019503689
5,36,11.050115212930253
5,37,12.729055850327011
5,38,12.798627468088085
5,39,9.899200531967427
5,40,6.172316685687619
5,41,5.4378735829706635
5,42,4.411484831639428
5,43,6.116735818886514
5,44,8.525180894264821
5,45,10.87393922147106
5,46,14.168512300287786
5,47,15.624271247135317
5,48,16.073360877946648
6,1,15.753768130617367
6,2,12.710827623345669
6,3,9.907651080938798
6,4,6.248411380408949
6,5,3.8184678944839607
6,7,3.800464643900404
6,8,6.932638661556586
6,9,8.60317002208374
6,10,11.818967436664066
6,11,12.065967304921893
6,12,9.326343851706289
6,13,5.736406735730351
6,14,5.08792985544517
6,15,3.7047235714402187
6,16,6.337235595893842
6,17,9.134698902956183
6,18,12.21527390811855
6,19,13.425592057469947
6,20,12.08837250505751
6,21,8.938792564800949
6,22,8.843740552981316
6,23,8.142425379237968
6,24,8.190871665292079
6,25,9.875371427792151
6,26,9.472870909433196
6,27,12.504529881059012
6,28,12.110133832387039
6,29,9.216284343132878
6,30,10.53655149372623
6,31,9.605962806399384
6,32,11.159320210787392
6,33,11.355300862098026
6,34,11.930146240437706
6,35,9.241774540890049
6,36,9.587397833548762
6,37,10.250712214190338
6,38,10.495605099778317
6,39,8.494857001920254
6,40,5.371354988073906
6,41,5.405278727733032
6,42,6.358240687986872
6,43,7.084424745318198
6,44,9.876540452594622
6,45,11.453354133031159
6,46,14.251429118614697
6,47,16.298305606029537
6,48,17.50330900228571
7,1,19.517441650108736
7,2,16.509276035851823
7,3,13.617033512760324
7,4,10.018798666385107
7,5,7.056615107190452
7,6,3.800464643900404
7,8,3.800714463355983
7,9,6.281279226888169
7,10,8.735166808475672
7,11,11.59611441218753
7,12,9.188016735574884
7,13,5.563842201170061
7,14,5.3071120198506625
7,15,6.322766756910854
7,16,9.142145663180694
7,17,12.471087033207692
7,18,15.400629555195177
7,19,15.49831234477668
7,20,14.2008883202656
7,21,10.76060921109075
7,22,10.99285834037479
7,23,9.573675803487113
7,24,10.097344583779758
7,25,11.188007437932317
7,26,10.414685120064158
7,27,13.988281924177823
7,28,14.490737261164016
7,29,11.9320485818247
7,30,13.034757537065849
7,31,11.655112114750834
7,32,13.541829794446663
7,33,12.819887362739138
7,34,12.292378865706596
7,35,8.960472495384748
7,36,7.996707589429326
7,37,7.472344999923763
7,38,7.118983268291668
7,39,5.953790781428659
7,40,4.529357304004832
7,41,6.3671526464634605
7,42,8.979291062093099
7,43,10.186065219000401
7,44,13.335828696709978
7,45,14.838057096064256
7,46,17.249916556081473
7,47,19.64011155585562
7,48,21.028486589739835
8,1,22.25542205554673
8,2,19.30986062035222
8,3,16.73857772491188
8,4,13.067196558124396
8,5,10.599522580657412
8,6,6.932638661556586
8,7,3.800714463355983
8,9,3.821161739124108
8,10,5.772636641086047
8,11,9.344945688575848
8,12,7.434338027732211
8,13,4.865906900875503
8,14,6.008612228314299
8,15,8.694324255624068
8,16,12.052769906760494
8,17,15.451672841638986
8,18,18.665793635393456
8,19,18.35835882174508
8,20,16.556870756839864
8,21,12.850287251003055
8,22,12.433453637573185
8,23,9.988936034627638
8,24,10.355445870444465
8,25,10.599185015831155
8,26,9.797216567657097
8,27,13.599407369999117
8,28,14.892673069578533
8,29,13.088205753046964
8,30,14.473328328398146
8,31,13.521901844157032
8,32,16.081490977414276
8,33,15.353128340644442
8,34,14.156632778831664
8,35,10.43947187825726
8,36,9.332714322084342
8,37,7.232024454800244
8,38,7.13961809996713
8,39,7.924899531318835
8,40,7.911705064261769
8,41,9.525562428234283
8,42,12.270235643507117
8,43,12.7958061330532
8,44,15.744205199289869
8,45,16.622750147511237
8,46,18.507200022276923
8,47,21.166678578418953
8,48,23.053306110401223
9,1,23.29923718755497
9,2,20.07130344827303
9,3,18.00163749698768
9,4,14.214605712380573
9,5,12.13863237472144
9,6,8.60317002208374
9,7,6.281279226888169
9,8,3.821161739124108
9,10,3.83461778526489
9,11,9.67556409960221
9,12,7.025923621360039
9,13,5.1661119205139014
9,14,5.072404611089797
9,15,8.74963544680821
9,16,12.027607166519756
9,17,15.54059111458605
9,18,18.891084116076797
9,19,17.68306489829152
9,20,15.362695818626014
9,21,11.613294563056114
9,22,10.964070312749834
9,23,8.261693773339793
9,24,9.611798073495894
9,25,10.418960527808304
9,26,10.916254599188642
9,27,14.592788226954978
9,28,15.565157538553276
9,29,14.426869718349849
9,30,16.59295062337761
9,31,16.30322991686238
9,32,18.882477202571593
9,33,18.60770162182452
9,34,17.768619205059444
9,35,14.104168088597273
9,36,13.08126557559575
9,37,10.912101129973628
9,38,10.159737736243503
9,39,10.767124879220788
9,40,10.64030506816434
9,41,12.531478962615699
9,42,14.748796805776893
9,43,14.979819113296791
9,44,17.39837994083154
9,45,17.679036959421094
9,46,19.698714190312092
9,47,21.96134142235741
9,48,24.18539907463627
10,1,27.00063628490235
10,2,23.76122352172991
10,3,21.513556200320437
10,4,17.726587738610704
10,5,15.253793561620634
10,6,11.818967436664066
10,7,8.735166808475672
10,8,5.772636641086047
10,9,3.83461778526489
10,11,11.869282138692547
10,12,10.062004896292985
10,13,8.786178702760399
10,14,8.738062888115032
10,15,12.284803124274575
10,16,15.28054249606304
10,17,18.945567343739558
10,18,22.095401415348576
10,19,20.25725399758997
10,20,18.179650252097208
10,21,14.583895405239105
10,22,14.395939410924093
10,23,11.867135303503026
10,24,13.35994319591386
10,25,13.832849747726017
10,26,14.013796604690105
10,27,17.698711038707668
10,28,19.083400746958233
10,29,17.984871445154376
10,30,19.878513609549525
10,31,19.24442402017894
10,32,21.812544393791494
10,33,21.032376884379637
10,34,19.668550045909225
10,35,15.938767526020854
10,36,14.180759960144707
10,37,11.277742938060017
10,38,9.858654224251449
10,39,11.434622407492487
10,40,12.50834914878904
10,41,14.93518515461905
10,42,17.670017767904525
10,43,18.28499866788354
10,44,20.963638028010855
10,45,21.403406636664098
10,46,23.298872751495068
10,47,25.704493866552912
10,48,27.917789752510696
11,1,22.211454578395077
11,2,20.087638234067324
11,3,18.764331868720305
11,4,15.748534164675599
11,5,15.460112999540149
11,6,12.065967304921893
11,7,11.59611441218753
11,8,9.344945688575848
11,9,9.67556409960221
11,10,11.869282138692547
11,12,3.8067460199095007
11,13,7.010193791529435
11,14,10.61711983465271
11,15,12.856004629573524
11,16,16.559345477607152
11,17,18.76144981647225
11,18,22.479198437165728
11,19,23.60867505635871
11,20,20.864209119019396
11,21,17.305811554939492
11,22,14.763033142881088
11,23,11.166141822746539
11,24,8.895686534893976
11,25,5.845600709309118
11,26,4.824394103936293
11,27,7.174414724810102
11,28,9.975511495279983
11,29,10.597830298027079
11,30,12.579124839120537
11,31,13.764169543780548
11,32,17.424425191268867
11,33,18.113252325777733
11,34,17.132999877808203
11,35,13.953043209473552
11,36,15.110096597699036
11,37,13.441017080291227
11,38,15.366519870416369
11,39,16.4767877986841
11,40,15.422839847841079
11,41,14.860609669964663
11,42,16.136178538735457
11,43,14.273182623996068
11,44,15.689826020912868
11,45,14.692322408763573
11,46,14.790980465935272
11,47,17.767719668826313
11,48,20.691785713403014
12,1,20.29851272754607
12,2,17.711861513693123
12,3,16.396599389682795
12,4,13.098737955158684
12,5,12.729094829784831
12,6,9.326343851706289
12,7,9.188016735574884
12,8,7.434338027732211
12,9,7.025923621360039
12,10,10.062004896292985
12,11,3.8067460199095007
12,13,3.8232570547465374
12,14,7.033602519721082
12,15,9.429164716590499
12,16,13.120124865242518
12,17,15.50135283332322
12,18,19.261280865990912
12,19,19.966594280763267
12,20,17.136978009923233
12,21,13.559594488799044
12,22,11.058457012963835
12,23,7.429472825641849
12,24,5.7071642587598985
12,25,4.058692895403179
12,26,4.852904874926439
12,27,8.02818142984143
12,28,9.47692988003477
12,29,9.571773403243466
12,30,12.22850725510317
12,31,13.33618559026674
12,32,16.635414483247352
12,33,17.45385293091175
12,34,16.983368889488816
12,35,13.672431210074889
12,36,14.511151085137083
12,37,13.08150422287263
12,38,14.278352636493334
12,39,14.741054644056005
12,40,13.326410549937773
12,41,13.188713765194443
12,42,14.281480183343572
12,43,12.714920040601951
12,44,14.152075710444008
12,45,13.281134880500638
12,46,14.29876660575847
12,47,16.82299137467091
12,48,19.638686878041202
13,1,18.85115703199735
13,2,15.937189099458752
13,3,14.056959820997376
13,4,10.445039354883312
13,5,9.341243811439869
13,6,5.736406735730351
13,7,5.563842201170061
13,8,4.865906900875503
13,9,5.1661119205139014
13,10,8.786178702760399
13,11,7.010193791529435
13,12,3.8232570547465374
13,14,3.819142468905893
13,15,6.204855290161463
13,16,9.996551874846944
13,17,12.81821208086302
13,18,16.448028266783233
13,19,16.946265162584755
13,20,14.513022344838184
13,21,10.825409080990125
13,22,9.137318853366951
13,23,6.1377884021605285
13,24,5.554890186810037
13,25,5.9998471637385435
13,26,6.250589857988251
13,27,9.866219395898343
13,28,10.548477905225745
13,29,9.271061508674993
13,30,11.621080204611342
13,31,11.897565124993035
13,32,14.721231416488527
13,33,15.188349457239594
13,34,14.910784148194992
13,35,11.536218425108771
13,36,11.936887379671338
13,37,10.890660870128235
13,38,11.568827483432932
13,39,11.3869336042036
13,40,9.728793883765897
13,41,10.015109949354978
13,42,11.350969106160846
13,43,10.587013275931234
13,44,12.64792213109451
13,45,12.679287281334117
13,46,14.545552427507328
13,47,16.941262287505577
13,48,19.207554558752236
14,1,18.550703381314143
14,2,15.172171046650355
14,3,13.309345513992024
14,4,9.552897679037676
14,5,8.052513688110372
14,6,5.08792985544517
14,7,5.3071120198506625
14,8,6.008612228314299
14,9,5.072404611089797
14,10,8.738062888115032
14,11,10.61711983465271
14,12,7.033602519721082
14,13,3.819142468905893
14,15,3.8056361158681056
14,16,7.222477932150116
14,17,10.546901873054663
14,18,14.030942115737187
14,19,13.537090436674621
14,20,11.099884533668945
14,21,7.320788465725903
14,22,6.431991189116783
14,23,4.449064490175307
14,24,6.199067221742197
14,25,8.506254274069043
14,26,9.651289061580798
14,27,12.954576208069
14,28,12.72959477409518
14,29,11.175856481324892
14,30,13.684124038214428
14,31,13.739978961698593
14,32,15.843712158233114
14,33,16.282848629209056
14,34,16.479001359691512
14,35,13.29626811023171
14,36,13.122458509001776
14,37,12.368708737325694
14,38,11.954523333112114
14,39,10.945645420021055
14,40,9.107212502463824
14,41,10.286166830893979
14,42,11.363135172883167
14,43,11.360512814971388
14,44,13.306577578856325
14,45,13.61475342233482
14,46,16.2203498926978
14,47,17.984069832356557
14,48,19.955675035687836
15,1,15.156985680649347
15,2,11.666420834108559
15,3,9.698946285357092
15,4,6.00157420971159
15,5,4.953366445495074
15,6,3.7047235714402187
15,7,6.322766756910854
15,8,8.694324255624068
15,9,8.74963544680821
15,10,12.284803124274575
15,11,12.856004629573524
15,12,9.429164716590499
15,13,6.204855290161463
15,14,3.8056361158681056
15,16,3.7918457468787565
15,17,6.906489859946833
15,18,10.403604714953591
15,19,10.950254004796555
15,20,8.900825368106998
15,21,5.576568951848533
15,22,5.169931278355023
15,23,5.293403926973172
15,24,6.495167224633669
15,25,9.43054711865735
15,26,10.444976989247538
15,27,13.178691841199376
15,28,12.040923278237878
15,29,9.841951625422162
15,30,12.147131454719991
15,31,12.164086846230704
15,32,13.55840987738744
15,33,14.420644202585414
15,34,15.4417299234752
15,35,12.890569169244642
15,36,13.234830793266838
15,37,13.567195369692952
15,38,13.334472044227173
15,39,11.320906638876275
15,40,8.418839812253596
15,41,8.851546921128662
15,42,8.79644169002437
15,43,8.901539250923765
15,44,10.533385254241692
15,45,11.28593556896414
15,46,14.445933308644069
15,47,15.789695127997502
15,48,17.255478488900017
16,1,13.841851523333219
16,2,10.122100628600457
16,3,8.324249550912649
16,4,5.446506602503351
16,5,4.9485039664203985
16,6,6.337235595893842
16,7,9.142145663180694
16,8,12.052769906760494
16,9,12.027607166519756
16,10,15.28054249606304
16,11,16.559345477607152
16,12,13.120124865242518
16,13,9.996551874846944
16,14,7.222477932150116
16,15,3.7918457468787565
16,17,3.7995712330986313
16,18,6.864507309585364
16,19,7.438232476579678
16,20,6.035196070112994
16,21,4.006192622183212
16,22,5.440156729648141
16,23,7.726069327811511
16,24,9.322094052546477
16,25,12.617575402439897
16,26,13.787277013157167
16,27,16.082146667456012
16,28,14.277584787528074
16,29,11.913922001182389
16,30,13.925591956618053
16,31,13.811328514305353
16,32,14.240111386762855
16,33,15.270573500401389
16,34,16.95370136866694
16,35,15.007190060197843
16,36,15.291607235112101
16,37,16.203641407911334
16,38,15.5873327741846
16,39,12.86753349792837
16,40,9.731907993914668
16,41,10.17440946291125
16,42,9.196438986909143
16,43,9.889016705279317
16,44,10.93723907531407
16,45,12.059206207254743
16,46,15.668863396614213
16,47,16.272608706846793
16,48,17.117210653898393
17,1,10.793002044126546
17,2,7.039051138222691
17,3,6.165986082563711
17,4,5.052019890325528
17,5,6.695983672589412
17,6,9.134698902956183
17,7,12.471087033207692
17,8,15.451672841638986
17,9,15.54059111458605
17,10,18.945567343739558
17,11,18.76144981647225
17,12,15.50135283332322
17,13,12.81821208086302
17,14,10.546901873054663
17,15,6.906489859946833
17,16,3.7995712330986313
17,18,3.797798577924218
17,19,7.14998089551613
17,20,6.320830731717406
17,21,6.330337162281767
17,22,7.052536046224035
17,23,9.935232193777034
17,24,10.818872071807894
17,25,14.065018547371885
17,26,15.351644235407846
17,27,16.88795433039078
17,28,14.354024616631774
17,29,12.106386137553798
17,30,13.953506689162401
17,31,14.273427971968939
17,32,14.058659384097695
17,33,15.787988753857752
17,34,18.173730045777678
17,35,16.862146824190855
17,36,17.735862831572117
17,37,19.14924686366318
17,38,18.878940366725093
17,39,15.964164365076495
17,40,12.510147523611524
17,41,12.077463301839668
17,42,9.909588740401892
17,43,10.044621919997143
17,44,9.872698557001812
17,45,10.861421385057497
17,46,14.63655316294604
17,47,14.439360929792633
17,48,14.770929685719072
18,1,10.890083782874957
18,2,7.697307656888626
18,3,7.191820356364891
18,4,7.714888503772571
18,5,9.090280747948583
18,6,12.21527390811855
18,7,15.400629555195177
18,8,18.665793635393456
18,9,18.891084116076797
18,10,22.095401415348576
18,11,22.479198437165728
18,12,19.261280865990912
18,13,16.448028266783233
18,14,14.030942115737187
18,15,10.403604714953591
18,16,6.864507309585364
18,17,3.797798577924218
18,19,6.293243786629973
18,20,7.3395838018056985
18,21,8.8919307748758
18,22,10.41682145477339
18,23,13.603287809591908
18,24,14.598699181962132
18,25,17.797017895783824
18,26,18.924691059593332
18,27,20.29414305614334
18,28,17.59284970839788
18,29,15.213145997357115
18,30,16.542844061072685
18,31,16.54444185718901
18,32,15.508247555068694
18,33,17.141389114599765
18,34,19.903605175707824
18,35,19.130574081676688
18,36,19.89533382565148
18,37,21.706208174593495
18,38,21.219340202094312
18,39,17.934004883002054
18,40,14.5567622822118
18,41,14.140451264734784
18,42,11.646990630622911
18,43,12.345582837435423
18,44,11.92124709174398
18,45,13.321374183375948
18,46,17.055984345875345
18,47,16.367334607391015
18,48,15.908733598149308
19,1,16.971405031482355
19,2,13.49789000361593
19,3,12.712024054467067
19,4,11.626266926547862
19,5,11.344387259226172
19,6,13.425592057469947
19,7,15.49831234477668
19,8,18.35835882174508
19,9,17.68306489829152
19,10,20.25725399758997
19,11,23.60867505635871
19,12,19.966594280763267
19,13,16.946265162584755
19,14,13.537090436674621
19,15,10.950254004796555
19,16,7.438232476579678
19,17,7.14998089551613
19,18,6.293243786629973
19,20,3.81575781474357
19,21,6.703012921991057
19,22,9.882669274156717
19,23,13.374247292768796
19,24,15.841855756939776
19,25,19.485380097950017
19,26,21.108094604927974
19,27,23.218908161565444
19,28,20.9796971926752
19,29,18.88295882678721
19,30,20.782162558082764
19,31,20.562891772649504
19,32,20.124211070465766
19,33,21.019921984172072
19,34,23.060178540759814
19,35,21.549975626150996
19,36,21.290912282461647
19,37,22.316449782287926
19,38,20.83079334811107
19,39,17.71330861984555
19,40,15.205946541324348
19,41,16.318645595631928
19,42,15.130622998753433
19,43,16.44452951797598
19,44,16.881584439550345
19,45,17.98669832337241
19,46,21.745724123627603
19,47,21.365084225522157
19,48,21.575653192234324
20,1,16.595865494179126
20,2,12.894995223084047
20,3,12.482530435527417
20,4,10.75656564611051
20,5,10.8544179737307
20,6,12.08837250505751
20,7,14.2008883202656
20,8,16.556870756839864
20,9,15.362695818626014
20,10,18.179650252097208
20,11,20.864209119019396
20,12,17.136978009923233
20,13,14.513022344838184
20,14,11.099884533668945
20,15,8.900825368106998
20,16,6.035196070112994
20,17,6.320830731717406
20,18,7.3395838018056985
20,19,3.81575781474357
20,21,3.796222826046386
20,22,6.464703446617665
20,23,10.095690213732173
20,24,12.804457846208765
20,25,16.566838596496993
20,26,18.653429477142087
20,27,20.717094139950316
20,28,18.50124769906978
20,29,16.9058339953737
20,30,19.36128560533222
20,31,19.671890562261954
20,32,19.888655160481434
20,33,21.083589109077575
20,34,22.908615193333898
20,35,20.968736402012254
20,36,20.917626478500683
20,37,21.496395141841695
20,38,20.246605608848085
20,39,17.575337340247323
20,40,15.006996937401505
20,41,16.039505415058894
20,42,15.001798155126176
20,43,15.61257453230261
20,44,15.879428329811516
20,45,16.301960535032798
20,46,19.920069166154573
20,47,19.6058485301836
20,48,20.444873458531152
21,1,16.756282625317745
21,2,12.953670157948626
21,3,11.925193410644843
21,4,9.199440545413763
21,5,8.699103100319434
21,6,8.938792564800949
21,7,10.76060921109075
21,8,12.850287251003055
21,9,11.613294563056114
21,10,14.583895405239105
21,11,17.305811554939492
21,12,13.559594488799044
21,13,10.825409080990125
21,14,7.320788465725903
21,15,5.576568951848533
21,16,4.006192622183212
21,17,6.330337162281767
21,18,8.8919307748758
21,19,6.703012921991057
21,20,3.796222826046386
21,22,3.8144092011301822
21,23,6.824262323225576
21,24,9.777761056168057
21,25,13.444009219161073
21,26,15.405906953546777
21,27,17.833319929178778
21,28,16.10280288813165
21,29,14.47491118547094
21,30,17.061420929794107
21,31,17.303290024350293
21,32,18.09528902559071
21,33,19.07364172836551
21,34,20.445623208587428
21,35,18.1014785714844
21,36,17.96925094952585
21,37,18.18659021682279
21,38,17.064344024185914
21,39,14.749740874630056
21,40,12.296467546647236
21,41,13.499533820805137
21,42,13.054198172326233
21,43,13.547665381174514
21,44,14.374539548883039
21,45,14.773548627158506
21,46,18.232806752201157
21,47,18.584029546315993
21,48,19.86246302836105
22,1,15.771744490887144
22,2,12.126743375700098
22,3,11.696418807934485
22,4,8.879974138921632
22,5,9.392020125067013
22,6,8.843740552981316
22,7,10.99285834037479
22,8,12.433453637573185
22,9,10.964070312749834
22,10,14.395939410924093
22,11,14.763033142881088
22,12,11.058457012963835
22,13,9.137318853366951
22,14,6.431991189116783
22,15,5.169931278355023
22,16,5.440156729648141
22,17,7.052536046224035
22,18,10.41682145477339
22,19,9.882669274156717
22,20,6.464703446617665
22,21,3.8144092011301822
22,23,3.8020847109930256
22,24,6.523441956942064
22,25,10.312724972831663
22,26,12.842925224933103
22,27,14.907501407054287
22,28,13.046744364777464
22,29,12.1092927935743
22,30,15.235748567327764
22,31,16.233317118740644
22,32,17.585683951104592
22,33,19.06572465486062
22,34,20.388883950358743
22,35,17.902346276686426
22,36,18.349325059217996
22,37,18.355424351445247
22,38,17.884448799187435
22,39,16.06620722540603
22,40,13.429867407875511
22,41,13.951232580609169
22,42,13.303647610308188
22,43,12.730559098226866
22,44,13.041159381911381
22,45,12.554623706386081
22,46,15.686247021285663
22,47,16.047415359808245
22,48,17.90500753052998
23,1,17.352175286626927
23,2,13.983511071638649
23,3,13.25288947550102
23,4,9.985414147594991
23,5,10.119356065574046
23,6,8.142425379237968
23,7,9.573675803487113
23,8,9.988936034627638
23,9,8.261693773339793
23,10,11.867135303503026
23,11,11.166141822746539
23,12,7.429472825641849
23,13,6.1377884021605285
23,14,4.449064490175307
23,15,5.293403926973172
23,16,7.726069327811511
23,17,9.935232193777034
23,18,13.603287809591908
23,19,13.374247292768796
23,20,10.095690213732173
23,21,6.824262323225576
23,22,3.8020847109930256
23,24,3.8045745265428126
23,25,7.232844348993763
23,26,9.947913742101042
23,27,12.3400668924235
23,28,11.258056772068297
23,29,10.77426818138151
23,30,14.107139757155943
23,31,15.266485640813599
23,32,17.377041130770216
23,33,18.686656927097857
23,34,19.42536398450404
23,35,16.526787958570146
23,36,17.022809274496563
23,37,16.458579840837245
23,38,16.35932554072176
23,39,15.285219361148457
23,40,13.028192324110412
23,41,13.49647480184301
23,42,13.512704382595482
23,43,12.521279236564958
23,44,13.232838894530097
23,45,12.41919156746434
23,46,14.954796187971235
23,47,16.032841054915245
23,48,18.425997981500018
24,1,15.772753002558714
24,2,12.910953998206896
24,3,12.343769294756035
24,4,9.373970055192336
24,5,10.280596847272454
24,6,8.190871665292079
24,7,10.097344583779758
24,8,10.355445870444465
24,9,9.611798073495894
24,10,13.35994319591386
24,11,8.895686534893976
24,12,5.7071642587598985
24,13,5.554890186810037
24,14,6.199067221742197
24,15,6.495167224633669
24,16,9.322094052546477
24,17,10.818872071807894
24,18,14.598699181962132
24,19,15.841855756939776
24,20,12.804457846208765
24,21,9.777761056168057
24,22,6.523441956942064
24,23,3.8045745265428126
24,25,3.800182991808014
24,26,6.743132365199877
24,27,8.635368769861842
24,28,7.513509413950136
24,29,7.486309194251125
24,30,11.054763570705745
24,31,12.834149375716835
24,32,15.345851826071144
24,33,17.063055509109336
24,34,17.825776734813928
24,35,15.12099107003452
24,36,16.389754353861054
24,37,16.06378622174595
24,38,16.840297853192183
24,39,15.986478684988
24,40,13.44927671347881
24,41,12.925219818393444
24,42,12.605607691431592
24,43,10.660651968392107
24,44,10.989418641556261
24,45,9.616598084152658
24,46,11.60453441470495
24,47,13.091143102797822
24,48,15.80605141496028
25,1,17.233102942551156
25,2,14.96633057727489
25,3,14.319820167821034
25,4,11.589775956836295
25,5,12.428224915970011
25,6,9.875371427792151
25,7,11.188007437932317
25,8,10.599185015831155
25,9,10.418960527808304
25,10,13.832849747726017
25,11,5.845600709309118
25,12,4.058692895403179
25,13,5.9998471637385435
25,14,8.506254274069043
25,15,9.43054711865735
25,16,12.617575402439897
25,17,14.065018547371885
25,18,17.797017895783824
25,19,19.485380097950017
25,20,16.566838596496993
25,21,13.444009219161073
25,22,10.312724972831663
25,23,7.232844348993763
25,24,3.800182991808014
25,26,3.7989701571818535
25,27,5.423314803766904
25,28,5.741878832521683
25,29,6.725444307896092
25,30,10.024859775408434
25,31,12.160605423560076
25,32,15.311357527830879
25,33,16.989335909652358
25,34,17.264573240781107
25,35,14.529051488676581
25,36,16.200333558448726
25,37,15.609334406538997
25,38,17.1042428599763
25,39,16.910598053580426
25,40,14.689261658347018
25,41,13.704039241298226
25,42,13.705553665238165
25,43,11.24958598504546
25,44,11.6506838404165
25,45,9.961964245930986
25,46,10.748837281126484
25,47,13.005421785133898
25,48,16.059202711248716
26,1,17.55906172313278
26,2,15.675045889603002
26,3,14.384601110721333
26,4,11.764976205861272
26,5,12.166398598778201
26,6,9.472870909433196
26,7,10.414685120064158
26,8,9.797216567657097
26,9,10.916254599188642
26,10,14.013796604690105
26,11,4.824394103936293
26,12,4.852904874926439
26,13,6.250589857988251
26,14,9.651289061580798
26,15,10.444976989247538
26,16,13.787277013157167
26,17,15.351644235407846
26,18,18.924691059593332
26,19,21.108094604927974
26,20,18.653429477142087
26,21,15.405906953546777
26,22,12.842925224933103
26,23,9.947913742101042
26,24,6.743132365199877
26,25,3.7989701571818535
26,27,3.8062674939510566
26,28,5.942549918564025
26,29,5.809389607445928
26,30,7.898628346612152
26,31,9.549697736282814
26,32,13.110725429268014
26,33,14.421413561450388
26,34,14.230177547150955
26,35,11.568896408439027
26,36,13.620329249638072
26,37,13.192816443906125
26,38,15.377982850049271
26,39,15.474147219092917
26,40,13.437443921756927
26,41,11.932541431796864
26,42,12.318625548874893
26,43,9.858735809949454
26,44,10.940471027046078
26,45,10.027266029599085
26,46,10.297218154295741
26,47,13.409808343597934
26,48,16.070345310989573
27,1,16.86169847094296
27,2,15.678946232832834
27,3,15.076333535617946
27,4,13.251075453445829
27,5,14.539647316115573
27,6,12.504529881059012
27,7,13.988281924177823
27,8,13.599407369999117
27,9,14.592788226954978
27,10,17.698711038707668
27,11,7.174414724810102
27,12,8.02818142984143
27,13,9.866219395898343
27,14,12.954576208069
27,15,13.178691841199376
27,16,16.082146667456012
27,17,16.88795433039078
27,18,20.29414305614334
27,19,23.218908161565444
27,20,20.717094139950316
27,21,17.833319929178778
27,22,14.907501407054287
27,23,12.3400668924235
27,24,8.635368769861842
27,25,5.423314803766904
27,26,3.8062674939510566
27,28,3.8188789291833953
27,29,5.553099295218769
27,30,7.367782319981103
27,31,10.176672419317347
27,32,13.600253363210138
27,33,15.598023195144567
27,34,15.795673588119573
27,35,13.825836654491438
27,36,16.479347533697236
27,37,16.443000161502088
27,38,18.920620030792982
27,39,18.894738544223284
27,40,16.593509341730865
27,41,14.516347889261054
27,42,14.150594853605176
27,43,10.95576586531787
27,44,10.901145302223119
27,45,9.07913816134621
27,46,8.017332241976316
27,47,11.226456005818127
27,48,14.183793960948348
28,1,13.564601577918488
28,2,12.42611115897438
28,3,12.487649826680235
28,4,11.171973367505688
28,5,13.334770286640625
28,6,12.110133832387039
28,7,14.490737261164016
28,8,14.892673069578533
28,9,15.565157538553276
28,10,19.083400746958233
28,11,9.975511495279983
28,12,9.47692988003477
28,13,10.548477905225745
28,14,12.72959477409518
28,15,12.040923278237878
28,16,14.277584787528074
28,17,14.354024616631774
28,18,17.59284970839788
28,19,20.9796971926752
28,20,18.50124769906978
28,21,16.10280288813165
28,22,13.046744364777464
28,23,11.258056772068297
28,24,7.513509413950136
28,25,5.741878832521683
28,26,5.942549918564025
28,27,3.8188789291833953
28,29,3.819784712172329
28,30,6.715936441186694
28,31,10.17942594937897
28,32,12.915230939128241
28,33,15.594134664857476
28,34,16.664628241129503
28,35,15.034301025827254
28,36,17.76781947955863
28,37,18.23677342978067
28,38,20.333892397608906
28,39,19.619643452720727
28,40,16.758489479062327
28,41,14.540545949638569
28,42,13.280524022559602
28,43,9.756562678349114
28,44,8.591600438257583
28,45,5.874930593016718
28,46,5.237081362699957
28,47,7.82538438993675
28,48,11.00725777017167
29,1,11.866589795512542
29,2,10.444967521558565
29,3,9.546605257513656
29,4,8.078603376752412
29,5,10.03808239710909
29,6,9.216284343132878
29,7,11.9320485818247
29,8,13.088205753046964
29,9,14.426869718349849
29,10,17.984871445154376
29,11,10.597830298027079
29,12,9.571773403243466
29,13,9.271061508674993
29,14,11.175856481324892
29,15,9.841951625422162
29,16,11.913922001182389
29,17,12.106386137553798
29,18,15.213145997357115
29,19,18.88295882678721
29,20,16.9058339953737
29,21,14.47491118547094
29,22,12.1092927935743
29,23,10.77426818138151
29,24,7.486309194251125
29,25,6.725444307896092
29,26,5.809389607445928
29,27,5.553099295218769
29,28,3.819784712172329
29,30,3.797272649360067
29,31,6.7661889658663155
29,32,9.379275658316855
29,33,11.971502616473225
29,34,13.294967072485935
29,35,11.833137556965287
29,36,14.639483713802111
29,37,15.642230694930785
29,38,17.693208014837523
29,39,16.576254690564927
29,40,13.490020917942974
29,41,10.955653169165812
29,42,9.498557665993284
29,43,5.9574315647652965
29,44,5.468196385783989
29,45,4.3688957435495945
29,46,5.4241551398115115
29,47,8.370519754888589
29,48,10.501340930841385
30,1,11.972106092221596
30,2,11.377900770449703
30,3,9.906426485362543
30,4,9.230664280677557
30,5,10.84076030416253
30,6,10.53655149372623
30,7,13.034757537065849
30,8,14.473328328398146
30,9,16.59295062337761
30,10,19.878513609549525
30,11,12.579124839120537
30,12,12.22850725510317
30,13,11.621080204611342
30,14,13.684124038214428
30,15,12.147131454719991
30,16,13.925591956618053
30,17,13.953506689162401
30,18,16.542844061072685
30,19,20.782162558082764
30,20,19.36128560533222
30,21,17.061420929794107
30,22,15.235748567327764
30,23,14.107139757155943
30,24,11.054763570705745
30,25,10.024859775408434
30,26,7.898628346612152
30,27,7.367782319981103
30,28,6.715936441186694
30,29,3.797272649360067
30,31,3.831251908476324
30,32,6.461636808510238
30,33,9.221053190155105
30,34,10.685226038098767
30,35,10.142606832830854
30,36,13.545570296431356
30,37,15.209759348056705
30,38,17.72995589377597
30,39,16.577785106800317
30,40,13.56491627607229
30,41,10.3008145270012
30,42,8.667648379045392
30,43,5.136109616974124
30,44,5.108629022113543
30,45,5.79290967870149
30,46,5.875818207509224
30,47,9.267970612747307
30,48,10.33346759549965
31,1,13.41603493078883
31,2,12.62037265105943
31,3,10.086358571528443
31,4,9.223354739340051
31,5,9.671796708880516
31,6,9.605962806399384
31,7,11.655112114750834
31,8,13.521901844157032
31,9,16.30322991686238
31,10,19.24442402017894
31,11,13.764169543780548
31,12,13.33618559026674
31,13,11.897565124993035
31,14,13.739978961698593
31,15,12.164086846230704
31,16,13.811328514305353
31,17,14.273427971968939
31,18,16.54444185718901
31,19,20.562891772649504
31,20,19.671890562261954
31,21,17.303290024350293
31,22,16.233317118740644
31,23,15.266485640813599
31,24,12.834149375716835
31,25,12.160605423560076
31,26,9.549697736282814
31,27,10.176672419317347
31,28,10.17942594937897
31,29,6.7661889658663155
31,30,3.831251908476324
31,32,3.799025410443975
31,33,5.537581730350444
31,34,6.926320614567305
31,35,6.862793537852958
31,36,10.411838579653317
31,37,12.701928856161981
31,38,15.281837391529377
31,39,13.97103801311194
31,40,11.143656479622164
31,41,7.528712550052894
31,42,6.370431836879672
31,43,4.2451217925771925
31,44,6.394915663369911
31,45,8.743348083124864
31,46,9.541104984735393
31,47,12.622615867701887
31,48,12.960462648753168
32,1,12.02751807788672
32,2,11.73144193456359
32,3,8.94125672621334
32,4,9.281644625279608
32,5,9.898453200607593
32,6,11.159320210787392
32,7,13.541829794446663
32,8,16.081490977414276
32,9,18.882477202571593
32,10,21.812544393791494
32,11,17.424425191268867
32,12,16.635414483247352
32,13,14.721231416488527
32,14,15.843712158233114
32,15,13.55840987738744
32,16,14.240111386762855
32,17,14.058659384097695
32,18,15.508247555068694
32,19,20.124211070465766
32,20,19.888655160481434
32,21,18.09528902559071
32,22,17.585683951104592
32,23,17.377041130770216
32,24,15.345851826071144
32,25,15.311357527830879
32,26,13.110725429268014
32,27,13.600253363210138
32,28,12.915230939128241
32,29,9.379275658316855
32,30,6.461636808510238
32,31,3.799025410443975
32,33,3.8201130423018177
32,34,7.045326383162634
32,35,8.461727885692632
32,36,11.65765985273025
32,37,14.680328336821713
32,38,16.863355940609768
32,39,14.889162268004561
32,40,11.849393889161458
32,41,8.0799807586413
32,42,5.776329116141493
32,43,4.908301264448009
32,44,6.460103830567805
32,45,9.78478463174158
32,46,11.01226596722676
32,47,13.323362197337142
32,48,12.57067625155231
33,1,15.461063257817136
33,2,14.788231509605966
33,3,11.492725435415334
33,4,11.154750074201427
33,5,10.416597923330142
33,6,11.355300862098026
33,7,12.819887362739138
33,8,15.353128340644442
33,9,18.60770162182452
33,10,21.032376884379637
33,11,18.113252325777733
33,12,17.45385293091175
33,13,15.188349457239594
33,14,16.282848629209056
33,15,14.420644202585414
33,16,15.270573500401389
33,17,15.787988753857752
33,18,17.141389114599765
33,19,21.019921984172072
33,20,21.083589109077575
33,21,19.07364172836551
33,22,19.06572465486062
33,23,18.686656927097857
33,24,17.063055509109336
33,25,16.989335909652358
33,26,14.421413561450388
33,27,15.598023195144567
33,28,15.594134664857476
33,29,11.971502616473225
33,30,9.221053190155105
33,31,5.537581730350444
33,32,3.8201130423018177
33,34,3.788965584029179
33,35,6.177122380204612
33,36,8.939869908928852
33,37,12.400858597271574
33,38,14.567810406763195
33,39,12.699531537936783
33,40,10.308279595024493
33,41,6.767012120093022
33,42,6.088021898724342
33,43,7.141524539126323
33,44,9.821079974728757
33,45,13.176607701355755
33,46,14.471523077302647
33,47,17.01666121107418
33,48,16.38723135552627
34,1,18.87473851280968
34,2,17.945793582866155
34,3,14.604516796633295
34,4,13.50657392681464
34,5,12.059749876526551
34,6,11.930146240437706
34,7,12.292378865706596
34,8,14.156632778831664
34,9,17.768619205059444
34,10,19.668550045909225
34,11,17.132999877808203
34,12,16.983368889488816
34,13,14.910784148194992
34,14,16.479001359691512
34,15,15.4417299234752
34,16,16.95370136866694
34,17,18.173730045777678
34,18,19.903605175707824
34,19,23.060178540759814
34,20,22.908615193333898
34,21,20.445623208587428
34,22,20.388883950358743
34,23,19.42536398450404
34,24,17.825776734813928
34,25,17.264573240781107
34,26,14.230177547150955
34,27,15.795673588119573
34,28,16.664628241129503
34,29,13.294967072485935
34,30,10.685226038098767
34,31,6.926320614567305
34,32,7.045326383162634
34,33,3.788965584029179
34,35,3.7867350447353516
34,36,6.448202144406345
34,37,9.778404912010958
34,38,12.444603686356512
34,39,11.431964305984895
34,40,10.052793537583046
34,41,7.137078878231774
34,42,8.319202219220681
34,43,9.418183320995979
34,44,12.548021316560403
34,45,15.48539518424695
34,46,16.436553881873518
34,47,19.45297567507185
34,48,19.320239772783534
35,1,19.248657925524217
35,2,17.688142669054496
35,3,14.369005294402479
35,4,12.343082451561152
35,5,10.419521019503689
35,6,9.241774540890049
35,7,8.960472495384748
35,8,10.43947187825726
35,9,14.104168088597273
35,10,15.938767526020854
35,11,13.953043209473552
35,12,13.672431210074889
35,13,11.536218425108771
35,14,13.29626811023171
35,15,12.890569169244642
35,16,15.007190060197843
35,17,16.862146824190855
35,18,19.130574081676688
35,19,21.549975626150996
35,20,20.968736402012254
35,21,18.1014785714844
35,22,17.902346276686426
35,23,16.526787958570146
35,24,15.12099107003452
35,25,14.529051488676581
35,26,11.568896408439027
35,27,13.825836654491438
35,28,15.034301025827254
35,29,11.833137556965287
35,30,10.142606832830854
35,31,6.862793537852958
35,32,8.461727885692632
35,33,6.177122380204612
35,34,3.7867350447353516
35,36,3.808719032771165
35,37,6.520772062476379
35,38,9.3997492226448
35,39,8.834677970558323
35,40,7.644592430101878
35,41,5.316588634296429
35,42,7.768310123380246
35,43,8.752310162420388
35,44,12.296228865609061
35,45,14.780321967848574
35,46,15.969235192720387
35,47,19.13936002412096
35,48,19.67533355815827
36,1,21.840808488637684
36,2,19.84585343547224
36,3,16.32911927353256
36,4,13.884814523248929
36,5,11.050115212930253
36,6,9.587397833548762
36,7,7.996707589429326
36,8,9.332714322084342
36,9,13.08126557559575
36,10,14.180759960144707
36,11,15.110096597699036
36,12,14.511151085137083
36,13,11.936887379671338
36,14,13.122458509001776
36,15,13.234830793266838
