1,2,3.804075443404186
1,3,5.431442092110714
1,4,6.282300231367892
1,5,8.033771840474671
1,6,9.625046347991841
1,7,11.072584459493266
1,8,12.000090396650014
1,9,14.272115651705636
1,10,15.310990146532413
1,11,16.47039341569573
1,12,18.627628403792695
1,13,20.337827862315255
1,14,21.269692218198657
1,15,22.732273679474964
1,16,24.582052753363673
1,17,25.802618645337116
1,18,27.2840220998505
1,19,28.65328756833914
1,20,30.381661858346973
1,21,31.883497188013294
1,22,33.65635574823713
1,23,34.542829925238166
1,24,36.367673158049236
1,25,38.186902958136336
1,26,39.66800114377911
1,27,41.068649287757616
1,28,44.85083613315112
1,29,46.007838960548504
1,30,49.07397231008279
1,31,51.03578329004059
1,32,49.42065910742993
1,33,50.90679987211597
1,34,48.86677287894494
1,35,48.08858825992519
1,36,46.45448600977692
1,37,44.13109303765522
1,38,42.59204947989328
1,39,42.38323145669302
1,40,40.08924558040696
1,41,38.11086022793268
1,42,37.683886378046225
1,43,36.31756521374257
1,44,33.83181529051421
1,45,32.69501087449079
1,46,32.75413748003414
1,47,30.498555574400882
1,48,28.174454468367106
1,49,28.15422189032634
1,50,27.214549824305752
1,51,24.254728952240036
1,52,23.211351360584324
1,53,23.293941575784196
1,54,20.811835988604784
1,55,18.465576092173045
1,56,19.26868085116413
1,57,19.083973521123816
1,58,15.497495798624438
1,59,14.87182867503225
1,60,16.496352411068024
1,61,14.503511941164659
1,62,11.038999074400115
1,63,13.019171299500847
1,64,14.503273866277345
1,65,11.26940016145938
1,66,10.192598817070852
1,67,13.738244618504877
1,68,13.972740528628284
1,69,11.390680355878203
1,70,13.30455887725808
1,71,12.221446000518231
1,72,14.75070567022096
1,73,16.16063517103859
1,74,16.18375352078494
1,75,12.387542114364695
1,76,12.625895509950062
1,77,14.960156976608605
1,78,13.332047749477653
1,79,10.039374146997487
1,80,12.729917133091082
1,81,14.638735631358252
1,82,12.210369302865494
1,83,11.362127159891793
1,84,15.14787032196646
1,85,15.890523417802516
1,86,14.04785729320794
1,87,16.19198137742601
1,88,19.163421509974846
1,89,19.057587332162615
1,90,18.85849525041176
1,91,21.84216664216036
1,92,23.786985694733758
1,93,23.724384946331057
1,94,24.64861719667883
1,95,27.543387143475883
1,96,28.45066388642901
1,97,28.55464162956526
1,98,30.892248223108332
1,99,33.1724603855859
1,100,33.585895038559585
1,101,34.35198865588403
1,102,37.69514928120995
1,103,38.32730729246269
1,104,42.01014066273062
1,105,44.13135499296547
1,106,42.20548287428449
1,107,44.02184458163921
1,108,43.31230148404901
1,109,45.620316178372356
1,110,47.781069766840616
1,111,50.32982275369059
2,1,3.804075443404186
2,3,3.816151909775624
2,4,5.147331121305896
2,5,5.125300271297038
2,6,6.445469736697034
2,7,8.825504196932267
2,8,9.672259952498973
2,9,11.200330168072803
2,10,12.476296475634346
2,11,14.192974765920523
2,12,15.954477513746696
2,13,17.384983845764005
2,14,18.771689999895987
2,15,20.37776217894699
2,16,21.801333419524234
2,17,23.065513138807024
2,18,24.911498037188565
2,19,26.14953890558555
2,20,27.573452645375706
2,21,29.26255464451217
2,22,31.22049371775452
2,23,31.84089227421522
2,24,33.54543513989019
2,25,35.60385176521169
2,26,37.08652490606345
2,27,38.24093659275478
2,28,42.00732144706642
2,29,43.1470353262158
2,30,46.108416932516086
2,31,47.927615788006214
2,32,46.258383240168776
2,33,47.63914338045674
2,34,45.485279678228956
2,35,44.75527257832585
2,36,43.24809042158536
2,37,40.8288513984834
2,38,39.22104001079851
2,39,39.18020655400165
2,40,36.92381007600065
2,41,34.77980302848301
2,42,34.40674756398331
2,43,33.238528873293525
2,44,30.656041446666737
2,45,29.387211410306726
2,46,29.66487381461732
2,47,27.535858360909334
2,48,24.977677829177054
2,49,24.988550138669748
2,50,24.37726851213828
2,51,21.36746238081445
2,52,20.046291196086482
2,53,20.42177105101432
2,54,18.221396024655004
2,55,15.474819221764411
2,56,16.310769195731048
2,57,16.700367064098586
2,58,13.162201176495826
2,59,12.077542706877146
2,60,14.257072090247712
2,61,12.958309370474991
2,62,9.335015986455403
2,63,11.146488242752321
2,64,13.487149737147762
2,65,10.962279855773307
2,66,9.557983069258695
2,67,13.272066044555238
2,68,14.400590725713718
2,69,12.544943948063949
2,70,14.92606900845851
2,71,13.411777887334363
2,72,15.321991121763952
2,73,15.915827479549659
2,74,15.477184287527061
2,75,11.880770810775635
2,76,11.69538998129369
2,77,13.221804783129096
2,78,11.221724945037195
2,79,7.790823746771095
2,80,10.150769158140948
2,81,11.565055620935063
2,82,8.790292365436018
2,83,7.806886851777327
2,84,11.615621916089307
2,85,12.141202568971556
2,86,10.261316145833357
2,87,12.556095360247067
2,88,15.40209991584958
2,89,15.307884242110324
2,90,15.300740136191855
2,91,18.245301766435123
2,92,20.084068406337853
2,93,20.20263828117793
2,94,21.25465715190859
2,95,23.991720521400097
2,96,24.925598360167214
2,97,25.25979373718534
2,98,27.55611163137309
2,99,29.695385427006126
2,100,30.239052244538385
2,101,31.164855918449643
2,102,34.40139235344438
2,103,34.96258956875887
2,104,38.62380540735789
2,105,40.84584012086283
2,106,39.08192492999035
2,107,41.06629766604245
2,108,40.343921555026235
2,109,42.51702726457768
2,110,44.535677379850874
2,111,46.983629100072285
3,1,5.431442092110714
3,2,3.816151909775624
3,4,3.8062706816828173
3,5,5.291956173713361
3,6,4.9399363834533085
3,7,6.201563937813451
3,8,8.314645512452412
3,9,10.185856781053657
3,10,10.35997365730214
3,11,11.950158149165727
3,12,14.425843314396868
3,13,15.579350726830146
3,14,16.32998931287006
3,15,18.260743512878335
3,16,20.039045127526702
3,17,20.846793818839004
3,18,22.485878060653334
3,19,24.156923539914402
3,20,25.660633381622848
3,21,26.94505171185804
3,22,28.966137856059976
3,23,29.95081036159142
3,24,31.51251983792692
3,25,33.313093152786884
3,26,35.036545985458204
3,27,36.3875110341897
3,28,40.14314146432134
3,29,41.08705363019328
3,30,44.09908106142529
3,31,46.13553179424021
3,32,44.69997409816811
3,33,46.34683944651426
3,34,44.40458164925217
3,35,43.869183483409046
3,36,42.11440125216887
3,37,39.649751344197334
3,38,38.36937485224112
3,39,38.286187874641264
3,40,35.74792740196977
3,41,33.83237393031586
3,42,33.775239117103425
3,43,32.35064956734377
3,44,29.597949084417227
3,45,28.78198944994771
3,46,29.167866980605726
3,47,26.65877792566974
3,48,24.25660890221096
3,49,24.812932854253436
3,50,24.041775824787965
3,51,20.708031739278248
3,52,19.9482840946591
3,53,20.782628626147524
3,54,18.217423467232866
3,55,15.633782909653167
3,56,17.30699905446559
3,57,17.7417977093358
3,58,14.018284636578501
3,59,13.661142764631277
3,60,16.359820145569326
3,61,14.917223468360644
3,62,11.711259382187098
3,63,14.139042803011138
3,64,16.44562415613208
3,65,13.897422944685898
3,66,13.098339548551214
3,67,16.880998415159553
3,68,17.758570083538746
3,69,15.897641770566677
3,70,18.269758633477196
3,71,16.926206581272748
3,72,18.937834759802755
3,73,19.691431136945575
3,74,19.079493488244115
3,75,15.488978092040318
3,76,15.486047217733978
3,77,16.788520202924566
3,78,14.449688571068156
3,79,11.250782887462478
3,80,13.415862991384293
3,81,14.279761010269395
3,82,10.962590849118824
3,83,9.905540083426837
3,84,13.52570746308186
3,85,13.317298414223071
3,86,10.621376207388593
3,87,13.101975999476252
3,88,15.976147537745058
3,89,15.035817176885578
3,90,14.631626852822322
3,91,18.025778696650136
3,92,19.650933334427773
3,93,19.055643923108853
3,94,20.199291322252908
3,95,23.25527512109382
3,96,23.7624815254262
3,97,23.712902242883057
3,98,26.332014056311387
3,99,28.535101352719288
3,100,28.636898943807804
3,101,29.46788450862826
3,102,32.892914672797495
3,103,33.37454413284328
3,104,37.03301060496654
3,105,38.99759763167304
3,106,36.98718041773559
3,107,38.7787464509422
3,108,38.21589220188153
3,109,40.63226277075683
3,110,42.80793917081594
3,111,45.467670513377165
4,1,6.282300231367892
4,2,5.147331121305896
4,3,3.8062706816828173
4,5,3.808088143507082
4,6,5.614476615345491
4,7,5.465818446621527
4,8,5.966205426977826
4,9,8.890179060851255
4,10,9.818982710530873
4,11,10.333777546745484
4,12,12.627185709562921
4,13,14.63566367126509
4,14,15.34139814300766
4,15,16.535006450981097
4,16,18.593838960253656
4,17,19.931634537689735
4,18,21.1797464241907
4,19,22.47860249925654
4,20,24.401990260690464
4,21,25.894365584371638
4,22,27.48852732679931
4,23,28.45001838592797
4,24,30.412687700168494
4,25,32.11981752757384
4,26,33.51149223820831
4,27,35.045935360131466
4,28,38.833668251031575
4,29,40.074731560813554
4,30,43.2444095974244
4,31,45.30293625183823
4,32,43.695566495134855
4,33,45.3054862985656
4,34,43.465200931480204
4,35,42.655254199238776
4,36,40.80320842891237
4,37,38.609029773923886
4,38,37.24148642784028
4,39,36.81321189703503
4,40,34.40452028369402
4,41,32.695340888363724
4,42,32.32572653056373
4,43,30.660605432997315
4,44,28.213937550966776
4,45,27.408598051499897
4,46,27.330246037073334
4,47,24.78703899620655
4,48,22.738490833781263
4,49,23.034785995369045
4,50,21.791844898575967
4,51,18.645449018284474
4,52,18.184444362714128
4,53,18.525761093826365
4,54,15.621553373058923
4,55,13.584693876288295
4,56,15.302725939109056
4,57,15.068145835001719
4,58,11.264065717435008
4,59,11.720516266240642
4,60,14.150538552003567
4,61,12.158514902305273
4,62,9.47075279755198
4,63,12.615343547592822
4,64,14.407730644840509
4,65,11.852620132649184
4,66,12.089537347717227
4,67,15.86905267326783
4,68,16.30217074625861
4,69,14.969799934226746
4,70,17.860510340309823
4,71,17.24155913302863
4,72,19.6844935075313
4,73,20.19297237977037
4,74,20.217557537747904
4,75,16.666472794173803
4,76,15.858772799081995
4,77,17.492732806552667
4,78,15.855033502095567
4,79,12.236016736256756
4,80,13.592319410249669
4,81,15.13137686996726
4,82,12.311790448390987
4,83,10.08874882275099
4,84,13.537369916025787
4,85,14.143483093822383
4,86,11.13402965603519
4,87,12.567580113724647
4,88,15.995336658355248
4,89,15.529335504410028
4,90,14.29805941261312
4,91,17.397252365405404
4,92,19.659267799044137
4,93,19.06153352681342
4,94,19.478555446299683
4,95,22.719017633985963
4,96,23.677569767312267
4,97,23.24915242296706
4,98,25.521826356839952
4,99,28.11825622510774
4,100,28.431470142845683
4,101,28.808005657819987
4,102,32.25619206917722
4,103,33.16732590802848
4,104,36.91338587373557
4,105,39.02707532262204
4,106,36.916938154470785
4,107,38.51748191493473
4,108,37.60974194514205
4,109,39.95809369937248
4,110,42.308582961536636
4,111,44.95195666609426
5,1,8.033771840474671
5,2,5.125300271297038
5,3,5.291956173713361
5,4,3.808088143507082
5,6,3.8172013655522177
5,7,5.4483089631096915
5,8,4.843897935616053
5,9,6.398315974980442
5,10,8.4024265584252
5,11,9.710925516664394
5,12,11.014447489286084
5,13,12.86139096509555
5,14,14.470549562566537
5,15,15.643871254971334
5,16,16.99555232070871
5,17,18.638958335991727
5,18,20.40470467095007
5,19,21.31809225396022
5,20,22.86144204626954
5,21,24.771592432248518
5,22,26.52959834101171
5,23,27.01251292296757
5,24,28.924002155955453
5,25,31.01475069203049
5,26,32.28290148670745
5,27,33.46003339665291
5,28,37.23917659435844
5,29,38.56350033461084
5,30,41.60418713011211
5,31,43.413324185136354
5,32,41.63219259425834
5,33,43.00712757946195
5,34,40.948563853477125
5,35,40.0846281133851
5,36,38.47620921386761
5,37,36.20785798020607
5,38,34.60489900181193
5,39,34.359541173568616
5,40,32.12536283409902
5,41,30.13179697926354
5,42,29.65319955071123
5,43,28.310235490506386
5,44,25.843920992816287
5,45,24.670970556701484
5,46,24.757899423481497
5,47,22.52993414186569
5,48,20.142652789834703
5,49,20.198148110832566
5,50,19.37687263080358
5,51,16.320878910704533
5,52,15.263241580389227
5,53,15.706948235660487
5,54,13.280613229947573
5,55,10.657173101578072
5,56,12.086982246636579
5,57,12.480613238766919
5,58,8.809402442596994
5,59,8.475944621007477
5,60,11.365693467510598
5,61,10.244193132055006
5,62,7.441610894204893
5,63,10.145159703836164
5,64,12.65972771078118
5,65,10.937674580480502
5,66,10.783210288381609
5,67,14.4251052784113
5,68,15.636209059990371
5,69,14.908535280064584
5,70,18.03585516539238
5,71,17.08252517461689
5,72,19.014547361428537
5,73,18.835694349476707
5,74,18.63908377287337
5,75,15.42626164907106
5,76,14.176102815303153
5,77,15.168129022523365
5,78,13.580669391232865
5,79,10.085346308134394
5,80,10.72388376466439
5,81,11.966758391920365
5,82,9.310201696750248
5,83,6.587322318256068
5,84,9.818213493598302
5,85,10.597050936896268
5,86,7.671547340894223
5,87,8.894126625485521
5,88,12.34347330756095
5,89,12.298019048256112
5,90,11.275523106775356
5,91,14.133051145817074
5,92,16.48024889942842
5,93,16.396470482225524
5,94,16.8471114593082
5,95,19.80241217676601
5,96,21.033034677672553
5,97,21.011091983081528
5,98,23.071782057605844
5,99,25.51960511114866
5,100,26.195325668309255
5,101,26.76961250151551
5,102,30.021803521525165
5,103,30.91626113292009
5,104,34.65143860592483
5,105,36.99869248717366
5,106,35.16810234178555
5,107,37.030873090012285
5,108,36.0259022851698
5,109,38.116609717595125
5,110,40.25203600387913
5,111,42.694169420583606
6,1,9.625046347991841
6,2,6.445469736697034
6,3,4.9399363834533085
6,4,5.614476615345491
6,5,3.8172013655522177
6,7,3.8063574917392575
6,8,5.534944454647811
6,9,5.767184768301911
6,10,6.193687805935261
6,11,8.684176156613669
6,12,10.428566835466707
6,13,11.181196389663846
6,14,12.643576167955782
6,15,14.666772946295437
6,16,15.828946458894134
6,17,16.781858278348317
6,18,18.885307206696208
6,19,20.288558759648364
6,20,21.429831755160972
6,21,23.016932459834816
6,22,25.20585777434492
6,23,25.818835226397194
6,24,27.29609932512067
6,25,29.399216402386873
6,26,31.05285363390683
6,27,32.11752581186561
6,28,35.86024042798372
6,29,36.848035792635685
6,30,39.769546756593265
6,31,41.64022976928889
6,32,40.10157862734069
6,33,41.62962966765999
6,34,39.59089145906776
6,35,39.068312186387
6,36,37.41858866872297
6,37,34.890174783402614
6,38,33.54097335689181
6,39,33.58494079481189
6,40,31.086379955498902
6,41,29.031642084454113
6,42,29.024615412578985
6,43,27.768312737258682
6,44,24.92320473076461
6,45,24.013228598483533
6,46,24.621256585052613
6,47,22.2152425438313
6,48,19.587850650951193
6,49,20.272350246918943
6,50,19.850358933450206
6,51,16.432277314318952
6,52,15.483680797881993
6,53,16.80857744409366
6,54,14.573594428050056
6,55,11.606055899601772
6,56,13.637232422118908
6,57,14.798587976158563
6,58,11.365114570109355
6,59,10.838609185609135
6,60,14.23636115273691
6,61,13.698571741186937
6,62,11.00688163181836
6,63,13.243255327014666
6,64,16.15112356080099
6,65,14.596270415681252
6,66,13.944692519373998
6,67,17.5473323887954
6,68,19.076720007253368
6,69,18.084741228335798
6,70,20.918077894543057
6,71,19.477285308567932
6,72,21.037379579397204
6,73,20.923929821093907
6,74,20.081710266342608
6,75,16.941837814555047
6,76,16.281169884432714
6,77,16.683638120605202
6,78,14.343779717905617
6,79,11.400350796933939
6,80,12.409323303069485
6,81,12.528182212944756
6,82,9.15612440688412
6,83,7.4961492061283534
6,84,10.362013294343308
6,85,9.714480849473405
6,86,6.339304449045197
6,87,8.667466158612315
6,88,11.475799016106977
6,89,10.317741654892648
6,90,9.694497711315599
6,91,13.14544295930295
6,92,14.757700912084742
6,93,14.20631575393416
6,94,15.342182938687781
6,95,18.324918619893776
6,96,18.925842623632285
6,97,19.01404194990876
6,98,21.541261625559816
6,99,23.688735433196
6,100,23.975462536702462
6,101,24.880309144474193
6,102,28.200319615647732
6,103,28.714857533131614
6,104,32.38900664970838
6,105,34.52264738711822
6,106,32.67149034114937
6,107,34.62232967402746
6,108,33.93986576062906
6,109,36.173455634401726
6,110,38.23075822735446
6,111,40.77878797563378
7,1,11.072584459493266
7,2,8.825504196932267
7,3,6.201563937813451
7,4,5.465818446621527
7,5,5.4483089631096915
7,6,3.8063574917392575
7,8,3.8178191445311658
7,9,5.486915103113003
7,10,4.6623263898601195
7,11,5.788766611611298
7,12,8.580571779726364
7,13,9.742674390400559
7,14,10.21681198109771
7,15,12.076955771575177
7,16,13.991197291661896
7,17,14.813088116790091
7,18,16.318116483028344
7,19,17.976557907308823
7,20,19.58495767388175
7,21,20.851607854278605
7,22,22.77472039078459
7,23,23.812829112804373
7,24,25.45642797985054
7,25,27.183512452173268
7,26,28.856226813336878
7,27,30.29921164020624
7,28,34.06045858825525
7,29,35.06483733029125
7,30,38.16803586117183
7,31,40.292764435037064
7,32,38.873848919331124
7,33,40.65069342990958
7,34,38.910678404899826
7,35,38.377704538699746
7,36,36.40397442174427
7,37,34.04417000587498
7,38,32.971345965913
7,39,32.701841849661434
7,40,30.016673157873203
7,41,28.377090392300925
7,42,28.451364061237943
7,43,26.739205873737525
7,44,23.971950210747497
7,45,23.566521434545784
7,46,23.9041283796175
7,47,21.075877458983967
7,48,18.943342962864573
7,49,19.987980796823862
7,50,19.00959114331196
7,51,15.436139871749965
7,52,15.39248476375903
7,53,16.734651176400135
7,54,13.906404166842343
7,55,11.694993882895467
7,56,14.453610632929797
7,57,15.052801413591911
7,58,11.5646019126805
7,59,12.25890793156398
7,60,15.579405105562872
7,61,14.497770643362168
7,62,12.44187760283078
7,63,15.367449252854422
7,64,17.767252828788493
7,65,16.032538974304053
7,66,16.182631255918213
7,67,19.854099026041364
7,68,20.852864355652756
7,69,19.930499326484526
7,70,22.92161000667668
7,71,21.952717673329108
7,72,23.931845713629677
7,73,24.00341851372801
7,74,23.475938366651942
7,75,20.190987197844798
7,76,19.377649001746114
7,77,20.115319976663184
7,78,17.994894657364622
7,79,14.837039208037138
7,80,15.679588984556966
7,81,16.111853259294403
7,82,12.893119377433752
7,83,10.793114850057194
7,84,13.403700279199313
7,85,12.93461381628546
7,86,9.233271777184875
7,87,10.62882176501942
7,88,13.651639155007581
7,89,12.167126776654413
7,90,10.469586791526071
7,91,13.968808680664372
7,92,15.799683449684503
7,93,14.465804477919335
7,94,15.05836690023594
7,95,18.497459230882132
7,96,18.973721417516792
7,97,18.29966498309469
7,98,20.896326030084342
7,99,23.411332541029864
7,100,23.365983743163316
7,101,23.79378291042277
7,102,27.33526702467762
7,103,28.09198664636477
7,104,31.812373215548508
7,105,33.768808028138935
7,106,31.573586951568412
7,107,33.15940132781367
7,108,32.39376118318516
7,109,34.84794656414435
7,110,37.20711745633307
7,111,39.96323955632382
8,1,12.000090396650014
8,2,9.672259952498973
8,3,8.314645512452412
8,4,5.966205426977826
8,5,4.843897935616053
8,6,5.534944454647811
8,7,3.8178191445311658
8,9,3.798488655406349
8,10,5.420831207583475
8,11,5.19808198372941
8,12,6.719563118095133
8,13,9.177279674367458
8,14,10.295490915403969
8,15,11.009301875897878
8,16,12.799973204545353
8,17,14.572922182844325
8,18,15.90894269398807
8,19,16.794688204311413
8,20,18.68937642160822
8,21,20.49721633157351
8,22,21.99112066322465
8,23,22.68036728385763
8,24,24.77845305874022
8,25,26.640075391178172
8,26,27.83466832660403
8,27,29.263167241265936
8,28,33.05579749965774
8,29,34.45184716634847
8,30,37.64042235202237
8,31,39.62274110374963
8,32,37.89944151846879
8,33,39.47059327146812
8,34,37.68629143629153
8,35,36.802043730809864
8,36,34.89366066473882
8,37,32.79086032671026
8,38,31.440867534717675
8,39,30.89959544769356
8,40,28.494433032673577
8,41,26.88766944313083
8,42,26.498386654760257
8,43,24.72382335008738
8,44,22.317922920757837
8,45,21.640824156511183
8,46,21.508179303821453
8,47,18.85067210709214
8,48,16.91508806037419
8,49,17.428911551645005
8,50,16.11026867489829
8,51,12.800723777293426
8,52,12.736022669024615
8,53,13.48754678554396
8,54,10.44488757007494
8,55,8.578645512658102
8,56,11.287649800503178
8,57,11.423082287216726
8,58,7.954081543506143
8,59,9.323128120105054
8,60,12.460966403735709
8,61,11.310088556317162
8,62,9.973758310633459
8,63,13.124319553154278
8,64,15.227119473299416
8,65,13.944116466302313
8,66,14.745228094110193
8,67,18.178710974817044
8,68,19.08291935492254
8,69,18.81067653152603
8,70,22.168434990906448
8,71,21.618727974999356
8,72,23.70978144806301
8,73,23.385651293869252
8,74,23.30727158294647
8,75,20.202494015805726
8,76,18.69106277212189
8,77,19.49992991835302
8,78,18.026746082309224
8,79,14.6834726857519
8,80,14.696570481700352
8,81,15.624884850259319
8,82,13.059601820753011
8,83,10.052010139697995
8,84,12.232658071788258
8,85,12.70266427144516
8,86,9.112903418017668
8,87,9.14950896220402
8,88,12.675462145191542
8,89,12.103928557455633
8,90,9.72022243962967
8,91,12.572978798588458
8,92,15.194845315025585
8,93,14.313091315492239
8,94,14.04638865267993
8,95,17.460582083668914
8,96,18.6662719479122
8,97,17.88225080806033
8,98,19.8886640673029
8,99,22.73671089533568
8,100,23.196216379610007
8,101,23.25666238636694
8,102,26.669600617215064
8,103,27.878185544756793
8,104,31.66298621051468
8,105,33.92245475167983
8,106,31.825911072837844
8,107,33.37622899175114
8,108,32.188146420671174
8,109,34.39181555103205
8,110,36.78697929487224
8,111,39.38124059253029
9,1,14.272115651705636
9,2,11.200330168072803
9,3,10.185856781053657
9,4,8.890179060851255
9,5,6.398315974980442
9,6,5.767184768301911
9,7,5.486915103113003
9,8,3.798488655406349
9,10,3.803910947225144
9,11,5.312384838374895
9,12,5.154321023592637
9,13,6.6604291777796885
9,14,9.000555939398836
9,15,10.07697132640056
9,16,10.774382704640274
9,17,12.591115258233268
9,18,14.693518582540177
9,19,15.350640760635594
9,20,16.585961498534804
9,21,18.711540529315062
9,22,20.57761769066102
9,23,20.800335046340326
9,24,22.635378600725147
9,25,24.905482855756656
9,26,26.145523821116864
9,27,27.14801432517094
9,28,30.915016605399074
9,29,32.24378573881541
9,30,35.255131114811455
9,31,37.02505403956807
9,32,35.23773048860233
9,33,36.65913057417582
9,34,34.678444413335114
9,35,33.89704129662688
9,36,32.18949631882891
9,37,29.88978861549451
9,38,28.432222247086493
9,39,28.19918580210411
9,40,25.823472153700436
9,41,23.904632879618088
9,42,23.644315827975547
9,43,22.21959095237751
9,44,19.58164615313667
9,45,18.67356042663872
9,46,18.993510475132936
9,47,16.545252469275585
9,48,14.091615010917318
9,49,14.757119453916486
9,50,14.132592212636995
9,51,10.671462732816105
9,52,10.035086414251339
9,53,11.579787298319879
9,54,9.280526327921772
9,55,6.522504395648111
9,56,9.512144477573255
9,57,10.850554295244594
9,58,8.060482769862524
9,59,8.560810184187716
9,60,12.215252037264678
9,61,12.24569935190044
9,62,11.07033260678628
9,63,13.428377020356002
9,64,16.115751359195826
9,65,15.562414689856789
9,66,15.873518371323419
9,67,19.056874137119067
9,68,20.60323712066932
9,69,20.62017053610122
9,70,23.966923285856574
9,71,23.022744005357932
9,72,24.605307509399367
9,73,23.81876790301558
9,74,23.345757332308068
9,75,20.60461906843556
9,76,19.027100300430565
9,77,19.087706492072446
9,78,17.46137015969639
9,79,14.619965800268414
9,80,14.12165715912838
9,81,14.247601614181061
9,82,11.815899981197465
9,83,9.01744255965608
9,84,10.217088504566435
9,85,10.14151195120805
9,86,6.535619297720761
9,87,6.082946979939613
9,88,9.258867971235345
9,89,8.5113661833425
9,90,5.926192270060141
9,91,8.88221779026272
9,92,11.399638918602571
9,93,10.720276809370004
9,94,10.649783929719266
9,95,13.894965239696116
9,96,15.147550988075606
9,97,14.765406875029324
9,98,16.760083529123573
9,99,19.37935591130073
9,100,20.0470059363707
9,101,20.422575346534675
9,102,23.684703719550708
9,103,24.742674421195385
9,104,28.51041290318827
9,105,30.91889883315598
9,106,29.07693087883147
9,107,30.91390239918143
9,108,29.75274865487667
9,109,31.762701196233202
9,110,33.925667479354196
9,111,36.38103085102759
10,1,15.310990146532413
10,2,12.476296475634346
10,3,10.35997365730214
10,4,9.818982710530873
10,5,8.4024265584252
10,6,6.193687805935261
10,7,4.6623263898601195
10,8,5.420831207583475
10,9,3.803910947225144
10,11,3.811244183000883
10,12,5.402190783993586
10,13,5.277234196427804
10,14,6.50516414792603
10,15,8.822040713083844
10,16,9.920512293483812
10,17,10.617138291863215
10,18,12.740406734201983
10,19,14.276788800259203
10,20,15.374382969949323
10,21,16.83239617724463
10,22,19.05237125165728
10,23,19.774122889363284
10,24,21.206480023885355
10,25,23.215084872643605
10,26,24.93646085058967
10,27,26.09143445862698
10,28,29.83304651671392
10,29,30.78456026090921
10,30,33.790142733297934
10,31,35.805704176619116
10,32,34.371942708766284
10,33,36.11914627382914
10,34,34.34315287498283
10,35,33.926698029101956
10,36,31.985799924656686
10,37,29.5110345618252
10,38,28.507212070575694
10,39,28.39848138456848
10,40,25.6304834367433
10,41,23.916981746080562
10,42,24.22542388786846
10,43,22.62598962856244
10,44,19.646742035694544
10,45,19.371242533026823
10,46,20.07283602592545
10,47,17.21391500874199
10,48,14.889527144441454
10,49,16.428371055159538
10,50,15.873411449739955
10,51,12.118970249910394
10,52,12.214942970592038
10,53,14.402894900843728
10,54,12.056296396361132
10,55,9.749904785944993
10,56,13.053454733005177
10,57,14.429985326015974
10,58,11.692262341693867
10,59,12.3470926176092
10,60,16.00835689467014
10,61,15.834003630225892
10,62,14.428724443050472
10,63,16.914304780610454
10,64,19.628650200807076
10,65,18.693512920181632
10,66,18.83689575077577
10,67,22.232559939509173
10,68,23.683300467804525
10,69,23.27517338924848
10,70,26.433751262638328
10,71,25.31110701796997
10,72,26.91260635892486
10,73,26.450141717890112
10,74,25.67076458241995
10,75,22.768241947293937
10,76,21.68771821617996
10,77,21.721326949739062
10,78,19.59066394674243
10,79,16.888149865562124
10,80,16.982794091064555
10,81,16.685407182251346
10,82,13.72242437561019
10,83,11.660786293805824
10,84,13.059383430701848
10,85,12.016484555536945
10,86,8.297479167715094
10,87,8.893138751051813
10,88,11.233630171349905
10,89,9.164342136974692
10,90,6.784891475921107
10,91,10.295609281262248
10,92,11.84505349649812
10,93,10.033326024684742
10,94,10.575845860176218
10,95,14.086659759362043
10,96,14.403765523138238
10,97,13.640573277375623
10,98,16.311697766281974
10,99,18.77526635104399
10,100,18.719346614679537
10,101,19.200710289100236
10,102,22.70780069851028
10,103,23.448680938849073
10,104,27.179297873537315
10,105,29.216265714188136
10,106,27.113292239085492
10,107,28.823268242690098
10,108,28.00334474575959
10,109,30.347479255082085
10,110,32.61956138906387
10,111,35.332463468837055
11,1,16.47039341569573
11,2,14.192974765920523
11,3,11.950158149165727
11,4,10.333777546745484
11,5,9.710925516664394
11,6,8.684176156613669
11,7,5.788766611611298
11,8,5.19808198372941
11,9,5.312384838374895
11,10,3.811244183000883
11,12,3.811988401013543
11,13,5.49683449732921
11,14,5.2807119598457755
11,15,6.3225736573238125
11,16,8.650912748459412
11,17,9.821946063663377
11,18,10.880776986414128
11,19,12.283694185286224
11,20,14.241093541438463
11,21,15.60094407401325
11,22,17.186059678127226
11,23,18.256861461870795
11,24,20.179153942230446
11,25,21.787565252635535
11,26,23.24639934285329
11,27,24.85730927288722
11,28,28.63121001969314
11,29,29.8239971784265
11,30,33.07269747421874
11,31,35.28120163633791
11,32,33.812972579465786
11,33,35.69851010131823
11,34,34.21299882900783
11,35,33.58279269515993
11,36,31.353917736704098
11,37,29.22497552751419
11,38,28.351253420280162
11,39,27.74922884738336
11,40,24.969564990732582
11,41,23.743349652735706
11,42,23.84504839985848
11,43,21.723672624634826
11,44,19.09654699462024
11,45,19.210231138941584
11,46,19.299086106860102
11,47,16.10054364756456
11,48,14.542150333158194
11,49,16.084365174507557
11,50,14.69416365147839
11,51,11.024869236432513
11,52,12.16290662919595
11,53,13.871644519448711
11,54,10.877462713774785
11,55,9.755343049526722
11,56,13.379926930618995
11,57,13.890579593987866
11,58,11.28284178514289
11,59,13.072480845338939
11,60,16.347711475526964
11,61,15.627405426776182
11,62,14.895792827052622
11,63,17.87744434283954
11,64,20.012292722688862
11,65,19.010830658892733
11,66,19.88933903859294
11,67,23.252189832374807
11,68,24.20710921771204
11,69,23.99925352549177
11,70,27.339459438412995
11,71,26.721380528584966
11,72,28.716284820242237
11,73,28.339099840814658
11,74,27.996259929358633
11,75,24.966426215720546
11,76,23.591486504269593
11,77,24.032313282244097
11,78,22.27307026797258
11,79,19.231459433194097
11,80,19.141681646840702
11,81,19.414771439411844
11,82,16.68447685682424
11,83,14.07073014050095
11,84,15.526025153302779
11,85,15.151898343022282
11,86,11.431960062265556
11,87,11.174643484273963
11,88,13.890827601323648
11,89,12.322608651061346
11,90,9.216427120285045
11,91,12.03162182818673
11,92,14.133306621228831
11,93,12.079656820843386
11,94,11.504709214805702
11,95,15.274332484593371
11,96,15.888258830421805
11,97,14.289005694952545
11,98,16.58344145282443
11,99,19.573159859038206
11,100,19.458387149446665
11,101,19.188554111330856
11,102,22.812593823897753
11,103,24.051303523575474
11,104,27.808772632693735
11,105,29.796036688731505
11,106,27.406276733434957
11,107,28.68212580208716
11,108,27.55248352691354
11,109,29.991475871596897
11,110,32.59216156075513
11,111,35.41566471491167
12,1,18.627628403792695
12,2,15.954477513746696
12,3,14.425843314396868
12,4,12.627185709562921
12,5,11.014447489286084
12,6,10.428566835466707
12,7,8.580571779726364
12,8,6.719563118095133
12,9,5.154321023592637
12,10,5.402190783993586
12,11,3.811988401013543
12,13,3.8090420755543124
12,14,5.519137392319455
12,15,5.164149391303438
12,16,6.148980625903376
12,17,8.560113509685307
12,18,10.058526802163579
12,19,10.355889896220148
12,20,12.077124156849944
12,21,14.249139646940002
12,22,15.69079180584749
12,23,16.04237665732716
12,24,18.2083349109799
12,25,20.248591957096288
12,26,21.295832340078192
12,27,22.58019604247475
12,28,26.371728339109932
12,29,27.861877140511243
12,30,31.061302041076523
12,31,33.00585684462601
12,32,31.2373172603294
12,33,32.862187116869315
12,34,31.222899798927752
12,35,30.371148515682748
12,36,28.302332210862897
12,37,26.25963417962413
12,38,25.102320467701077
12,39,24.452313099154015
12,40,21.89763163858003
12,41,20.519951697699167
12,42,20.33356283481661
12,43,18.32829371585512
12,44,15.831044517694044
12,45,15.640927037897892
12,46,15.613888128856598
12,47,12.58067134359389
12,48,10.902764588061052
12,49,12.276870533087424
12,50,10.977635276623856
12,51,7.257898229691358
12,52,8.476176859712202
12,53,10.414344512690846
12,54,7.787476386230429
12,55,6.9256196485317565
12,56,10.72729647694043
12,57,11.58322480974919
12,58,9.836944799052294
12,59,11.660305414492978
12,60,14.833825535854611
12,61,14.803458959961048
12,62,14.743810139380148
12,63,17.305597307870205
12,64,19.467384068024806
12,65,19.192975445011626
12,66,20.18643467743221
12,67,23.190166441714265
12,68,24.41609008916682
12,69,24.765627810671806
12,70,28.282211713281892
12,71,27.701537579268106
12,72,29.471244388719793
12,73,28.60712679339135
12,74,28.32613674969945
12,75,25.633706714806877
12,76,23.83734597491365
12,77,23.911594393313564
12,78,22.491989181598385
12,79,19.672461359398305
12,80,18.85043288687125
12,81,18.97828404123954
12,82,16.802644482118534
12,83,13.946836021106542
12,84,14.498568174663513
12,85,14.401143038492128
12,86,11.07677858561894
12,87,9.630833732884884
12,88,12.039739516214196
12,89,11.031492292468506
12,90,7.354729995932378
12,91,9.212411296677804
12,92,11.78395646064702
12,93,10.11049815815018
12,94,8.60745146417031
12,95,12.289497048099902
12,96,13.562989868030618
12,97,11.997733876318941
12,98,13.682904523014487
12,99,16.88297797830615
12,100,17.33650918391043
12,101,16.887532661187137
12,102,20.2982724434925
12,103,21.863280568312984
12,104,25.65356266427159
12,105,27.98767716604641
12,106,25.855308291089678
12,107,27.28202715576291
12,108,25.797851685093896
12,109,27.880695146094197
12,110,30.362320906282385
12,111,32.96191917065578
13,1,20.337827862315255
13,2,17.384983845764005
13,3,15.579350726830146
13,4,14.63566367126509
13,5,12.86139096509555
13,6,11.181196389663846
13,7,9.742674390400559
13,8,9.177279674367458
13,9,6.6604291777796885
13,10,5.277234196427804
13,11,5.49683449732921
13,12,3.8090420755543124
13,14,3.8074206079294974
13,15,5.397689375167049
13,16,4.909909607851282
13,17,6.0059793086883415
13,18,8.686792241405557
13,19,9.605208064600493
13,20,10.262316103604713
13,21,12.182433904054658
13,22,14.427153641164358
13,23,14.705800489388288
13,24,16.170715560531768
13,25,18.44839490448809
13,26,19.988748832809026
13,27,20.936417479632762
13,28,24.68114122153546
13,29,25.76922095965385
13,30,28.7825560514712
13,31,30.715882246483037
13,32,29.173139389830723
13,33,30.909110150260677
13,34,29.214327798572466
13,35,28.773836999663448
13,36,26.740653444100744
13,37,24.32489622973179
13,38,23.42260647608971
13,39,23.231822677944553
13,40,20.384027170913267
13,41,18.814899430033112
13,42,19.269589308850787
13,43,17.54876450924753
13,44,14.48402773605471
13,45,14.584083293317084
13,46,15.43600506829757
13,47,12.397753488077925
13,48,10.231658243071907
13,49,12.505117892460486
13,50,12.153885019225326
13,51,8.410087502380666
13,52,9.343321543731086
13,53,12.30177153511979
13,54,10.583976031996666
13,55,9.149517872326502
13,56,12.765339739344563
13,57,14.454349779542133
13,58,12.906938248853484
13,59,13.957242060019677
13,60,17.410849583310057
13,61,17.861148768705522
13,62,17.414852471770356
13,63,19.61424767437739
13,64,22.205443704007433
13,65,21.98264931404931
13,66,22.467566763461612
13,67,25.511909398798153
13,68,27.09438100078399
13,69,27.2547587992993
13,70,30.62353261197338
13,71,29.639504505999188
13,72,31.097226634590747
13,73,30.186385043684627
13,74,29.449188964481827
13,75,26.878016345726465
13,76,25.400377250192495
13,77,25.03112316807173
13,78,23.199614212730296
13,79,20.78389442272847
13,80,20.111850555055902
13,81,19.521235602779573
13,82,17.14891694500798
13,83,14.949664499556883
13,84,15.147354402113999
13,85,14.120399320361429
13,86,11.005577810991914
13,87,10.076588547267182
13,88,11.442948251295586
13,89,9.449350691345948
13,90,6.077866862218127
13,91,8.151495245396422
13,92,9.581020817968179
13,93,7.015001457208906
13,94,6.227406159159198
13,95,10.010438517881685
13,96,10.432151613303976
13,97,8.890517918427618
13,98,11.309935570576949
13,99,14.120601818704968
13,100,14.151098323869572
13,101,14.180282715529172
13,102,17.690238709434436
13,103,18.802056460999175
13,104,22.582284613607325
13,105,24.78005839524435
13,106,22.686629281485363
13,107,24.337172492507975
13,108,23.181243968857594
13,109,25.35976755746223
13,110,27.690044123518113
13,111,30.369005886238263
14,1,21.269692218198657
14,2,18.771689999895987
14,3,16.32998931287006
14,4,15.34139814300766
14,5,14.470549562566537
14,6,12.643576167955782
14,7,10.21681198109771
14,8,10.295490915403969
14,9,9.000555939398836
14,10,6.50516414792603
14,11,5.2807119598457755
14,12,5.519137392319455
14,13,3.8074206079294974
14,15,3.8065683859111132
14,16,5.3311341375431684
14,17,4.827555398529939
14,18,6.29847844472695
14,19,8.492105051304645
14,20,9.806029281667657
14,21,10.64298445858956
14,22,12.764681005544723
14,23,14.008846015638909
14,24,15.405987595541442
14,25,16.98524765869433
14,26,18.865851151440015
14,27,20.375263845691833
14,28,24.088196655515958
14,29,24.95643693085156
14,30,28.14325777175824
14,31,30.472410033593214
14,32,29.27297035889263
14,33,31.40978115479539
14,34,30.129386766489535
14,35,29.868821993105634
14,36,27.44586921663751
14,37,25.158375731009944
14,38,24.776161519384218
14,39,24.34022215584755
14,40,21.186868644213266
14,41,20.213182038380438
14,42,20.98596966377062
14,43,18.781039121503923
14,44,15.803528535147612
14,45,16.71931087502406
14,46,17.366622112108704
14,47,13.894709606510032
14,48,12.57186860114441
14,49,15.217900348861182
14,50,14.305112834947618
14,51,10.703531820547493
14,52,12.537066955200856
14,53,15.189874991612632
14,54,12.96325480944779
14,55,12.197692722660932
14,56,15.965726401801676
14,57,17.08131459260141
14,58,15.273628469641677
14,59,16.851218062992178
14,60,20.216417979045517
14,61,20.099973706289237
14,62,19.623454705820812
14,63,22.255024069155006
14,64,24.606467553040762
14,65,23.96382881916529
14,66,24.67478444571765
14,67,27.929392667366265
14,68,29.15871491063077
14,69,29.057664815636407
14,70,32.381595390360644
14,71,31.546175783230765
14,72,33.28015932968965
14,73,32.71186534384014
14,74,32.03823416300396
14,75,29.205336768896675
14,76,27.924852238844156
14,77,27.878327854036016
14,78,25.895204645646132
14,79,23.26201347895795
14,80,22.99025202644273
14,81,22.59463676144935
14,82,19.899313385156887
14,83,17.733664292912607
14,84,18.449352033457515
14,85,17.357385615714545
14,86,13.981941119686537
14,87,13.530736785352776
14,88,15.114532642468482
14,89,12.821418842695676
14,90,9.725584381494532
14,91,11.928138419699046
14,92,13.030399343238944
14,93,9.927500031149505
14,94,9.240979453457449
14,95,12.902201793696948
14,96,12.655790198338538
14,97,10.287337070725487
14,98,12.948944314263546
14,99,15.80603976907838
14,100,15.030526580687612
14,101,14.592579823185142
14,102,18.357702755297122
14,103,19.466283425547562
14,104,23.146566921306313
14,105,24.879141163153704
14,106,22.307201194487963
14,107,23.464764007976218
14,108,22.466538337969432
14,109,25.076908428024574
14,110,27.74807445336262
14,111,30.742342623046206
15,1,22.732273679474964
15,2,20.37776217894699
15,3,18.260743512878335
15,4,16.535006450981097
15,5,15.643871254971334
15,6,14.666772946295437
15,7,12.076955771575177
15,8,11.009301875897878
15,9,10.07697132640056
15,10,8.822040713083844
15,11,6.3225736573238125
15,12,5.164149391303438
15,13,5.397689375167049
15,14,3.8065683859111132
15,16,3.801484536204644
15,17,5.324739789753795
15,18,5.208813841431754
15,19,6.009687321339825
15,20,8.50737825013893
15,21,9.931532742623379
15,22,11.00236150433935
15,23,12.111176100503275
15,24,14.34716980221335
15,25,15.78346654505779
15,26,16.994297742798203
15,27,18.791430702943096
15,28,22.55358665948794
15,29,23.925696964589804
15,30,27.317795813410353
15,31,29.625434419123582
15,32,28.154931432689303
15,33,30.206374368225564
15,34,29.07991841674864
15,35,28.422727489710628
15,36,25.861410185642434
15,37,24.008102597788717
15,38,23.508499261156267
15,39,22.53669741420552
15,40,19.583720489611082
15,41,18.996014415483756
15,42,19.295536590443454
15,43,16.654824442975052
15,44,14.218277707560604
15,45,15.27456936281123
15,46,15.167370259902915
15,47,11.506411468301971
15,48,11.039978119303445
15,49,13.44001044466511
15,50,11.777089749913925
15,51,8.53220087010505
15,52,11.290590047002333
15,53,13.420596457979563
15,54,11.04302686668991
15,55,11.41221407717406
15,56,15.134639890896183
15,57,15.682039000997209
15,58,14.431164239813395
15,59,16.65448157764137
15,60,19.587217698717684
15,61,19.373796724885253
15,62,19.61320467312591
15,63,22.339126164542616
15,64,24.261001748404656
15,65,23.893595057664836
15,66,25.131122163015842
15,67,28.17231240155617
15,68,29.16268999220261
15,69,29.460498934024383
15,70,32.97484372750598
15,71,32.52340870917013
15,72,34.43440925359447
15,73,33.70346277583586
15,74,33.40159811173718
15,75,30.623504458561687
15,76,28.933299810644222
15,77,29.04475486262746
15,78,27.498471680473223
15,79,24.689912226477233
15,80,23.998488964877996
15,81,23.99674324655002
15,82,21.679642028990887
15,83,19.016012411451353
15,84,19.506127844243565
15,85,19.059972789580083
15,86,15.769205291157844
15,87,14.480491001382822
15,88,16.31195196996056
15,89,14.75960402481949
15,90,11.17444650097357
15,91,12.518229578290285
15,92,14.317067030729854
15,93,11.658596822974289
15,94,9.68889187161365
15,95,13.235524419642504
15,96,13.779331995170487
15,97,10.95839884004939
15,98,12.617349700194687
15,99,16.02888820621823
15,100,15.708351537310733
15,101,14.427612664923549
15,102,18.047490038626446
15,103,19.861152256010165
15,104,23.529331039989106
15,105,25.46621499131883
15,106,22.87588066909137
15,107,23.722949570593777
15,108,22.156201578524225
15,109,24.559092661454944
15,110,27.434070090418576
15,111,30.331832163027357
16,1,24.582052753363673
16,2,21.801333419524234
16,3,20.039045127526702
16,4,18.593838960253656
16,5,16.99555232070871
16,6,15.828946458894134
16,7,13.991197291661896
16,8,12.799973204545353
16,9,10.774382704640274
16,10,9.920512293483812
16,11,8.650912748459412
16,12,6.148980625903376
16,13,4.909909607851282
16,14,5.3311341375431684
16,15,3.801484536204644
16,17,3.811005554891937
16,18,5.487440830234894
16,19,4.927533270309486
