1,2,3.7908702497487523
1,3,5.387702457447277
1,4,5.214971084023565
1,5,6.285116286707141
1,6,8.501393820984058
1,7,10.008161089161026
1,8,10.549242725195148
1,9,12.494707055018868
1,10,14.257721310004856
1,11,15.835671596268483
1,12,16.64558849082602
1,13,18.53982212830565
1,14,20.46204057237611
1,15,21.764808179989913
1,16,22.62230859985796
1,17,24.43283545821871
1,18,26.212054567394087
1,19,27.149321008135008
1,20,28.65381885205212
1,21,30.538214555516785
1,22,31.76520653667128
1,23,33.124413223687284
1,24,34.48100342203858
1,25,36.50361644908551
1,26,37.985509152637185
1,27,39.60625293146824
1,28,41.21550932232675
1,29,42.93091923604688
1,30,46.354786366834276
1,31,50.85651256745495
1,32,49.93718795976713
1,33,50.96389309870522
1,34,48.94990891896646
1,35,46.08770763311114
1,36,44.9569316898648
1,37,43.34438945936703
1,38,40.30358957451644
1,39,39.270307704484544
1,40,38.84242740972601
1,41,36.96213524288505
1,42,34.58315415160061
1,43,34.30935114608955
1,44,33.987870440014596
1,45,31.364051189986633
1,46,29.320496155724832
1,47,29.37945741177505
1,48,28.527526409429246
1,49,25.376721952329458
1,50,24.745521335179916
1,51,25.20135239910545
1,52,22.86343723841337
1,53,20.163935140064066
1,54,21.338559359825062
1,55,21.47958416724177
1,56,18.104829561089396
1,57,16.9627396932999
1,58,18.949979578606587
1,59,17.40537910277078
1,60,13.723175671283965
1,61,15.067529249699792
1,62,16.773248886212976
1,63,13.747426021709211
1,64,11.85787039816599
1,65,15.14879048674779
1,66,15.710899719866166
1,67,12.668184218230074
1,68,13.967976941590704
1,69,12.22760512286764
1,70,14.243499997948655
1,71,15.77381760658138
1,72,15.013345127123221
1,73,11.24210179601362
1,74,12.270617010783184
1,75,14.499162350091568
1,76,12.002334438407292
1,77,9.6773883124276
1,78,13.058453533003075
1,79,14.175985364559827
1,80,11.393313178427722
1,81,11.915924632655916
1,82,15.561454676997498
1,83,15.570165033892808
1,84,14.192480189399129
1,85,17.057515124381748
1,86,19.517593641064646
1,87,18.985635156026916
1,88,19.4104614793308
1,89,22.422872938311976
1,90,23.986306945272098
1,91,23.443800155758346
1,92,25.2588519540152
1,93,27.925359648308454
1,94,28.136073648911307
1,95,29.207353566157018
1,96,31.6356403171791
1,97,33.420390567251125
1,98,33.447697957294004
1,99,35.25044916910343
1,100,38.03945067074739
2,1,3.7908702497487523
2,3,3.8218113445279984
2,4,5.276420967287356
2,5,4.910004076494678
2,6,5.739337304223559
2,7,8.415931480649473
2,8,9.553752774261529
2,9,10.523486735811327
2,10,11.959411681481694
2,11,14.292512329277775
2,12,15.05699865099648
2,13,16.273445077591024
2,14,18.478266203967745
2,15,20.228463828185525
2,16,20.776916642394283
2,17,22.204513221475374
2,18,24.365366677288645
2,19,25.452157574070192
2,20,26.533697294744307
2,21,28.402474492167755
2,22,29.999875215986194
2,23,31.255452087195835
2,24,32.284515479416164
2,25,34.46047803014231
2,26,36.17117856590645
2,27,37.588777375261
2,28,39.05484089854031
2,29,41.015438174546375
2,30,44.55943248456792
2,31,49.35803336699786
2,32,48.686681487198584
2,33,49.65440740972615
2,34,47.4137276390603
2,35,44.71442832409998
2,36,43.70104523583962
2,37,41.80998662007641
2,38,38.8480087049344
2,39,38.03922455364676
2,40,37.383838118256875
2,41,35.27475152947316
2,42,33.16138495486653
2,43,33.03409930524868
2,44,32.373396859271466
2,45,29.628089808807296
2,46,27.971011478085284
2,47,27.985188373338985
2,48,26.69456762826679
2,49,23.644187441552084
2,50,23.474679142908915
2,51,23.709129405868293
2,52,20.970118259003858
2,53,18.740599461099986
2,54,20.211668526938297
2,55,19.897148827498622
2,56,16.307770155338122
2,57,15.939454394994394
2,58,17.90819049487476
2,59,15.779911747816392
2,60,12.421747289812517
2,61,14.60386990201907
2,62,15.859814450958226
2,63,12.50056070470967
2,64,11.675692194121538
2,65,15.233701918246174
2,66,15.199004985018892
2,67,12.451010482001921
2,68,14.322332629820906
2,69,13.54746897633036
2,70,16.209980938573967
2,71,17.639714410312113
2,72,17.52001554709316
2,73,13.730789657913858
2,74,13.884098570232547
2,75,16.43690075364091
2,76,14.45242727362631
2,77,11.418081492019537
2,78,14.155571447305139
2,79,15.772574603005474
2,80,12.924271827449818
2,81,12.309607099731688
2,82,16.111682358966625
2,83,16.470553137345494
2,84,14.359921541830865
2,85,16.739869807600556
2,86,19.7158873591212
2,87,19.17088943176249
2,88,18.84287942553237
2,89,21.93225887640469
2,90,23.896104111522252
2,91,23.015673524371785
2,92,24.378112636499374
2,93,27.383077337723392
2,94,27.71051910080205
2,95,28.308763191119624
2,96,30.717394758419378
2,97,32.84584101021151
2,98,32.76045481905242
2,99,34.203370403637855
2,100,37.188306834529165
3,1,5.387702457447277
3,2,3.8218113445279984
3,4,3.8147565896700253
3,5,5.637318186619717
3,6,5.136638373184763
3,7,6.4998299839767855
3,8,8.878424063157615
3,9,10.543351566726383
3,10,10.898371949183868
3,11,13.010957341047094
3,12,14.718641750026482
3,13,15.896065127127526
3,14,17.39888619639561
3,15,19.470120701429597
3,16,20.63536923681463
3,17,21.710351313286797
3,18,23.539668114746174
3,19,25.12784027012409
3,20,26.36089902141134
3,21,27.757425197070884
3,22,29.391789159023826
3,23,31.076474938531945
3,24,31.96574599368816
3,25,33.794588415477804
3,26,35.73446606734924
3,27,37.42683636247801
3,28,38.59903601820641
3,29,40.41126425185666
3,30,43.98705429337036
3,31,48.41925514836478
3,32,47.636827883832375
3,33,48.34583583147529
3,34,46.17441329376395
3,35,43.55281497935006
3,36,42.25822876428688
3,37,40.42073579689933
3,38,37.65888006738018
3,39,36.567972604211484
3,40,35.684852838161454
3,41,33.831380232537676
3,42,31.83664132107274
3,43,31.309760498934075
3,44,30.52144828275856
3,45,28.09173335020889
3,46,26.316754199439064
3,47,25.88234110982993
3,48,24.682988541146987
3,49,21.888421547682
3,50,21.32659946040532
3,51,21.167600293955328
3,52,18.684163702979262
3,53,16.395877706553378
3,54,17.31997141076937
3,55,16.833121372450485
3,56,13.456990996143674
3,57,12.770314354842558
3,58,14.379074184541395
3,59,12.327547611285942
3,60,8.846114372764925
3,61,10.828496416258048
3,62,12.0878053144159
3,63,8.858220589944365
3,64,7.97306216026126
3,65,11.645808387604292
3,66,11.903533260691573
3,67,9.627716455159351
3,68,12.191087560249315
3,69,11.55795203981645
3,70,14.158834945525872
3,71,15.005526770271075
3,72,15.271565301166332
3,73,11.651028745383488
3,74,10.935232985987517
3,75,13.567512021109236
3,76,12.192411212054385
3,77,8.74478787889052
3,78,10.949655763208462
3,79,13.133296636906618
3,80,10.827259547915377
3,81,9.678406319570367
3,82,13.375799665855993
3,83,14.473506575646434
3,84,12.66948009542729
3,85,14.523669883057874
3,86,17.654651013439576
3,87,17.80599827866879
3,88,17.501114070735564
3,89,20.14686277527282
3,90,22.452523892208603
3,91,22.070102856237586
3,92,23.136713553511047
3,93,25.972754261012792
3,94,26.793211953871012
3,95,27.53095664475368
3,96,29.549520623530398
3,97,31.806915441982902
3,98,32.149075296032336
3,99,33.49108075187837
3,100,36.28133629983083
4,1,5.214971084023565
4,2,5.276420967287356
4,3,3.8147565896700253
4,5,3.8058790596505987
4,6,5.375946037947067
4,7,5.170148630723708
4,8,6.220809334648765
4,9,8.908705964748188
4,10,9.968064900480579
4,11,11.109208442673996
4,12,12.620786222277033
4,13,14.615189705551295
4,14,15.933817849542288
4,15,17.383475264425975
4,16,18.783462384194088
4,17,20.365594198603034
4,18,21.80608839282573
4,19,23.12987509688766
4,20,24.817511247670684
4,21,26.312686505559245
4,22,27.51088966995625
4,23,29.242552079793604
4,24,30.524697896167346
4,25,32.23519994967178
4,26,33.872743488688805
4,27,35.75197896929986
4,28,37.130482931227554
4,29,38.68886886584133
4,30,42.12820169036082
4,31,46.350438852214275
4,32,45.37179716519301
4,33,46.22306696200337
4,34,44.2406481629874
4,35,41.43346156090003
4,36,40.137614492870554
4,37,38.544195240049746
4,38,35.62507712073965
4,39,34.43293442903284
4,40,33.878791940860864
4,41,32.13951604243155
4,42,29.81832337436113
4,43,29.333904651158463
4,44,28.969658226186684
4,45,26.502070355834473
4,46,24.373529716549186
4,47,24.258602982662595
4,48,23.507757965037555
4,49,20.42512544607776
4,50,19.605330116695853
4,51,20.033927657886576
4,52,17.846244042677192
4,53,15.008843035957788
4,54,16.163350402844138
4,55,16.52250715551873
4,56,13.198240756185367
4,57,11.918425106176777
4,58,14.277868833925604
4,59,13.103572354166218
4,60,9.410298075317993
4,61,11.062158439189968
4,62,13.379290007507146
4,63,10.908522960898422
4,64,9.391076506088574
4,65,13.069439650789093
4,66,14.298937336857767
4,67,12.315929157143835
4,68,14.827065684126273
4,69,13.387514769380687
4,70,15.190100764721286
4,71,15.529543139673132
4,72,14.945644501773545
4,73,11.443415376867335
4,74,11.017893657462313
4,75,12.689892486290585
4,76,10.552203766612358
4,77,7.230592419251111
4,78,9.60534208799533
4,79,10.776935830230787
4,80,7.778691844194393
4,81,7.131314806206115
4,82,10.919184137827367
4,83,11.262935933114418
4,84,9.492433239669197
4,85,11.992995957110429
4,86,14.743741216506205
4,87,14.551746723897605
4,88,14.706997157014587
4,89,17.511190885033987
4,90,19.413363574316975
4,91,19.086036754663805
4,92,20.58361538908462
4,93,23.230942809892422
4,94,23.820935339933772
4,95,24.876403271456926
4,96,27.01947552499857
4,97,28.98258119904014
4,98,29.312483877444283
4,99,30.954333235515872
4,100,33.63530799127926
5,1,6.285116286707141
5,2,4.910004076494678
5,3,5.637318186619717
5,4,3.8058790596505987
5,6,3.8018244679784203
5,7,5.2006034552438685
5,8,4.842585288368132
5,9,6.210108448737443
5,10,8.345882837559126
5,11,9.979355785211173
5,12,10.459162574691385
5,13,12.279846085204527
5,14,14.36095975891355
5,15,15.662367979545422
5,16,16.379075432828223
5,17,18.16097238714304
5,18,20.022959965469717
5,19,20.95267105114105
5,20,22.37761329458254
5,21,24.275376079215647
5,22,25.56218205033096
5,23,26.896018270878034
5,24,28.19706004546074
5,25,30.247948294850097
5,26,31.765089310884566
5,27,33.355855138036766
5,28,34.9340916279718
5,29,36.69253216964613
5,30,40.14778825804561
5,31,44.80284623495148
5,32,44.03168958172567
5,33,45.09554019476412
5,34,42.95374369334418
5,35,40.14419935379024
5,36,39.169985684438394
5,37,37.40625326303224
5,38,34.33132501887245
5,39,33.51523682193548
5,40,33.090375346435664
5,41,31.003506712931443
5,42,28.678851911160507
5,43,28.66798512213611
5,44,28.292892242090172
5,45,25.45435063856073
5,46,23.62138130283278
5,47,23.975625331146905
5,48,22.951358049161772
5,49,19.639365058469743
5,50,19.47657522617
5,51,20.266029367083895
5,52,17.640161800464384
5,53,15.112101372618287
5,54,17.084307815044944
5,55,17.463144595975084
5,56,13.837890161436679
5,57,13.404471436928555
5,58,16.199163202484055
5,59,14.72350478028192
5,60,11.429044223143901
5,61,13.868173049340639
5,62,15.996715343487262
5,63,13.339744458064345
5,64,12.611635076724902
5,65,16.397240168140698
5,66,17.202537794093868
5,67,15.196760609762158
5,68,17.706739443608964
5,69,16.597468187087426
5,70,18.686457839388314
5,71,19.267551168320406
5,72,18.654978841635597
5,73,15.088623872494454
5,74,14.809212543753663
5,75,16.44246701353042
5,76,14.131438389740644
5,77,10.942338661951265
5,78,13.076917378441744
5,79,13.880925023833193
5,80,10.478469722598712
5,81,9.485430747541493
5,82,13.13442091457654
5,83,12.851888340919064
5,84,10.175677533826237
5,85,12.755610221289391
5,86,15.606008723235954
5,87,14.612274085984533
5,88,14.173330218586381
5,89,17.46683459533266
5,90,19.241801716120236
5,91,18.17161180089358
5,92,19.673882568387395
5,93,22.677954953236604
5,94,22.84733355949335
5,95,23.486349275379276
5,96,25.98364350080416
5,97,28.01120738684128
5,98,27.88158457443632
5,99,29.417809236418883
5,100,32.37395729712858
6,1,8.501393820984058
6,2,5.739337304223559
6,3,5.136638373184763
6,4,5.375946037947067
6,5,3.8018244679784203
6,7,3.8125801365254897
6,8,5.700372483387274
6,9,5.842240418974736
6,10,6.305738977520574
6,11,9.061987858444589
6,12,10.232171762380654
6,13,10.96988070513453
6,14,12.938439097193669
6,15,15.094592318833714
6,16,15.831162870809388
6,17,16.841554492554916
6,18,18.980252228927554
6,19,20.43543583947084
6,20,21.419485159918693
6,21,22.985957662700642
6,22,24.75589554249597
6,23,26.23334639708885
6,24,27.04513463726841
6,25,29.063473272058957
6,26,30.995472670739023
6,27,32.51213529922283
6,28,33.7412830238216
6,29,35.69602519400281
6,30,39.30477310076462
6,31,44.05597230758827
6,32,43.48013325237098
6,33,44.31491278687998
6,34,41.97638002455682
6,35,39.39707005189305
6,36,38.36597729959073
6,37,36.335634404463576
6,38,33.48505610862527
6,39,32.72909552920075
6,40,31.89490272306363
6,41,29.723535406973383
6,42,27.789916468268807
6,43,27.666907288792526
6,44,26.807894988508625
6,45,24.048225812518034
6,46,22.595987753026282
6,47,22.56608961020859
6,48,21.068718492938682
6,49,18.06663741522899
6,50,18.188437695560914
6,51,18.39906506601056
6,52,15.436947844174393
6,53,13.486945548821584
6,54,15.403161658177977
6,55,15.069841162889379
6,56,11.314891753994294
6,57,11.686352776023142
6,58,14.128976659751897
6,59,12.020566233551715
6,60,9.192026889572489
6,61,12.326209960682679
6,62,13.843411674329937
6,63,11.062462732488903
6,64,11.394713615108909
6,65,15.15761963893995
6,66,15.46718826399539
6,67,13.967142018299398
6,68,16.93859641911426
6,69,16.61329613319494
6,70,19.130592442702113
6,71,19.56966097112751
6,72,19.65849309583267
6,73,16.169553766276508
6,74,15.102489826951842
6,75,17.108066715443996
6,76,15.555066357799294
6,77,11.9207348737272
6,78,13.316641858922472
6,79,14.899048722372012
6,80,12.02676143268371
6,81,9.908142167620083
6,82,13.43527292540746
6,83,14.031831892733445
6,84,11.088725606237961
6,85,12.633115270344115
6,86,16.052433855316437
6,87,15.593357825395199
6,88,14.398064151808699
6,89,17.37666740639664
6,90,19.783977439166932
6,91,18.735866337120566
6,92,19.51294595213363
6,93,22.732774299982978
6,94,23.354463148812158
6,95,23.578472807826003
6,96,25.77418603484246
6,97,28.232457980627075
6,98,28.260633011983963
6,99,29.344184102101796
6,100,32.366880350753846
7,1,10.008161089161026
7,2,8.415931480649473
7,3,6.4998299839767855
7,4,5.170148630723708
7,5,5.2006034552438685
7,6,3.8125801365254897
7,8,3.8080980371559257
7,9,5.6431024177857445
7,10,5.131288312162927
7,11,6.55312489336068
7,12,8.808834203709603
7,13,10.185400610064184
7,14,11.118464346776811
7,15,13.13185830094552
7,16,14.726839534642464
7,17,15.75953399233378
7,18,17.221091305046766
7,19,18.98512005360754
7,20,20.46656148091526
7,21,21.630093089032176
7,22,23.097486803726436
7,23,25.02263960481329
7,24,25.993822210362737
7,25,27.585250709483947
7,26,29.505447374873743
7,27,31.41205274714288
7,28,32.5188090310344
7,29,34.146758100105835
7,30,37.68291546063402
7,31,41.956343962632296
7,32,41.14477653442485
7,33,41.850524162560944
7,34,39.70220299772188
7,35,37.057990872321305
7,36,35.772576072694484
7,37,33.957443628696254
7,38,31.170729402937347
7,39,30.083595726413158
7,40,29.27240957523747
7,41,27.411716769682567
7,42,25.344111611718468
7,43,24.878921934626575
7,44,24.205594575053887
7,45,21.70096951160328
7,46,19.860856469383474
7,47,19.64337258543173
7,48,18.56340852038375
7,49,15.55242127356575
7,50,15.092507325214939
7,51,15.397472007581147
7,52,12.874466868353197
7,53,10.35235321338846
7,54,12.046852148489718
7,55,12.26541332432307
7,56,8.676572468729526
7,57,8.342402943477385
7,58,11.247538439170413
7,59,9.97380073408296
7,60,7.043973501785264
7,61,9.893312493875724
7,62,12.182996153013814
7,63,10.285731061616099
7,64,10.32603666249018
7,65,13.957237337178668
7,66,15.098558253449069
7,67,14.226997651022401
7,68,17.511245379526972
7,69,16.853011239808943
7,70,18.81803690195422
7,71,18.52667786634901
7,72,18.421430756150055
7,73,15.303524384677146
7,74,13.759014399956301
7,75,15.082387935355863
7,76,13.70038697981391
7,77,10.077496638594615
7,78,10.666541746764988
7,79,11.953181021601456
7,80,9.28025838816218
7,81,6.528522199781397
7,82,9.799939893597422
7,83,10.591753149723427
7,84,7.682184394468806
7,85,8.91318118891215
7,86,12.393878545481723
7,87,12.358702120099847
7,88,11.332217608001873
7,89,14.013734581035807
7,90,16.55072615740216
7,91,15.986726010469305
7,92,16.732106278698826
7,93,19.69721601449907
7,94,20.645909723960617
7,95,21.201480789048205
7,96,23.112623506143436
7,97,25.509320102705594
7,98,25.926462302771892
7,99,27.114609900362492
7,100,29.88699001387076
8,1,10.549242725195148
8,2,9.553752774261529
8,3,8.878424063157615
8,4,6.220809334648765
8,5,4.842585288368132
8,6,5.700372483387274
8,7,3.8080980371559257
8,9,3.807726833358637
8,10,5.527139087234759
8,11,5.559693662011607
8,12,6.47403006121224
8,13,9.018172857871415
8,14,10.309804877775305
8,15,11.285307782081349
8,16,12.672296997867418
8,17,14.540166222887043
8,18,15.827612175704816
8,19,16.945028431212787
8,20,18.79977160235529
8,21,20.38995599758011
8,22,21.396911051541043
8,23,23.082305560190505
8,24,24.529844093973278
8,25,26.23738636927484
8,26,27.720860723380667
8,27,29.629704663624544
8,28,31.115360334254074
8,29,32.6056514593015
8,30,36.00151457046963
8,31,40.33694911845568
8,32,39.43654222809207
8,33,40.43967310713532
8,34,38.40279167422801
8,35,35.54746686324588
8,36,34.464774116036004
8,37,32.821530562098935
8,38,29.754916041397532
8,39,28.793306815245842
8,40,28.446966250527524
8,41,26.500772607805395
8,42,24.051579411482276
8,43,23.948383153227947
8,44,23.767384168075946
8,45,20.996100028922147
8,46,18.937320883382107
8,47,19.416746190025084
8,48,18.703060090386508
8,49,15.256404188914104
8,50,14.927262074057616
8,51,16.15113093019664
8,52,13.803580610107268
8,53,10.962057404291146
8,54,13.308377523445566
8,55,14.395258388253284
8,56,11.024543039038628
8,57,10.509437942055419
8,58,13.953969768045917
8,59,13.307036523015274
8,60,10.532437005870442
8,61,12.951791530230274
8,62,15.674994236884995
8,63,13.977439462733521
8,64,13.546999525239814
8,65,17.15617861304887
8,66,18.598963564263677
8,67,17.45527243588614
8,68,20.474821188371607
8,69,19.333696983266602
8,70,20.981126146765327
8,71,20.712362979007803
8,72,19.960876833568154
8,73,16.859464633195213
8,74,15.899458442127889
8,75,16.66865615251639
8,76,14.584888788212073
8,77,11.444679363481477
8,78,12.357238139031413
8,79,12.510181624371544
8,80,9.180741169495363
8,81,7.301624745160622
8,82,10.218463848894185
8,83,9.589663114921473
8,84,6.162487607917147
8,85,8.435805104160242
8,86,11.294803648355112
8,87,10.154802714431376
8,88,9.350797088536954
8,89,12.671527353240943
8,90,14.53701256104867
8,91,13.498997536747554
8,92,14.883627230685256
8,93,17.85952744533685
8,94,18.20074076072218
8,95,18.899965340977403
8,96,21.243236041740968
8,97,23.309141743605657
8,98,23.392757834311887
8,99,24.906852716508013
8,100,27.74438106858485
9,1,12.494707055018868
9,2,10.523486735811327
9,3,10.543351566726383
9,4,8.908705964748188
9,5,6.210108448737443
9,6,5.842240418974736
9,7,5.6431024177857445
9,8,3.807726833358637
9,10,3.8127937669515135
9,11,5.263392301341692
9,12,4.658223522552371
9,13,6.123082195583047
9,14,8.577560216858867
9,15,9.884963389324565
9,16,10.286453378700253
9,17,11.96915200603578
9,18,13.998134243833398
9,19,14.931358060738177
9,20,16.192870210831828
9,21,18.100385905182566
9,22,19.50284855848612
9,23,20.79857156673751
9,24,21.993000815415193
9,25,24.086308669570077
9,26,25.66999055452985
9,27,27.21254517444395
9,28,28.73377087118129
9,29,30.559879994632436
9,30,34.061326252010815
9,31,38.91531258253544
9,32,38.34325108433949
9,33,39.44318352433275
9,34,37.13629567551661
9,35,34.411978783664544
9,36,33.645921848136894
9,37,31.67959418787915
9,38,28.57933466962546
9,39,28.07059643139575
9,40,27.638107997443573
9,41,25.271658182421152
9,42,23.05749240913388
9,43,23.425619420655668
9,44,22.95949691989039
9,45,19.83563277894958
9,46,18.37474391256871
9,47,19.15928758547902
9,48,17.8789012869982
9,49,14.406308865116035
9,50,15.044814265095685
9,51,16.29152285252973
9,52,13.355936593365707
9,53,11.363984209783839
9,54,14.383611727467727
9,55,15.037349928481106
9,56,11.523035484411174
9,57,12.22109468071831
9,58,15.576587572243076
9,59,14.386043815884968
9,60,12.228096510672641
9,61,15.297576103221902
9,62,17.48962696469184
9,63,15.565532176663654
9,64,15.911184020489683
9,65,19.576443927533028
9,66,20.474684213429004
9,67,19.385600505424332
9,68,22.48794496621608
9,69,21.815902676929177
9,70,23.878004201137045
9,71,23.847203811052612
9,72,23.37731936312615
9,73,20.125710115782578
9,74,19.07895491754837
9,75,20.176340229966883
9,76,18.238163419267288
9,77,14.933542195620893
9,78,15.770615371711385
9,79,16.203498226361788
9,80,12.972752774612553
9,81,10.780514239792987
9,82,13.47303889534989
9,83,12.940744181750825
9,84,9.228697364928939
9,85,10.670527415588099
9,86,13.65060380246726
9,87,12.14099088226905
9,88,10.27673419992624
9,89,13.717810954479756
9,90,15.71208338536428
9,91,13.882836503780403
9,92,14.757949859734623
9,93,18.194925859067496
9,94,18.313453006345387
9,95,18.25210962815255
9,96,20.796896237476606
9,97,23.157218492319572
9,98,22.811128045926726
9,99,23.92531531528987
9,100,27.091435997839877
10,1,14.257721310004856
10,2,11.959411681481694
10,3,10.898371949183868
10,4,9.968064900480579
10,5,8.345882837559126
10,6,6.305738977520574
10,7,5.131288312162927
10,8,5.527139087234759
10,9,3.8127937669515135
10,11,3.804026306868287
10,12,5.435064500728536
10,13,5.322052890834791
10,14,6.67033224117799
10,15,9.270875986836124
10,16,10.343512196948417
10,17,10.873655935959004
10,18,12.81219816055906
10,19,14.670671036550397
10,20,15.677117738998616
10,21,16.86935275657672
10,22,18.692791122954773
10,23,20.451364286369476
10,24,21.13906806694313
10,25,22.919041835579684
10,26,24.994340881190677
10,27,26.685705321497828
10,28,27.71842025027524
10,29,29.573839398260578
10,30,33.20440701581978
10,31,37.867316287208666
10,32,37.36142451648754
10,33,38.12476429890496
10,34,35.718536234134405
10,35,33.21209481412264
10,36,32.21459098658927
10,37,30.08030785523803
10,38,27.280823942991475
10,39,26.622148613090385
10,40,25.718756330511653
10,41,23.446370205105765
10,42,21.615719323175146
10,43,21.616976459937202
10,44,20.67293552508044
10,45,17.792172483691623
10,46,16.55316814883305
10,47,16.72890061302846
10,48,15.083551929924981
10,49,11.95188116844518
10,50,12.633243427410857
10,51,13.221576699123863
10,52,10.019733530290052
10,53,8.489450451526924
10,54,11.438028263978417
10,55,11.576008622713609
10,56,8.050484796192178
10,57,9.523506406713196
10,58,12.638853763051882
10,59,11.304482387792598
10,60,9.901109629036268
10,61,13.243281466903762
10,62,15.096556522377021
10,63,13.597454073551852
10,64,14.657339699078127
10,65,18.063830565251834
10,66,18.86192548877512
10,67,18.43923404730411
10,68,21.89558049003515
10,69,21.67175243889773
10,70,23.816412147177346
10,71,23.438041714574936
10,72,23.450614571105525
10,73,20.416181162369796
10,74,18.683051930040374
10,75,19.826086383677357
10,76,18.566396609237866
10,77,15.03777025959031
10,78,15.073888745659085
10,79,16.032204899386528
10,80,13.43258218483055
10,81,10.36505341163049
10,82,12.642386247650972
10,83,13.048275827549313
10,84,9.437819098490769
10,85,9.529801430173215
10,86,13.01040426481169
10,87,12.4120773118113
10,88,9.939668476795399
10,89,12.681659904743093
10,90,15.443734009925189
10,91,14.044723610660776
10,92,14.019782612371236
10,93,17.49155979909381
10,94,18.347859670752662
10,95,18.056151048447834
10,96,20.02803545346385
10,97,22.814897258450294
10,98,22.909477269388887
10,99,23.58577475719862
10,100,26.640240640417428
11,1,15.835671596268483
11,2,14.292512329277775
11,3,13.010957341047094
11,4,11.109208442673996
11,5,9.979355785211173
11,6,9.061987858444589
11,7,6.55312489336068
11,8,5.559693662011607
11,9,5.263392301341692
11,10,3.804026306868287
11,12,3.812229510281088
11,13,5.408029139249139
11,14,5.044509182368044
11,15,6.6620599115107595
11,16,8.879561213628525
11,17,9.934563515263026
11,18,10.809986019527068
11,19,12.6826932100174
11,20,14.503983635981621
11,21,15.45328503837776
11,22,16.640116598896537
11,23,18.775049795657058
11,24,19.905292484742297
11,25,21.26943901678849
11,26,23.08357215374015
11,27,25.189357078989165
11,28,26.29802693795804
11,29,27.73109921125791
11,30,31.210279646847397
11,31,35.42895339244739
11,32,34.64039989576823
11,33,35.4350560148702
11,34,33.27137749470838
11,35,30.578114059272533
11,36,29.42955914762992
11,37,27.59941972692008
11,38,24.6984128971727
11,39,23.761768333118145
11,40,23.140863146128158
11,41,21.136387122880862
11,42,18.92400418212974
11,43,18.77218466206577
11,44,18.32095862482195
11,45,15.537232622620238
11,46,13.70136236478192
11,47,14.13750904167893
11,48,13.209921100878104
11,49,9.72872963467098
11,50,9.847976299574274
11,51,11.266202607841265
11,52,8.776083315490757
11,53,6.345021430908244
11,54,9.637995272252354
11,55,10.986357107191179
11,56,8.130911451175544
11,57,8.750198746827765
11,58,12.372003531887595
11,59,12.206772687062038
11,60,10.919256769437816
11,61,13.555584099011252
11,62,16.067784998512536
11,63,15.282920759841677
11,64,15.843360786042847
11,65,19.044273008204147
11,66,20.509005578066564
11,67,20.30957438593607
11,68,23.787020353059944
11,69,23.132826074316803
11,70,24.76958636865457
11,71,23.93042012610121
11,72,23.544703889702387
11,73,20.84117545415424
11,74,19.084368783942224
11,75,19.491774672375595
11,76,18.135980187292947
11,77,14.996527105565084
11,78,14.554076429182464
11,79,14.722309753781998
11,80,12.269703806287414
11,81,9.325245836092234
11,82,10.693637934574625
11,83,10.54635424371238
11,84,6.9144500368973905
11,85,6.544293755972723
11,86,9.639259400534671
11,87,8.850395753698056
11,88,6.145947808621143
11,89,8.964709228245965
11,90,11.639896090355737
11,91,10.39995797115523
11,92,10.534484894028292
11,93,13.8610669930806
11,94,14.789797157654395
11,95,14.869663120376753
11,96,16.77438427113013
11,97,19.38129080711816
11,98,19.7149026955023
11,99,20.65191753318026
11,100,23.50291010672879
12,1,16.64558849082602
12,2,15.05699865099648
12,3,14.718641750026482
12,4,12.620786222277033
12,5,10.459162574691385
12,6,10.232171762380654
12,7,8.808834203709603
12,8,6.47403006121224
12,9,4.658223522552371
12,10,5.435064500728536
12,11,3.812229510281088
12,13,3.8056532340589166
12,14,5.261595960357947
12,15,5.354525793267539
12,16,6.201577644243122
12,17,8.394643245365966
12,18,9.75409181749639
12,19,10.553150921770058
12,20,12.361169517036322
12,21,14.149740837829132
12,22,15.12359789306978
12,23,16.6303863513845
12,24,18.121553521145007
12,25,19.959284910543655
12,26,21.359465920292084
12,27,23.166158127002607
12,28,24.73442841779963
12,29,26.297487486514804
12,30,29.711847364634664
12,31,34.389040286112724
12,32,33.74035596199519
12,33,34.90857101343999
12,34,32.677098471645
12,35,29.865682972367406
12,36,29.15303302627339
12,37,27.284465006124133
12,38,24.079651343179503
12,39,23.60888641738325
12,40,23.415299489378956
12,41,21.04326153068388
12,42,18.620616559998066
12,43,19.206658125402054
12,44,19.064053634099317
12,45,15.81120106837367
12,46,14.249470226005192
12,47,15.602749243039765
12,48,14.662402647798435
12,49,10.94982093953297
12,50,11.882481576290438
12,51,13.950560371407164
12,52,11.417298169670822
12,53,9.561036257540236
12,54,13.126380308010274
12,55,14.55330882334367
12,56,11.745204742349138
12,57,12.55717357336602
12,58,16.177660710896305
12,59,15.813107806334315
12,60,14.360178020275248
12,61,17.123331706558083
12,62,19.610769208530996
12,63,18.447553325673212
12,64,18.890994708639283
12,65,22.3020691499799
12,66,23.610202149146218
12,67,23.00795232442145
12,68,26.304607307306757
12,69,25.523484442499967
12,70,27.249211488163485
12,71,26.720411634788675
12,72,26.055263256659256
12,73,23.149782885129117
12,74,21.85575627413955
12,75,22.30141104721572
12,76,20.46275723963668
12,77,17.456007345428468
12,78,17.565965189579117
12,79,17.353411449896676
12,80,14.426107480638668
12,81,12.126730656547993
12,82,13.672282611894286
12,83,12.6408505714242
12,84,8.918757620472592
12,85,9.44113991675532
12,86,11.742250294604036
12,87,9.724136541468317
12,88,6.986041448957757
12,89,10.380266523964028
12,90,12.140451654743371
12,91,9.78102470955528
12,92,10.392654292099486
12,93,13.96571992091616
12,94,13.943105679402583
12,95,13.623717897931533
12,96,16.22813064762022
12,97,18.61975656835233
12,98,18.225006803909263
12,99,19.269891794893496
12,100,22.442787734219053
13,1,18.53982212830565
13,2,16.273445077591024
13,3,15.896065127127526
13,4,14.615189705551295
13,5,12.279846085204527
13,6,10.96988070513453
13,7,10.185400610064184
13,8,9.018172857871415
13,9,6.123082195583047
13,10,5.322052890834791
13,11,5.408029139249139
13,12,3.8056532340589166
13,14,3.8132857624452896
13,15,5.653936013306914
13,16,5.334255800320745
13,17,5.93444049954346
13,18,8.470119649177091
13,19,9.792530334731168
13,20,10.478689556805392
13,21,12.13657867819229
13,22,13.985642986379455
13,23,15.337599090040145
13,24,16.103219922371604
13,25,18.199629374612485
13,26,20.08852624360678
13,27,21.558584103732414
13,28,22.815767607483387
13,29,24.79558730736058
13,30,28.414514608231446
13,31,33.49688708258257
13,32,33.22640894287556
13,33,34.25341677532332
13,34,31.692865860179698
13,35,29.181292062932567
13,36,28.62722546585985
13,37,26.3246636813912
13,38,23.325067334888224
13,39,23.218922993073114
13,40,22.59533731766684
13,41,19.866978676504175
13,42,18.020989902434785
13,43,18.820252075485595
13,44,18.02220298816212
13,45,14.607926787641894
13,46,13.93694119554354
13,47,15.10414303129119
13,48,13.308908312807155
13,49,9.958514689439344
13,50,11.93080292610309
13,51,13.429581938311351
13,52,10.293621116637869
13,53,9.732254310030948
13,54,13.45539223552871
13,55,14.10465181777838
13,56,11.384442911453686
13,57,13.297759381186632
13,58,16.503107738399247
13,59,15.623775973609039
13,60,14.872412230680865
13,61,18.061902238581467
13,62,19.95328037615117
13,63,18.755080524838313
13,64,19.925163376941182
13,65,23.25313738666772
13,66,24.087482065479165
13,67,23.745534090384957
13,68,27.185403098229994
13,69,26.921643220442608
13,70,29.000599178352648
13,71,28.5559295976897
13,72,28.329724586481017
13,73,25.34623525102405
13,74,23.742455514150837
13,75,24.547298437202848
13,76,23.068874769343076
13,77,19.77134383136631
13,78,19.68149950723144
13,79,20.024276361377364
13,80,17.32009979567204
13,81,14.526882650204904
13,82,16.101502339737642
13,83,15.7231806467123
13,84,12.005816418062901
13,85,11.73002396686253
13,86,14.38425939236371
13,87,12.894395348425535
13,88,9.592209336841645
13,89,12.275247494915956
13,90,14.526639019825222
13,91,12.079853981338248
13,92,11.56662221073734
13,93,15.358632047196345
13,94,15.64867685513464
13,95,14.466294785340523
13,96,16.759075268917435
13,97,19.65392286819621
13,98,19.1589841381196
13,99,19.473232649292864
13,100,22.839181418684017
14,1,20.46204057237611
14,2,18.478266203967745
14,3,17.39888619639561
14,4,15.933817849542288
14,5,14.36095975891355
14,6,12.938439097193669
14,7,11.118464346776811
14,8,10.309804877775305
14,9,8.577560216858867
14,10,6.67033224117799
14,11,5.044509182368044
14,12,5.261595960357947
14,13,3.8132857624452896
14,15,3.8107845047104427
14,16,5.6988210902414815
14,17,5.269342366385481
14,18,6.259954888685605
14,19,8.786857025160781
14,20,10.044757621863152
14,21,10.577966155664773
14,22,12.237165030583231
14,23,14.44909095890037
14,24,15.130788024085211
14,25,16.48555452370479
14,26,18.614451934427247
14,27,20.61454427298052
14,28,21.47396777977438
14,29,23.08762911111523
14,30,26.691125531160072
14,31,31.211448043540283
14,32,30.750182118883387
14,33,31.507817328870463
14,34,29.060710538636936
14,35,26.572427517856088
14,36,25.6740328341556
14,37,23.466842216080806
14,38,20.63867338728986
14,39,20.152437005864446
14,40,19.325275184606355
14,41,16.88093125988037
14,42,15.04963989445368
14,43,15.394319320591363
14,44,14.542253802787037
14,45,11.350220308603467
14,46,10.415667550736632
14,47,11.32037531210486
14,48,9.70225055021464
14,49,6.209726614259583
14,50,8.185393767025005
14,51,9.873614261488264
14,52,7.116614640701358
14,53,6.7965434440504895
14,54,10.58794627762195
14,55,11.670853658169747
14,56,9.746666737979087
14,57,11.625333382878399
14,58,14.73150390863599
14,59,14.571333434806379
14,60,14.43114737011476
14,61,17.207434043213404
14,62,19.219851340280513
14,63,18.756938241002786
14,64,19.990593231741805
14,65,22.969418759308574
14,66,24.152596127832965
14,67,24.337056995040392
14,68,27.95855375022959
14,69,27.675129122467553
14,70,29.4667166212377
14,71,28.535982414599662
14,72,28.358594331014267
14,73,25.734829575265262
14,74,23.74667947861416
14,75,24.130945091356487
14,76,23.024829327809464
14,77,19.890977233714725
14,78,19.089452488169165
14,79,19.279042866136194
14,80,17.1219440358022
14,81,14.073285632616292
14,82,14.78215624447035
14,83,14.673346716114867
14,84,11.333950601179755
14,85,9.9277466934317
14,86,12.298102562375508
14,87,11.4004022632353
14,88,7.688090510118714
14,89,9.424077889546458
14,90,12.11669578960726
14,91,10.171591581395685
14,92,8.768515507430378
14,93,12.464974955295338
14,94,13.478826253646718
14,95,12.33924697044651
14,96,13.992393982428421
14,97,17.15368234686641
14,98,17.261440761436567
14,99,17.38208281034479
14,100,20.465193195110935
15,1,21.764808179989913
15,2,20.228463828185525
15,3,19.470120701429597
15,4,17.383475264425975
15,5,15.662367979545422
15,6,15.094592318833714
15,7,13.13185830094552
15,8,11.285307782081349
15,9,9.884963389324565
15,10,9.270875986836124
15,11,6.6620599115107595
15,12,5.354525793267539
15,13,5.653936013306914
15,14,3.8107845047104427
15,16,3.8133464650864375
15,17,5.31450955009619
15,18,4.80357927213511
15,19,6.158924967495184
15,20,8.657288568917677
15,21,9.638368007529998
15,22,10.164703540412331
15,23,12.31457375003054
15,24,13.875290917364325
15,25,15.129734874069143
15,26,16.567557214862276
15,27,18.80018232676735
15,28,20.132874903062376
15,29,21.373332397673668
15,30,24.75282402471013
15,31,29.154854175135327
15,32,28.484201656570214
15,33,29.57200144639107
15,34,27.34375591581304
15,35,24.545179599765053
15,36,23.81814013786336
15,37,21.93751765686893
15,38,18.736093686860052
15,39,18.301647488175337
15,40,18.17765273716158
15,41,15.776912750545163
15,42,13.277024482784517
15,43,14.085290004460976
15,44,14.139811581404002
15,45,10.766512290248052
15,46,9.297954244395752
15,47,11.347208056826453
15,48,10.73378517424712
15,49,7.057389451165321
15,50,8.700190770811764
15,51,11.546309497266655
15,52,9.78905877803705
15,53,8.865530152583908
15,54,12.510965893820472
15,55,14.434516928724184
15,56,12.80373878496005
15,57,13.92057161494166
15,58,17.292859941493326
15,59,17.646174775407495
15,60,17.153698709244043
15,61,19.583694499249493
15,62,22.034523120190773
15,63,21.642152682720557
15,64,22.390700343924458
15,65,25.42194743355899
15,66,26.948196149229695
15,67,26.93423212426038
15,68,30.44243183569779
15,69,29.76231342012586
15,70,31.273165015584084
15,71,30.265180663506158
15,72,29.64186093795793
15,73,27.11036248108697
15,74,25.43048812642314
15,75,25.397456937103208
15,76,23.929155337848076
15,77,21.150996690753754
15,78,20.46511289361518
15,79,19.948149899202782
15,80,17.651390292294774
15,81,15.170119795291246
15,82,15.497135813869077
15,83,14.502685808866858
15,84,11.38877326155566
15,85,10.381883839290817
15,86,11.697348584016895
15,87,9.895893696887441
15,88,6.292544396343654
15,89,8.166982078615002
15,90,9.808519509232118
15,91,7.067793551243714
15,92,6.060379548447965
15,93,9.860541872267843
15,94,10.112735869493996
15,95,8.959154911259304
15,96,11.230839822849974
15,97,14.03239503710359
15,98,13.802897480906925
15,99,14.335146334094889
15,100,17.495615423614918
16,1,22.62230859985796
16,2,20.776916642394283
16,3,20.63536923681463
16,4,18.783462384194088
16,5,16.379075432828223
16,6,15.831162870809388
16,7,14.726839534642464
16,8,12.672296997867418
16,9,10.286453378700253
16,10,10.343512196948417
16,11,8.879561213628525
16,12,6.201577644243122
16,13,5.334255800320745
16,14,5.6988210902414815
16,15,3.8133464650864375
16,17,3.7947495550263906
16,18,5.212622578255931
16,19,4.778316193294451
16,20,6.263636592316112
16,21,8.608865013799086
16,22,9.516730279300525
16,23,10.524213259208416
16,24,12.084628054554488
16,25,14.215766311601266
16,26,15.445714100396845
16,27,17.015715004106276
16,28,18.74240049522003
16,29,20.450675070960095
16,30,23.879582529574282
16,31,29.053665201122055
16,32,28.768951873093737
16,33,30.156325768898878
16,34,27.68141472162508
16,35,24.973675223859395
16,36,24.80637385749667
16,37,22.654482405068055
16,38,19.321591026742468
16,39,19.616422464985114
16,40,19.648948697073806
16,41,16.730470513302205
16,42,14.491936651956603
16,43,16.118306914599213
16,44,16.02537330682932
16,45,12.308606709014443
16,46,11.788775674105555
16,47,14.196530863798177
16,48,13.05131388335954
16,49,9.745761117911623
16,50,12.154175408194167
16,51,14.708170052177973
16,52,12.479909050378165
16,53,12.12202360447191
16,54,15.88924772769322
16,55,17.328462843583637
16,56,15.356403677957298
16,57,16.915103215686774
16,58,20.25080460677043
16,59,20.05604930685503
16,60,19.46221201322136
16,61,22.27868274454117
16,62,24.500768351682524
16,63,23.658387514561102
16,64,24.572812023286062
16,65,27.823457743144758
16,66,28.99843800361348
16,67,28.701958431978134
16,68,32.12110460051726
16,69,31.56719803309333
16,70,33.35648562187103
16,71,32.70382538707892
16,72,32.09586729843622
16,73,29.290026987741566
16,74,27.839527243105596
16,75,28.129901106064587
16,76,26.427613206255558
16,77,23.504611687681223
16,78,23.260313038848803
16,79,22.88098421420744
16,80,20.216585348221162
16,81,17.854073432647457
16,82,18.707490874684897
16,83,17.556374650107323
16,84,14.18429160310969
16,85,13.768143787373807
16,86,15.244928889151117
16,87,13.019935993122633
16,88,9.70461118491487
16,89,11.898866601223547
16,90,13.07480241767955
16,91,9.780927609210114
16,92,9.098282667095118
16,93,12.716707353819178
16,94,12.143829588100647
16,95,10.21741634037449
16,96,12.9769930728867
16,97,15.62556880402001
16,98,14.494681161793848
16,99,14.724209484146334
16,100,18.2960696241277
17,1,24.43283545821871
17,2,22.204513221475374
17,3,21.710351313286797
17,4,20.365594198603034
17,5,18.16097238714304
17,6,16.841554492554916
17,7,15.75953399233378
17,8,14.540166222887043
17,9,11.96915200603578
17,10,10.873655935959004
17,11,9.934563515263026
17,12,8.394643245365966
17,13,5.93444049954346
17,14,5.269342366385481
17,15,5.31450955009619
17,16,3.7947495550263906
17,18,3.804111609602968
17,19,5.3198253458425295
17,20,5.016846435612123
17,21,6.229491232633389
17,22,8.505194498387125
17,23,9.897412773076237
17,24,10.267359693043037
17,25,12.302283360772602
17,26,14.394717748637447
17,27,15.85943356707368
17,28,16.90778842889508
17,29,18.940242272824133
17,30,22.622190032236276
17,31,27.909651467371692
17,32,27.9251693320484
17,33,28.970080111182256
17,34,26.20184253591694
17,35,23.86237373175274
17,36,23.638500156096242
17,37,21.05629647381488
17,38,18.099254281137284
17,39,18.558353466305185
17,40,17.946393118927062
17,41,14.791091311258302
17,42,13.314047419363876
17,43,14.862246900326802
17,44,13.95859559679148
17,45,10.221338809234775
17,46,10.701048538710008
17,47,12.6468418967322
17,48,10.694129016534378
17,49,8.03138669626961
17,50,11.293730522239233
17,51,13.200644556802546
17,52,10.781085083079757
17,53,11.596670269993673
17,54,15.221962343841376
17,55,16.09615451960029
17,56,14.546778143569293
17,57,16.78915360402742
17,58,19.679505985763296
17,59,19.32298820527355
17,60,19.42844087465705
17,61,22.367848643668488
17,62,24.14537235015958
17,63,23.53364273618279
17,64,24.986797712595788
17,65,28.027473871055026
17,66,28.950478743137563
17,67,29.047663952002807
17,68,32.627623379904456
17,69,32.47531454146675
17,70,34.43725293542548
17,71,33.67741393928317
17,72,33.4609722756795
17,73,30.713050661860514
17,74,28.871998080495988
17,75,29.326177257868842
17,76,28.049803551216677
17,77,24.923596494710512
17,78,24.3095172101998
17,79,24.36203392790723
17,80,22.0217622996092
17,81,19.180006213634368
17,82,19.88381828573636
17,83,19.384300649085752
17,84,16.045049190231182
17,85,14.869250651949596
17,86,16.66767436541724
17,87,15.174009582976659
17,88,11.486854979543295
