1,2,3.8031622530864975
1,3,6.682501552631796
1,4,9.86293079498544
1,5,13.166466584906411
1,6,16.17817944988719
1,7,19.57787395750827
1,8,23.09123473795891
1,9,24.89119639792174
1,10,27.6064614227475
1,11,26.060240439359045
1,12,24.10937291927499
1,13,20.363258714144365
1,14,19.171271119343388
1,15,15.661675523745721
1,16,15.263977701011937
1,17,13.279213244432617
1,18,14.415683189732198
1,19,14.964941518053635
1,20,17.387200668372348
1,21,20.53565910965526
1,22,22.292472690190568
1,23,19.956005327110613
1,24,19.801234367466822
1,25,23.429689475476785
1,26,25.45876399034363
1,27,22.650080658543125
1,28,22.58209287548436
1,29,19.465417214346093
1,30,18.580214759804697
1,31,16.824612053491744
1,32,16.467909668168122
1,33,15.841487784679483
1,34,14.150930303260163
1,35,16.594719230794837
1,36,15.17856248713354
1,37,13.222917096624005
1,38,16.011790099156457
1,39,16.499424166228174
1,40,18.260416992749324
1,41,16.239317927153532
1,42,19.473991445688434
1,43,20.393489796221118
1,44,21.280567903492813
1,45,22.33632660041821
1,46,22.35731210433506
1,47,23.941815668373483
1,48,27.64755993744923
1,49,29.157470523345797
1,50,30.389614904207196
1,51,27.78495614001894
1,52,30.406352161327593
1,53,30.1471548528814
1,54,26.364091833831953
1,55,27.145970982249946
1,56,28.982990862305304
1,57,27.310768698637894
1,58,26.92894355457924
1,59,27.09789623043202
1,60,26.502270598057546
1,61,27.90003446627664
1,62,26.270798063107286
1,63,23.26221400483577
1,64,23.800894512519456
1,65,22.085061042428094
1,66,23.18194295911477
1,67,22.15114332244504
1,68,23.09057042145924
1,69,23.303351452851466
1,70,24.935536496129927
1,71,22.56401224024518
1,72,19.577756321727165
1,73,18.181607019128062
1,74,17.762599614826453
1,75,18.753619085101015
1,76,18.81624345797976
1,77,21.236519134272317
1,78,21.488494752619225
1,79,25.16497270802356
1,80,26.56988911666967
1,81,23.4024328062499
1,82,24.221917266521096
1,83,22.816937461004827
1,84,22.495014919113803
1,85,19.990959901009038
1,86,17.311391429762143
1,87,14.509544990405974
1,88,11.45857112065636
1,89,12.07287417650131
1,90,11.301090544813764
1,91,12.67000553051757
1,92,14.586333575933946
1,93,17.041675655260665
1,94,20.11034598567109
1,95,22.595271306165152
1,96,25.27275807661921
1,97,24.09655165388614
1,98,20.557002506345608
1,99,17.39912891617802
1,100,14.421440549294044
1,101,11.087849269570528
1,102,10.851968160934847
1,103,8.030719904336665
1,104,6.758623632757928
1,105,8.874146138249898
1,106,10.107130609559729
1,107,13.798216150596213
1,108,15.643632145327931
1,109,19.418435253603896
1,110,21.72797501323137
1,111,25.416213595397387
1,112,27.809051120428467
1,113,29.35891734868962
1,114,32.26978987974199
1,115,35.716436244529845
1,116,36.606811949893505
1,117,40.125688375807556
1,118,41.77560507431918
2,1,3.8031622530864975
2,3,3.80809454613016
2,4,6.428638717442947
2,5,9.714129526501504
2,6,12.625400429984715
2,7,15.944135292136847
2,8,19.41145928118073
2,9,21.10836508350361
2,10,23.85247531613169
2,11,22.428839678998692
2,12,20.613559083376938
2,13,16.91709199246817
2,14,16.119741812474768
2,15,12.812289121754581
2,16,13.176525299910981
2,17,11.937052405997601
2,18,13.934747661709176
2,19,15.252791396352816
2,20,18.27485161838404
2,21,20.998575586773455
2,22,23.289377124328013
2,23,21.25479963079152
2,24,20.497557505571635
2,25,23.94990249667994
2,26,25.655748865137518
2,27,22.68445618933723
2,28,22.000792354885764
2,29,18.543745824047832
2,30,17.17442803637728
2,31,14.80714176529999
2,32,14.388441388157299
2,33,13.328164416422501
2,34,12.112012044350509
2,35,14.461084804013327
2,36,13.704460901941033
2,37,12.6690096108504
2,38,15.743716395875083
2,39,15.578319070910851
2,40,17.00391396814731
2,41,14.733801210910329
2,42,17.564651655534167
2,43,18.516089932227448
2,44,18.879637901293258
2,45,20.130964919862834
2,46,20.653250287133393
2,47,22.41767043779648
2,48,26.203253159593633
2,49,28.02384262591676
2,50,29.491742362212428
2,51,27.137809766603105
2,52,29.703082954291265
2,53,28.974687566170463
2,54,25.16601871965997
2,55,25.652893173427415
2,56,27.158734260070602
2,57,25.10295650500388
2,58,24.670591313456445
2,59,24.4673526530194
2,60,23.75773159216977
2,61,24.82033510473083
2,62,22.988475146222076
2,63,20.19908732712795
2,64,21.046754638949814
2,65,19.77433156736925
2,66,21.244122859916594
2,67,20.78461306040075
2,68,22.069410376200704
2,69,22.83456224887737
2,70,24.66197468274246
2,71,22.233397810369777
2,72,19.340897576359797
2,73,17.266879636308367
2,74,16.347142208680133
2,75,16.629178603105572
2,76,16.17588328065878
2,77,18.192605136263865
2,78,18.099193982442685
2,79,21.70652325168922
2,80,22.91451997546465
2,81,19.670083337858944
2,82,20.45304377688576
2,83,19.08721549378218
2,84,18.91882217737916
2,85,16.371845553828962
2,86,13.653467085616377
2,87,11.114821009059124
2,88,8.369708340641889
2,89,9.341999014467115
2,90,9.533468294631191
2,91,11.29680443305338
2,92,13.984113281314146
2,93,16.96785378767149
2,94,20.05916623447603
2,95,23.01305582530446
2,96,25.65915224461429
2,97,24.45862434204723
2,98,21.176098386761023
2,99,17.727165673855367
2,100,15.190674232286062
2,101,11.47516016629687
2,102,10.999401960228498
2,103,7.3965163327834
2,104,5.009653628327467
2,105,5.670551280749607
2,106,6.348944113224398
2,107,10.016685867973079
2,108,11.88768828711057
2,109,15.647277262597807
2,110,18.076569670203927
2,111,21.74300015161954
2,112,24.148075216368103
2,113,25.854677867210413
2,114,28.74671603997384
2,115,32.126516404044025
2,116,32.97551437082689
2,117,36.462753070832555
2,118,38.19842973382034
3,1,6.682501552631796
3,2,3.80809454613016
3,4,3.8095419017187524
3,5,6.604140440970483
3,6,9.88896300188373
3,7,13.195658887445493
3,8,16.844008142429242
3,9,18.954856789886605
3,10,21.496080960671897
3,11,19.658625865796658
3,12,17.794206039801892
3,13,14.023579947892516
3,14,12.996622725157748
3,15,9.867736206892488
3,16,10.206745945501885
3,17,9.756480902801364
3,18,11.854171350086755
3,19,14.002069232793191
3,20,17.30961529586194
3,21,19.776460891817415
3,22,22.48648471227063
3,23,21.030557617004145
3,24,20.146137654632867
3,25,23.281719787427544
3,26,25.067394188512942
3,27,22.351389847547892
3,28,21.47203393525929
3,29,17.952105123496864
3,30,16.83908167016351
3,31,14.403565148778888
3,32,14.781202394392375
3,33,14.024885747947764
3,34,13.813181672090112
3,35,16.328617087826398
3,36,16.32424368182035
3,37,15.880884345754264
3,38,18.85306186547368
3,39,18.129535276725594
3,40,19.10826376844942
3,41,16.358991082091233
3,42,18.630951607572996
3,43,19.01288364557916
3,44,18.679379991666163
3,45,19.46981043516438
3,46,19.972071156921103
3,47,21.30888247825814
3,48,25.054787049211537
3,49,27.306423258411257
3,50,28.54229446637482
3,51,26.116585364009286
3,52,28.317211763364476
3,53,27.348120116178876
3,54,23.544059944787666
3,55,23.518852040648486
3,56,25.11637700095407
3,57,23.01673001079803
3,58,23.057623398399382
3,59,22.940113478430302
3,60,22.67664484731487
3,61,23.576440792979188
3,62,21.316521096024896
3,63,18.577979834531806
3,64,19.12435400378067
3,65,17.905730615970363
3,66,19.109053263795136
3,67,18.803148404782497
3,68,19.839252172216884
3,69,21.095479535426666
3,70,22.651063998566098
3,71,19.93571005458993
3,72,17.437002198560737
3,73,14.954632759833567
3,74,14.27191386916979
3,75,14.100028929195807
3,76,13.929289409838995
3,77,15.693679638888506
3,78,15.931541949962458
3,79,19.41175481634838
3,80,20.707516203431368
3,81,17.64591209622778
3,82,18.987302718727204
3,83,18.110868673980708
3,84,18.48805748809024
3,85,15.595726730877574
3,86,13.163208863297633
3,87,11.536800926488983
3,88,9.384618141042196
3,89,9.7730634568556
3,90,10.124322073093714
3,91,10.992499428190758
3,92,14.246772779845804
3,93,17.085137243508957
3,94,20.46490012812405
3,95,23.624429757193504
3,96,26.550258596530952
3,97,25.791896927669644
3,98,22.593809911597226
3,99,18.928884815647883
3,100,16.366045633591582
3,101,12.660148780873076
3,102,11.106619716949748
3,103,7.3967201134360065
3,104,6.169543959358366
3,105,4.888251311071489
3,106,5.860112876791936
3,107,8.60973960548285
3,108,10.458785761645466
3,109,13.96970871642527
3,110,16.163011594287617
3,111,19.905349826485267
3,112,21.858855817954243
3,113,23.5626366347451
3,114,26.183558068355257
3,115,29.658765709598754
3,116,30.30188790511032
3,117,33.90646009033522
3,118,35.38788977409008
4,1,9.86293079498544
4,2,6.428638717442947
4,3,3.8095419017187524
4,5,3.80689803523168
4,6,6.328540702009773
4,7,9.858380787018357
4,8,13.351330436299955
4,9,15.564017958296255
4,10,18.35242419117877
4,11,16.75728828834267
4,12,15.430552607655347
4,13,11.82658354654965
4,14,11.735843150063982
4,15,9.460134828454395
4,16,10.982367053645516
4,17,11.747566340698352
4,18,14.291970619442722
4,19,16.942060510503687
4,20,20.434545300028766
4,21,22.572292725603578
4,22,25.555356043827697
4,23,24.336851012732012
4,24,23.163474957022956
4,25,26.094962702869964
4,26,27.630973357517455
4,27,24.870930836593587
4,28,23.52950364505763
4,29,19.85723587823504
4,30,18.31798241539753
4,31,15.359168335190098
4,32,15.527539774095809
4,33,14.133299744672524
4,34,14.303699321404446
4,35,16.216740470438758
4,36,16.648855477805558
4,37,16.9193470513091
4,38,20.113379669688307
4,39,19.155958008526486
4,40,19.939060887093845
4,41,17.332362323574642
4,42,19.117216205149298
4,43,19.68756976965953
4,44,18.778616976290024
4,45,19.85436220874792
4,46,20.965735087640958
4,47,22.44860499173309
4,48,26.152295445444707
4,49,28.671720612530333
4,50,30.109665801937503
4,51,27.96712727016335
4,52,30.03441554970119
4,53,28.622232461610828
4,54,24.89776338371319
4,55,24.477227500340813
4,56,25.68613802978503
4,57,23.16846945887856
4,58,23.21119146310208
4,59,22.570773286991876
4,60,22.141907870279766
4,61,22.43168264991883
4,62,19.823006801837117
4,63,17.626157106974393
4,64,18.651711318467285
4,65,18.163634339945766
4,66,19.735423732197262
4,67,20.105726679705004
4,68,21.350870249990898
4,69,23.139792604451156
4,70,24.7050734957541
4,71,21.924131717863908
4,72,19.739982975190863
4,73,16.775870591760093
4,74,15.77058148847468
4,75,14.663961895724368
4,76,13.852088030617788
4,77,14.695316645499513
4,78,14.275863641420123
4,79,17.432786335817575
4,80,18.15279788325132
4,81,14.884451111857498
4,82,16.04621885644874
4,83,15.022559434025407
4,84,15.96109656496358
4,85,13.325869017400306
4,86,10.664530566780464
4,87,9.954781218507684
4,88,9.08996398517463
4,89,10.245417932686887
4,90,11.804453804382364
4,91,13.019309277016765
4,92,16.603520056620972
4,93,19.69826326666647
4,94,22.926792219827018
4,95,26.317864638334722
4,96,29.111069426327212
4,97,28.25305395206433
4,98,25.300568307528188
4,99,21.590200312020855
4,100,19.416637527670826
4,101,15.672127363434246
4,102,14.238361712849256
4,103,10.52083637708948
4,104,8.730658066492998
4,105,5.9300306746528175
4,106,4.650986468279133
4,107,6.149322659148912
4,108,7.033414581310224
4,109,10.451913184232975
4,110,12.398384245949922
4,111,16.160153654454092
4,112,18.158677935982475
4,113,19.800664565799842
4,114,22.516551306929095
4,115,25.978902154705516
4,116,26.777113111887985
4,117,30.337572783237064
4,118,31.916045464882213
5,1,13.166466584906411
5,2,9.714129526501504
5,3,6.604140440970483
5,4,3.80689803523168
5,6,3.804966676876084
5,7,6.664647355707461
5,8,10.399613955645362
5,9,12.751535635496134
5,10,15.145769566866406
5,11,13.191084473488225
5,12,11.737181818241393
5,13,8.133194234071897
5,14,8.26778060496326
5,15,6.808624099474634
5,16,9.14207805590045
5,17,11.057847149287799
5,18,13.917793320500348
5,19,17.043036557497096
5,20,20.7069242783703
5,21,22.287725461784568
5,22,25.609088823401652
5,23,24.831381693401198
5,24,23.283107722275066
5,25,25.819971702488147
5,26,27.101239970836208
5,27,24.48559743157116
5,28,22.75344098891494
5,29,19.099406535819078
5,30,17.561079896539567
5,31,14.529274997023467
5,32,15.236562499674601
5,33,14.118935617436993
5,34,15.257191572414943
5,35,17.208591242041752
5,36,18.412647312895054
5,37,19.261998201947144
5,38,22.176391090600283
5,39,20.63362149498768
5,40,20.914023427785445
5,41,18.014153608015253
5,42,19.10361993656877
5,43,19.176584720983925
5,44,17.575238661592685
5,45,18.308669801207394
5,46,19.6056916577141
5,47,20.836966020932486
5,48,24.38347811307816
5,49,27.23162174355784
5,50,28.62938220346031
5,51,26.685637887307795
5,52,28.46997127168129
5,53,26.681660423384315
5,54,23.095127202356185
5,55,22.238436130627118
5,56,23.203056379617422
5,57,20.49357022427655
5,58,20.79121432318904
5,59,20.02173540830595
5,60,19.891266647289527
5,61,19.914689195825325
5,62,16.96810931754274
5,63,15.000501245000471
5,64,15.921184633809176
5,65,15.821181440322071
5,66,17.41057981581925
5,67,18.292262793649705
5,68,19.62743324633183
5,69,21.927127669597763
5,70,23.4758041825801
5,71,20.75834013591877
5,72,18.92670970803392
5,73,15.540901638951214
5,74,14.302526171329959
5,75,12.400231085140136
5,76,11.355250663164288
5,77,11.533673305122162
5,78,11.165659138501095
5,79,14.077198708647963
5,80,14.867420190506985
5,81,11.879010592560848
5,82,13.678823811635585
5,83,13.44544975830814
5,84,14.741319041202226
5,85,11.788511961554592
5,86,9.963194511853146
5,87,10.3876930587015
5,88,10.221974210299914
5,89,10.628174087120353
5,90,12.394726322988049
5,91,13.030770129538741
5,92,16.814699480681423
5,93,19.810569985845
5,94,22.970548985589648
5,95,26.53720079439922
5,96,29.357058786738268
5,97,28.775100427460636
5,98,26.09570402385794
5,99,22.32221964217036
5,100,20.472823359236415
5,101,16.903817482166566
5,102,15.099441837147465
5,103,11.743377664463354
5,104,10.535296812850024
5,105,6.991110857073683
5,106,6.097252707417154
5,107,5.211232267225051
5,108,6.233818228994567
5,109,8.653069441899127
5,110,10.634225270787166
5,111,14.233638452328591
5,112,15.69284568082135
5,113,17.70013102590935
5,114,20.005163806899656
5,115,23.404751683704276
5,116,23.81076722270792
5,117,27.44124062761359
5,118,28.891399526262
6,1,16.17817944988719
6,2,12.625400429984715
6,3,9.88896300188373
6,4,6.328540702009773
6,5,3.804966676876084
6,7,3.7867400339618396
6,8,7.116765317143983
6,9,9.82609820085884
6,10,12.618644663942716
6,11,11.089063854099486
6,12,10.723552380216631
6,13,7.866844061117262
6,14,9.478213006048595
6,15,9.431676799171528
6,16,12.241303457158692
6,17,14.629067319940155
6,18,17.469880734542826
6,19,20.72669887357304
6,20,24.38645645402703
6,21,25.835684578840176
6,22,29.241380437861448
6,23,28.578613536863443
6,24,26.949467875072678
6,25,29.36778852826616
6,26,30.506477458118884
6,27,27.8946522804809
6,28,25.91887796733089
6,29,22.258652736002446
6,30,20.462324467448294
6,31,17.195612792346875
6,32,17.599130567137863
6,33,15.966450374921564
6,34,17.19363501192203
6,35,18.470626537739747
6,36,19.86211396207953
6,37,21.13940938080091
6,38,24.19504974403647
6,39,22.638334550071477
6,40,22.841587011640218
6,41,20.24054545126529
6,42,20.97297138042718
6,43,21.289043210060868
6,44,19.31945742301519
6,45,20.323516136486212
6,46,22.091703141531283
6,47,23.419105225127637
6,48,26.822716361152413
6,49,29.806582005546744
6,50,31.34288945560833
6,51,29.645534379613082
6,52,31.29515770202754
6,53,29.202598390314883
6,54,25.773640976010544
6,55,24.610982566432096
6,56,25.21676393313768
6,57,22.22388422267142
6,58,22.51772117637038
6,59,21.249965926734138
6,60,20.935390216633305
6,61,20.26248695193902
6,62,17.02843266972927
6,63,15.874582880282802
6,64,17.27181254568151
6,65,17.912696509059707
6,66,19.725035471031735
6,67,21.095484757400413
6,68,22.49161585205764
6,69,25.089890624843406
6,70,26.560029859614826
6,71,23.819899973713454
6,72,22.277092644085975
6,73,18.75395752126462
6,74,17.438835070978183
6,75,15.0116332335595
6,76,13.530634523920636
6,77,12.657063747141798
6,78,11.471612507939696
6,79,13.603839203926109
6,80,13.432285097172931
6,81,10.288822398498313
6,82,11.73779106629857
6,83,11.33042259262321
6,84,13.4974459616368
6,85,11.204084652619253
6,86,9.345084221069227
6,87,10.957602172651058
6,88,12.025417960423233
6,89,13.087346557326324
6,90,15.484717903891962
6,91,16.41846121526113
6,92,20.207264323108014
6,93,23.304863488642138
6,94,26.311628278426838
6,95,29.957637205327565
6,96,32.64385056068239
6,97,31.94593216934986
6,98,29.428506358929475
6,99,25.68713152044185
6,100,24.045471743288843
6,101,20.46303682401605
6,102,18.834744593930278
6,103,15.456428153494745
6,104,13.891500674178076
6,105,10.243413862815139
6,106,8.222754319835381
6,107,6.062930001638628
6,108,4.743004093153818
6,109,5.902536803386261
6,110,7.0283148225547185
6,111,10.629744840796405
6,112,12.057514781654252
6,113,13.923264165721928
6,114,16.36946355156467
6,115,19.790815141767588
6,116,20.456497326363117
6,117,24.039934688347543
6,118,25.600987521781143
7,1,19.57787395750827
7,2,15.944135292136847
7,3,13.195658887445493
7,4,9.858380787018357
7,5,6.664647355707461
7,6,3.7867400339618396
7,8,3.7883277133324817
7,9,6.5679162942652
7,10,8.956034725808655
7,11,7.348034743860353
7,12,7.546566926361683
7,13,5.690701685165831
7,14,8.523364110014734
7,15,9.894623739044219
7,16,13.16732476408592
7,17,16.11158289473834
7,18,19.105123841381882
7,19,22.479588951696982
7,20,26.182335176279665
7,21,27.150639673064592
7,22,30.735249259985366
7,23,30.336180287967228
7,24,28.372402039799166
7,25,30.457826564519774
7,26,31.255572939840196
7,27,28.729475393639564
7,28,26.381290385257852
7,29,22.829580598720593
7,30,20.918431045447797
7,31,17.64642334263206
7,32,18.229089122734184
7,33,16.706578055512207
7,34,18.575656949883417
7,35,19.647896820217596
7,36,21.618790402238815
7,37,23.38544633001973
7,38,26.17731834015731
7,39,24.20161117102541
7,40,23.992792405457475
7,41,21.364249945304337
7,42,21.431747299670054
7,43,21.466145276596606
7,44,18.935172526988865
7,45,19.78973530659055
7,46,21.871032021059296
7,47,23.09073036390385
7,48,26.218534657552613
7,49,29.387237838269495
7,50,30.9962012259926
7,51,29.644869122027398
7,52,31.074652513534964
7,53,28.600817605620133
7,54,25.43284473646355
7,55,23.945802364996755
7,56,24.08990831370295
7,57,20.863030826811734
7,58,21.219094766434242
7,59,19.599522082718078
7,60,19.381469773510798
7,61,18.1896900122367
7,62,14.692902906009827
7,63,14.234853507377059
7,64,15.7893484567004
7,65,17.12273314326785
7,66,19.086105098569487
7,67,21.052633431555755
7,68,22.637886934029925
7,69,25.585019050211795
7,70,27.113520713567933
7,71,24.602985220239976
7,72,23.333695629461126
7,73,19.61573017551154
7,74,18.003532554855465
7,75,14.970221269078005
7,76,13.066086578743525
7,77,11.164438537370271
7,78,9.51971034097774
7,79,10.773578121147555
7,80,10.11156636821989
7,81,7.337760451787651
7,82,9.29308434973614
7,83,9.875907168885949
7,84,12.455959836997957
7,85,10.318964768613641
7,86,9.643046089667516
7,87,12.231381802020778
7,88,13.89573221828873
7,89,14.548749671663604
7,90,17.120882666073094
7,91,17.82313541133746
7,92,21.548421423807802
7,93,24.56827698715722
7,94,27.336140748769417
7,95,31.072567199749813
7,96,33.63211683313911
7,97,33.05476608217052
7,98,30.860636817019603
7,99,27.170093973731195
7,100,25.915919001837963
7,101,22.52551263824001
7,102,20.879843111193544
7,103,17.815719903312786
7,104,16.432443045685893
7,105,12.63698663331672
7,106,10.831716580358476
7,107,7.654205776091056
7,108,6.386459158036873
7,109,5.138022300757692
7,110,5.91378588363806
7,111,8.678240565581847
7,112,9.370189588773849
7,113,11.889356908261426
7,114,13.811162014889918
7,115,17.00114151762959
7,116,17.240425418368513
7,117,20.830135702779618
7,118,22.419963048252182
8,1,23.09123473795891
8,2,19.41145928118073
8,3,16.844008142429242
8,4,13.351330436299955
8,5,10.399613955645362
8,6,7.116765317143983
8,7,3.7883277133324817
8,9,3.7969149101896496
8,10,6.3063541844149595
8,11,5.771485604809797
8,12,7.840945041886924
8,13,7.809849234587172
8,14,11.230881801943791
8,15,13.262384379133398
8,16,16.60562387791755
8,17,19.704092218639826
8,18,22.700555318492043
8,19,26.10671224470182
8,20,29.802630382759144
8,21,30.598255550962897
8,22,34.240405529530065
8,23,33.937322157046594
8,24,31.84981063989343
8,25,33.79450558067715
8,26,34.401639618112135
8,27,31.897434499040095
8,28,29.335445618916193
8,29,25.85524615366962
8,30,23.779928647128
8,31,20.456109618911334
8,32,20.84446495351779
8,33,19.091010392829144
8,34,21.069180993552575
8,35,21.63463279632415
8,36,23.808931223968262
8,37,25.920573356929857
8,38,28.671335129902836
8,39,26.615389163949093
8,40,26.257124743929396
8,41,23.88468719811369
8,42,23.566437421231722
8,43,23.70601901066708
8,44,20.9054094204635
8,45,21.89758639519928
8,46,24.308536534950964
8,47,25.566326105011964
8,48,28.46050332800419
8,49,31.685053729983206
8,50,33.40805879483047
8,51,32.34426303901786
8,52,33.63815093289124
8,53,30.902840324376264
8,54,27.967281758661986
8,55,26.27155067095271
8,56,26.022830142611326
8,57,22.632870274224373
8,58,22.9397283578812
8,59,20.90189708170114
8,60,20.54162511000247
8,61,18.689237119244332
8,62,15.133600947863384
8,63,15.618080562187155
8,64,17.487194611044455
8,65,19.428686818077736
8,66,21.519885822902726
8,67,23.863559888401674
8,68,25.526036622750908
8,69,28.653363577920427
8,70,30.161393841707344
8,71,27.747523222119163
8,72,26.6794671159559
8,73,22.914137472850282
8,74,21.20655875120536
8,75,17.916468949352385
8,76,15.768692920717172
8,77,13.195560006016944
8,78,11.014010010329232
8,79,11.041827567880471
8,80,9.139379217339219
8,81,6.929224785095189
8,82,8.260890661823915
8,83,9.136225241376215
8,84,12.398840713114947
8,85,11.215770187443866
8,86,11.071662537421053
8,87,14.32389304415214
8,88,16.642493876955186
8,89,17.52166514937711
8,90,20.364272983080603
8,91,21.196779492921276
8,92,24.848697384199205
8,93,27.89280415834089
8,94,30.474860034613428
8,95,34.247889988501434
8,96,36.655464359523485
8,97,36.01671361112292
8,98,34.02585064539781
8,99,30.401527661328515
8,100,29.37347470726543
8,101,26.03132542719964
8,102,24.516328081248393
8,103,21.494187240221716
8,104,19.955469552355744
8,105,16.156680751459323
8,106,14.029997982714292
8,107,10.614991650054835
8,108,8.61653997387763
8,109,5.701113190733679
8,110,4.714160808751547
8,111,5.8531712469712
8,112,5.7287444607373965
8,113,8.672699398411535
8,114,10.361899418881581
8,115,13.344663426061729
8,116,13.638584253849926
8,117,17.146403770684863
8,118,18.939303467643974
9,1,24.89119639792174
9,2,21.10836508350361
9,3,18.954856789886605
9,4,15.564017958296255
9,5,12.751535635496134
9,6,9.82609820085884
9,7,6.5679162942652
9,8,3.7969149101896496
9,10,3.7905211406059003
9,11,5.556042316122726
9,12,8.020507298323434
9,13,8.9725349891797
9,14,12.759977993694486
9,15,14.851663098948132
9,16,18.487146398463633
9,17,21.42911455847751
9,18,24.718747516774613
9,19,27.92379566449729
9,20,31.674067817983953
9,21,32.25968755661801
9,22,35.89632047617218
9,23,35.455639306261624
9,24,33.064404154095534
9,25,34.95523661708282
9,26,35.1776795826001
9,27,32.51398219828952
9,28,29.65239830836708
9,29,26.222554913150965
9,30,23.7739654551298
9,31,20.358255613234288
9,32,20.369299424888577
9,33,18.40954737404696
9,34,20.597240643319477
9,35,20.70184430620191
9,36,23.255079750359755
9,37,25.82012684853027
9,38,28.286949512021007
9,39,25.985209853894585
9,40,25.342632769772763
9,41,23.254842274646595
9,42,22.438999123970465
9,43,22.713651680108267
9,44,19.747727729082413
9,45,21.058538365471154
9,46,23.903076690697947
9,47,25.4713136303658
9,48,28.191651067344285
9,49,31.271992662079207
9,50,33.321169041228266
9,51,32.664409343291354
9,52,34.08997580274367
9,53,31.15316842625725
9,54,28.398549716114704
9,55,26.88258637235765
9,56,26.115934602794255
9,57,22.50473403910336
9,58,22.32378041010227
9,59,19.7655013645845
9,60,18.93638183468593
9,61,16.57202637152401
9,62,13.263791023733884
9,63,14.509982165098904
9,64,16.968507151251423
9,65,19.48396948865386
9,66,22.031785695396206
9,67,24.75767929916458
9,68,26.859329514406898
9,69,29.943074322541673
9,70,31.79181147796996
9,71,29.71702481111058
9,72,28.459651524299918
9,73,24.670199124743515
9,74,22.477879568293172
9,75,19.086370944383038
9,76,16.34822700097622
9,77,13.454363471588481
9,78,10.482147348971802
9,79,9.817810342581206
9,80,6.946148485561868
9,81,4.926560629954015
9,82,5.168266906531156
9,83,6.750374368795966
9,84,9.981939821232235
9,85,9.53798787778364
9,86,10.339719526765824
9,87,14.005694338041959
9,88,16.829762605187426
9,89,17.700107839814038
9,90,20.832580484879955
9,91,21.93616225922382
9,92,25.389818884784166
9,93,28.540132746014542
9,94,30.745893678628146
9,95,34.54849413177933
9,96,36.63764252043271
9,97,35.81650730483125
9,98,34.15541951980834
9,99,30.687215437217954
9,100,30.109831225644562
9,101,26.9096351763046
9,102,25.7966992831585
9,103,22.920403547720877
9,104,21.121789377075622
9,105,17.40001598852727
9,106,15.154886548957837
9,107,11.454750694517182
9,108,9.704304908135988
9,109,6.082170305376175
9,110,5.963972215429357
9,111,5.434290408322019
9,112,5.732836976070927
9,113,9.483142482617454
9,114,10.929247013406854
9,115,13.039578151058448
9,116,13.109443197217752
9,117,16.187548518148617
9,118,18.54083292728719
10,1,27.6064614227475
10,2,23.85247531613169
10,3,21.496080960671897
10,4,18.35242419117877
10,5,15.145769566866406
10,6,12.618644663942716
10,7,8.956034725808655
10,8,6.3063541844149595
10,9,3.7905211406059003
10,11,3.812459890933383
10,12,6.866536987711799
10,13,9.35121863032977
10,14,12.999114830264809
10,15,15.767079830990328
10,16,19.286141521272086
10,17,22.46219995597118
10,18,25.673314887823675
10,19,28.888568888319178
10,20,32.564691217783086
10,21,32.71920257842545
10,22,36.436356261610335
10,23,36.28608312173314
10,24,33.68687558245245
10,25,35.21111654442552
10,26,35.16995123624182
10,27,32.71267376734295
10,28,29.65239921983701
10,29,26.47630803164723
10,30,24.174442735148936
10,31,21.048116802858708
10,32,21.442800645723196
10,33,19.95383145695183
10,34,22.616524370236068
10,35,22.88109891784558
10,36,25.766818100851356
10,37,28.462629471127197
10,38,30.64153361439198
10,39,28.023528628510924
10,40,27.051269413724256
10,41,24.822150179636054
10,42,23.53123009172762
10,43,23.322770352548726
10,44,19.986225715425466
10,45,20.85184232559613
10,46,23.690837688852824
10,47,24.950328242012656
10,48,27.275653074890926
10,49,30.47209060303526
10,50,32.43896036983754
10,51,32.07093160515322
10,52,33.200506207746194
10,53,30.009968933435704
10,54,27.60283511011917
10,55,25.812475492572574
10,56,24.6742364909502
10,57,21.057476352200243
10,58,21.04364969394802
10,59,18.374787369495245
10,60,17.889489486081875
10,61,15.185586427528905
10,62,11.818057091392282
10,63,13.765208987318873
10,64,15.960145595855005
10,65,18.887549885347212
10,66,21.30027229658275
10,67,24.37326526090386
10,68,26.493808431731466
10,69,29.76781333781401
10,70,31.577936217694802
10,71,29.765105892672434
10,72,28.796810016942104
10,73,25.00820160145693
10,74,22.74208139035802
10,75,19.10936294385225
10,76,16.380519607161048
10,77,12.955186078760116
10,78,10.203105216044987
10,79,8.202432495775138
10,80,4.796928672678596
10,81,5.268172633442618
10,82,6.506206521991826
10,83,9.417603815853381
10,84,11.97382599991597
10,85,11.38903897181113
10,86,13.13155200689564
10,87,16.717760690231557
10,88,19.33522463453297
10,89,19.60647420115042
10,90,22.476855623165417
10,91,23.145626835441963
10,92,26.42085079899812
10,93,29.312604152305532
10,94,31.319913754855296
10,95,35.09054118969691
10,96,37.10923366121776
10,97,36.53745437281162
10,98,35.146223961059434
10,99,31.769236656705917
10,100,31.440466858858596
10,101,28.492498627683645
10,102,27.23929075061423
10,103,24.721542692262013
10,104,23.30693868031214
10,105,19.61913627089848
10,106,17.88743933201136
10,107,14.099154851407167
10,108,13.017788634283662
10,109,9.630632347462699
10,110,9.635117815534635
10,111,8.577407018179859
10,112,7.4280340935085825
10,113,11.14811123003894
10,114,11.330824434218034
10,115,12.744138930234874
10,116,11.734989863805081
10,117,14.68169062910542
10,118,16.84135900904353
11,1,26.060240439359045
11,2,22.428839678998692
11,3,19.658625865796658
11,4,16.75728828834267
11,5,13.191084473488225
11,6,11.089063854099486
11,7,7.348034743860353
11,8,5.771485604809797
11,9,5.556042316122726
11,10,3.812459890933383
11,12,3.776435667760184
11,13,6.543301542519216
11,14,9.870069446682793
11,15,13.045556141796633
11,16,16.2937391048628
11,17,19.713777950905225
11,18,22.682504237408917
11,19,26.031222343797477
11,20,29.627530930667657
11,21,29.697392143905947
11,22,33.463223267421284
11,23,33.56533107782063
11,24,31.083485254378154
11,25,32.467250466870645
11,26,32.61882729603537
11,27,30.390365085953754
11,28,27.49545136241389
11,29,24.38636451751544
11,30,22.507259501665906
11,31,19.61840639826815
11,32,20.622998568538662
11,33,19.639083229375387
11,34,22.436248520559364
11,35,23.32113833294745
11,36,26.09403102815257
11,37,28.44731677539768
11,38,30.678386904077716
11,39,28.056835735948173
11,40,27.149191126102988
11,41,24.498242426507158
11,42,23.443741990393722
11,43,22.801650951192272
11,44,19.441882624671138
11,45,19.736234021160545
11,46,22.119433300468526
11,47,22.933587089381756
11,48,25.29301163489067
11,49,28.69327520578603
11,50,30.311718960798
11,51,29.665197059940514
11,52,30.576633485056785
11,53,27.46992819779509
11,54,24.99923768900449
11,55,22.950216337041912
11,56,22.158813709173792
11,57,18.718050944913493
11,58,19.262543405684323
11,59,17.137737190006515
11,60,17.341566785372486
11,61,15.229093666870032
11,62,11.507783244361086
11,63,12.682540062348565
11,64,14.113176548907683
11,65,16.64179558590906
11,66,18.597420500899972
11,67,21.5116988646206
11,68,23.315790254683822
11,69,26.714938201714663
11,70,28.277296699005326
11,71,26.350864363409254
11,72,25.627609406326037
11,73,21.84613849475718
11,74,19.877880387416607
11,75,16.175722306266284
11,76,13.916770365321648
11,77,10.458941117274662
11,78,8.596844077290768
11,79,6.913164814647957
11,80,5.154273069866794
11,81,5.675740601784008
11,82,8.588887996531843
11,83,11.448717927572645
11,84,13.82389957979828
11,85,12.198869038913152
11,86,13.679719180084792
11,87,16.886441608036076
11,88,18.88762721005665
11,89,18.700342638862388
11,90,21.12826283909185
11,91,21.269385841379123
11,92,24.61074829120685
11,93,27.260259294285113
11,94,29.503676611894722
11,95,33.23717898802353
11,96,35.52761490375587
11,97,35.27320808092875
11,98,33.70998966302933
11,99,30.233796585929475
11,100,29.651614258264985
11,101,26.748192338017212
11,102,25.074769269004886
11,103,22.702756040672423
11,104,21.782732548503567
11,105,18.083200384448983
11,106,16.894171121458893
11,107,13.258238137664277
11,108,12.700078552464733
11,109,9.993553146658673
11,110,10.232381134242122
11,111,10.336686378682113
11,112,8.948700746940744
11,113,12.306303307016535
11,114,12.343975283852386
11,115,14.38776681215787
11,116,13.101826589404345
11,117,16.475176134447704
11,118,17.924059694868106
12,1,24.10937291927499
12,2,20.613559083376938
12,3,17.794206039801892
12,4,15.430552607655347
12,5,11.737181818241393
12,6,10.723552380216631
12,7,7.546566926361683
12,8,7.840945041886924
12,9,8.020507298323434
12,10,6.866536987711799
12,11,3.776435667760184
12,13,3.7974215775097075
12,14,6.617240240779712
12,15,9.945345825616048
12,16,13.106075766238629
12,17,16.4820296655959
12,18,19.47692973635786
12,19,22.70633671129988
12,20,26.26608630710647
12,21,26.16043794207523
12,22,29.922935083634723
12,23,30.062939181185772
12,24,27.481392054157656
12,25,28.772047215546962
12,26,28.86117399543081
12,27,26.67636279418897
12,28,23.784641384352717
12,29,20.74211273829306
12,30,19.039601208028277
12,31,16.374954338363988
12,32,17.81116218023626
12,33,17.37194291656114
12,34,20.413650213630742
12,35,21.801031133695083
12,36,24.632817911949
12,37,26.809900176555463
12,38,28.826046419793784
12,39,26.055751073804327
12,40,25.045455497596627
12,41,22.09998341206
12,42,21.050462957614453
12,43,19.991900149221603
12,44,16.623009094880203
12,45,16.494302054923477
12,46,18.61059136613663
12,47,19.252890427766488
12,48,21.6637371053135
12,49,25.102773967988565
12,50,26.635119223292556
12,51,25.906714820656315
12,52,26.856001057129088
12,53,23.80931738198199
12,54,21.254811928843242
12,55,19.293977120681205
12,56,18.60678618331421
12,57,15.180006591645906
12,58,15.813503134267254
12,59,14.016484066460574
12,60,14.589607744150497
12,61,13.101388082909
12,62,9.31264636024356
12,63,9.659491083995214
12,64,10.611259974123685
12,65,12.92307920527037
12,66,14.837450975452091
12,67,17.759667964752232
12,68,19.681862447950515
12,69,23.035826853944968
12,70,24.7368115673045
12,71,22.97854150864597
12,72,22.145631084541932
12,73,18.38330333526399
12,74,16.254837719063943
12,75,12.51929425284653
12,76,10.248330478629812
12,77,6.727391782736406
12,78,5.511018419742218
12,79,4.4955035214373265
12,80,5.189378997853453
12,81,5.673146058362137
12,82,9.424719118886571
12,83,12.395207906072978
12,84,13.973189484949176
12,85,11.459824769503575
12,86,13.165797178079407
12,87,15.810857379468182
12,88,17.181421567121266
12,89,16.331523375658847
12,90,18.328943126596307
12,91,18.064313118017658
12,92,21.282301249958266
12,93,23.75187870998003
12,94,25.975267068852656
12,95,29.67318722059065
12,96,32.02382134196426
12,97,31.949926696536657
12,98,30.404878634767183
12,99,26.95170624879404
12,100,26.416229743261834
12,101,23.697314019110014
12,102,21.921445100575525
12,103,19.867842552882347
12,104,19.33660986124811
12,105,15.814959316120076
12,106,15.337646548339485
12,107,11.935859898843248
12,108,12.474055347724194
12,109,10.692543961669594
12,110,11.997528171164404
12,111,13.012144275470245
12,112,12.287487392574173
12,113,15.617219283065591
12,114,15.93159750626393
12,115,18.137313732648007
12,116,16.777229602422018
12,117,20.133157645494943
12,118,21.41006576888696
13,1,20.363258714144365
13,2,16.91709199246817
13,3,14.023579947892516
13,4,11.82658354654965
13,5,8.133194234071897
13,6,7.866844061117262
13,7,5.690701685165831
13,8,7.809849234587172
13,9,8.9725349891797
13,10,9.35121863032977
13,11,6.543301542519216
13,12,3.7974215775097075
13,14,3.806179637783282
13,15,6.518568743088857
13,16,9.936421065177433
13,17,13.214131151707285
13,18,16.3286149830882
13,19,19.599739191101467
13,20,23.256949446912326
13,21,23.538203501924894
13,22,27.25197305268693
13,23,27.164102848112748
13,24,24.783809076493736
13,25,26.413191958583088
13,26,26.83090483307352
13,27,24.494544445586367
13,28,21.87853025364645
13,29,18.578415692117566
13,30,16.925110545568852
13,31,14.096106708018816
13,32,15.56446618725891
13,33,15.11344226415771
13,34,17.861425591274248
13,35,19.598975811790716
13,36,22.099770330233135
13,37,23.929914916939392
13,38,26.117875911923655
13,39,23.570383957350217
13,40,22.84602668452634
13,41,19.74395403017819
13,42,19.260152854806062
13,43,18.358714417407974
13,44,15.405693384433013
13,45,15.410243134211548
13,46,17.246002224682833
13,47,18.04330328503644
13,48,20.92909890830605
13,49,24.26608166723121
13,50,25.751416331489402
13,51,24.59082316545982
13,52,25.832248944532036
13,53,23.156791174850838
13,54,20.165914869352047
13,55,18.54349539971218
13,56,18.46399736814381
13,57,15.207055911554448
13,58,15.772036428918705
13,59,14.429511273974436
13,60,14.870270097200587
13,61,14.130902399657062
13,62,10.56398731187052
13,63,9.590855778744276
13,64,10.419853921964977
13,65,11.823776285063351
13,66,13.723399404372175
13,67,16.095842952805125
13,68,17.948750235068125
13,69,21.079475484874486
13,70,22.822701185573163
13,71,20.788095505704064
13,72,19.611847033191147
13,73,15.810275765286436
13,74,13.764409202831384
13,75,10.271864702503697
13,76,8.140591280380342
13,77,5.630107774677164
13,78,4.949883553191104
13,79,6.554164185468568
13,80,7.875736163426857
13,81,6.517092586777218
13,82,10.01751442921065
13,83,12.109640167912584
13,84,13.490479149509655
13,85,10.383421052216297
13,86,11.27075223733374
13,87,13.34886999722087
13,88,14.214545494817928
13,89,13.357174427197894
13,90,15.225212661081972
13,91,15.007692520595082
13,92,18.458809009238397
13,93,21.0782795339807
13,94,23.614664564405338
13,95,27.335903434047598
13,96,29.87969218495138
13,97,29.722669687350706
13,98,27.844466688162132
13,99,24.25157139794919
13,100,23.374397363626052
13,101,20.45363053587147
13,102,18.584271212025655
13,103,16.303209593852483
13,104,15.774942460745878
13,105,12.22037556571423
13,106,11.947055236363038
13,107,8.863332419372242
13,108,9.937427632223375
13,109,9.242040138116957
13,110,11.140594435921033
13,111,13.209736704024747
13,112,13.276635034716772
13,113,16.351790049705603
13,114,17.377238034676587
13,115,20.09488157478826
13,116,19.29567441907075
13,117,22.822671384437445
13,118,24.1421113754383
14,1,19.171271119343388
14,2,16.119741812474768
14,3,12.996622725157748
14,4,11.735843150063982
14,5,8.26778060496326
14,6,9.478213006048595
14,7,8.523364110014734
14,8,11.230881801943791
14,9,12.759977993694486
14,10,12.999114830264809
14,11,9.870069446682793
14,12,6.617240240779712
14,13,3.806179637783282
14,15,3.811033590652758
14,16,6.508495691356116
14,17,10.031078835006742
14,18,12.879430711386945
14,19,16.201704549494657
14,20,19.763796017633158
14,21,19.904399191971258
14,22,23.654990796169884
14,23,23.790179244092528
14,24,21.493145091908595
14,25,22.978487633205972
14,26,23.589002745423134
14,27,21.48947715358017
14,28,19.127466658117612
14,29,15.97000421559395
14,30,14.959080708757678
14,31,12.698267774103952
14,32,14.940987791456502
14,33,15.309990781275847
14,34,18.042631194314083
14,35,20.4172922708679
14,36,22.70535375858711
14,37,24.085994653035076
14,38,26.11776646791817
14,39,23.603107734630584
14,40,22.923709553890372
14,41,19.483832339241147
14,42,19.272575713162993
14,43,17.863713918091225
14,44,15.184775659762048
14,45,14.449143084087432
14,46,15.4855591480059
14,47,15.720433438086522
14,48,18.66051350719531
14,49,22.075208986527464
14,50,23.160953858102594
14,51,21.64063486757174
14,52,22.748773775966768
14,53,20.313023420617547
14,54,17.174604760049355
14,55,15.491537421014476
14,56,15.992744079519579
14,57,13.163078919386628
14,58,14.2568700314694
14,59,13.837889012950242
14,60,14.961005664840314
14,61,15.125350183266901
14,62,11.925386743549804
14,63,9.911722293337943
14,64,9.445292185426887
14,65,9.680740953507566
14,66,10.835657695450157
14,67,12.754629708928249
14,68,14.306413564253596
14,69,17.45832207985795
14,70,19.066512858038376
14,71,16.98192580763809
14,72,15.88284414099512
14,73,12.0802801506469
14,74,10.289204885201215
14,75,6.812298503592506
14,76,5.74560322811812
14,77,4.565037293235854
14,78,6.402272383973157
14,79,8.633830702552906
14,80,11.017972097834189
14,81,10.067731175939684
14,82,13.526870040401132
14,83,15.456508245270669
14,84,16.3895142960562
14,85,12.895084503969063
14,86,13.555562231893207
14,87,14.77821576006274
14,88,14.665347323259596
14,89,13.06352191947889
14,90,13.99022311270036
14,91,12.91562660491414
14,92,16.24086157226629
14,93,18.441890417274678
14,94,21.19168300406952
14,95,24.7942175280891
14,96,27.597758211610614
14,97,27.806382525015827
14,98,25.78995831840977
14,99,22.181830682550196
14,100,21.07433894268827
14,101,18.36666521532521
14,102,16.030221970792635
14,103,14.189690676749482
14,104,14.512869549996578
14,105,11.392398058640765
14,106,12.265348520915522
14,107,10.114366153897107
14,108,12.03755976143231
14,109,12.306041894968859
14,110,14.320368613768364
14,111,16.7463883739613
14,112,16.78538137288041
14,113,19.60542028359705
14,114,20.545158093051565
14,115,23.39242250046373
14,116,22.4499311720055
14,117,26.043302627611087
14,118,27.034097606998348
15,1,15.661675523745721
15,2,12.812289121754581
15,3,9.867736206892488
15,4,9.460134828454395
15,5,6.808624099474634
15,6,9.431676799171528
15,7,9.894623739044219
15,8,13.262384379133398
15,9,14.851663098948132
15,10,15.767079830990328
15,11,13.045556141796633
15,12,9.945345825616048
15,13,6.518568743088857
15,14,3.811033590652758
15,16,3.8038247115990838
15,17,6.711657557944507
15,18,9.993888266942907
15,19,13.15611023998449
15,20,16.869223511146537
15,21,17.462686116502077
15,22,21.08073782846169
15,23,20.801512236801052
15,24,18.640909130780102
15,25,20.574141380864223
15,26,21.443450238862706
15,27,19.084840248388335
15,28,17.038859426762023
15,29,13.62745573472971
