1,2,3.806939513071498
1,3,5.342147642395453
1,4,6.229927307412656
1,5,9.189987545254464
1,6,12.473149241215602
1,7,15.29016581198864
1,8,18.654589051111877
1,9,22.25199236753419
1,10,25.691159813327623
1,11,24.496995266955153
1,12,21.776253454052846
1,13,18.189748887263303
1,14,18.25500810127591
1,15,14.70834810980906
1,16,11.101194664510446
1,17,8.033318208304898
1,18,4.45906698511981
1,19,5.214541792703316
1,20,5.320905569614749
1,21,9.037335925176256
1,22,11.956634517654637
1,23,12.60173613208857
1,24,15.898687131032188
1,25,14.700383035862107
1,26,12.63527603701279
1,27,15.961573643405096
1,28,17.225329365633257
1,29,14.306510198130956
1,30,14.601974062656927
1,31,18.355822230831766
1,32,18.229013895298923
1,33,16.54959684600841
1,34,19.08652973294151
1,35,21.579352592435203
1,36,20.63517204707017
1,37,20.98744448459031
1,38,24.653013566083025
1,39,25.972059901527604
1,40,24.92006137616973
1,41,25.212106051029966
1,42,25.22382006932237
1,43,21.417075643522423
1,44,19.260592133942176
1,45,15.524085793713713
1,46,13.900725468206694
1,47,10.543807441299013
1,48,9.924674383234006
1,49,9.011920282574781
1,50,11.633039843509174
1,51,14.92372685669105
1,52,14.355018046781339
1,53,14.156304405116893
1,54,14.663996816245627
1,55,16.789968838729266
1,56,19.259385395445204
1,57,21.685642532447012
1,58,24.472067771661603
2,1,3.806939513071498
2,3,3.815678110591836
2,4,6.721614411919853
2,5,9.611238266052768
2,6,13.303130535945169
2,7,16.209439664882996
2,8,19.38663077582543
2,9,22.988458380838743
2,10,26.51610642233911
2,11,25.752831059824096
2,12,22.77824950096142
2,13,19.46185775168263
2,14,20.040982953106376
2,15,16.766905922729155
2,16,13.161360605319134
2,17,10.383989705680218
2,18,6.750551849543762
2,19,5.880974582813749
2,20,4.34082098457008
2,21,7.04169281944971
2,22,9.056685345538467
2,23,9.274928050893925
2,24,12.84876165919584
2,25,12.348402321048578
2,26,10.516548717064747
2,27,13.959299897597822
2,28,15.69086172808451
2,29,13.437572523224484
2,30,13.847958981934214
2,31,17.589040380909683
2,32,17.906648378703075
2,33,16.884460780658426
2,34,19.27582422234467
2,35,21.735328688011684
2,36,21.427916405899097
2,37,22.00891665571228
2,38,25.48840070231726
2,39,27.214372764996877
2,40,25.89699497731431
2,41,25.632862915361404
2,42,25.450822287239276
2,43,21.689756096931774
2,44,19.095862742963142
2,45,15.302741626923286
2,46,13.204741342076117
2,47,9.452600439047105
2,48,8.271316845001367
2,49,6.413376443841245
2,50,9.330721380766352
2,51,12.540770707613367
2,52,11.54168207881188
2,53,11.917403231302679
2,54,12.455334074521845
2,55,15.227552162275092
2,56,17.823571529627703
2,57,20.743529007614484
2,58,23.222218663392056
3,1,5.342147642395453
3,2,3.815678110591836
3,4,3.7994803857910866
3,5,6.0618678021063666
3,6,9.801087720837085
3,7,12.722378379786196
3,8,15.748884041829635
3,9,19.342442349605182
3,10,22.865387195090282
3,11,22.275645752534622
3,12,19.248962430811215
3,13,16.083616448436292
3,14,16.92228031602739
3,15,13.940272115916885
3,16,10.477480841692469
3,17,8.295650088019542
3,18,5.451255763055178
3,19,5.268450105991121
3,20,6.00067940063801
3,21,8.129352551129681
3,22,10.101056447450661
3,23,9.184388243344284
3,24,12.331243412047256
3,25,11.749337902802704
3,26,8.905306841054635
3,27,11.754662389448225
3,28,13.880121083597174
3,29,11.595793293172173
3,30,11.080623201892275
3,31,14.845142221575266
3,32,15.682693475137386
3,33,14.374229840631175
3,34,16.270414274426013
3,35,19.077916409902134
3,36,19.023508147056244
3,37,19.199860857759806
3,38,22.555696251134197
3,39,24.22247384171686
3,40,22.604317397023582
3,41,22.223481089487368
3,42,21.811871857871683
3,43,18.07805026115026
3,44,15.35688519506709
3,45,11.579316786419902
3,46,9.399410258550795
3,47,5.683163023189078
3,48,5.199110713318552
3,49,5.162356498125664
3,50,8.733114575552989
3,51,11.182347385442553
3,52,9.742041979349068
3,53,9.040882811754669
3,54,9.332605495686202
3,55,11.688204444786372
3,56,14.349821728292987
3,57,17.1316859196722
3,58,19.819310247696013
4,1,6.229927307412656
4,2,6.721614411919853
4,3,3.7994803857910866
4,5,3.79953796918043
4,6,6.93648996947109
4,7,10.335133715232919
4,8,13.196536381602675
4,9,16.93272563562466
4,10,20.263461163001235
4,11,19.234003304285384
4,12,16.170306874786956
4,13,12.842276705898417
4,14,13.78533825647151
4,15,10.889099614099285
4,16,7.259117332449867
4,17,6.008636129375682
4,18,4.640354873764596
4,19,6.824884294645568
4,20,8.908595107797312
4,21,11.530365375665706
4,22,13.814431463561537
4,23,12.761114580262277
4,24,15.645670353632346
4,25,14.857268517629079
4,26,11.580019332583667
4,27,13.801378470704337
4,28,15.89092798176793
4,29,13.264042376696166
4,30,11.912028771609773
4,31,15.552540982479965
4,32,16.522403605758782
4,33,14.415445108645601
4,34,15.839827438920203
4,35,19.04476977354199
4,36,18.66898115278362
4,37,18.129775717826043
4,38,21.51528396937786
4,39,22.634097280510105
4,40,20.840487167529833
4,41,20.904258423660465
4,42,20.229008755330675
4,43,16.511255986652262
4,44,13.942433206601468
4,45,10.334191359042638
4,46,8.175024135227822
4,47,5.347093542888504
4,48,5.208640168186214
4,49,6.77110039179766
4,50,9.520250105791783
4,51,11.655922694780521
4,52,10.956824102165266
4,53,9.52904311915468
4,54,10.262944189345696
4,55,11.605987489382324
4,56,14.421028924427219
4,57,16.618041213956516
4,58,19.815130488600335
5,1,9.189987545254464
5,2,9.611238266052768
5,3,6.0618678021063666
5,4,3.79953796918043
5,6,3.801791723379033
5,7,6.75970324137605
5,8,9.780378481637985
5,9,13.420586440742959
5,10,16.90923585764025
5,11,16.25190208626956
5,12,13.369585187674497
5,13,10.184867689818166
5,14,11.04670370140599
5,15,8.491730356519232
5,16,5.616526141428945
5,17,5.368821371810524
5,18,5.914408451580245
5,19,7.60464775044553
5,20,10.581228084577312
5,21,12.514927858512513
5,22,14.783210887410863
5,23,13.418443343963657
5,24,15.54095682036424
5,25,14.389179785900412
5,26,10.731975154895611
5,27,12.083575067085393
5,28,14.017563321958741
5,29,11.39808236185386
5,30,9.236804309137879
5,31,12.581603871971621
5,32,13.824832129125435
5,33,11.43818124486044
5,34,12.347513909052841
5,35,15.753572255296788
5,36,15.565697154428948
5,37,14.717212822355831
5,38,17.95222906670012
5,39,19.105142398284208
5,40,17.158595760270508
5,41,17.114264426256977
5,42,16.465565678052734
5,43,12.727052974150993
5,44,10.28934444277317
5,45,6.697336003959124
5,46,5.372348470936171
5,47,3.9301007947522772
5,48,6.277644367716882
5,49,9.177990461144711
5,50,12.105063165383752
5,51,13.356098596393489
5,52,11.984163201538415
5,53,9.402932821341766
5,54,9.084438183896406
5,55,9.3056027090554
5,56,11.570091050647163
5,57,13.279038006463075
5,58,16.594860273675565
6,1,12.473149241215602
6,2,13.303130535945169
6,3,9.801087720837085
6,4,6.93648996947109
6,5,3.801791723379033
6,7,3.80907612068722
6,8,6.298977962425688
6,9,10.04269268172216
6,10,13.351873935472344
6,11,12.478908664267342
6,12,9.605359888632448
6,13,6.404754426875883
6,14,7.622070034074235
6,15,5.950446064131417
6,16,4.445611945600126
6,17,6.620927799816448
6,18,8.816129942765487
6,19,10.98201724610463
6,20,14.243645098689933
6,21,16.144872172020523
6,22,18.400869002493383
6,23,16.849164294843582
6,24,18.617484895478626
6,25,17.41481477185124
6,26,13.661819966343637
6,27,14.217734014790153
6,28,16.01235729914786
6,29,13.511824511163672
6,30,10.65984879114865
6,31,13.2669786602058
6,32,14.756337605859715
6,33,11.854156618262456
6,34,11.769606625023133
6,35,15.449143423212407
6,36,15.184369918796147
6,37,13.426079419237151
6,38,16.369232922966436
6,39,16.928697753041916
6,40,14.625975400606182
6,41,14.933337701928224
6,42,13.894708503436217
6,43,10.3426679587927
6,44,8.269521244930806
6,45,5.615509634654267
6,46,5.356060376061388
6,47,6.444047455544903
6,48,8.843954628322981
6,49,12.232479092814177
6,50,14.60912067958998
6,51,15.26236090854511
6,52,14.199771425443346
6,53,11.114452562847633
6,54,10.813821259020635
6,55,9.684118969869992
6,56,11.527964550118046
6,57,12.219492898610344
6,58,15.895502943316059
7,1,15.29016581198864
7,2,16.209439664882996
7,3,12.722378379786196
7,4,10.335133715232919
7,5,6.75970324137605
7,6,3.80907612068722
7,8,3.8147497944529523
7,9,7.0191632893339655
7,10,10.607645653837121
7,11,10.253237506879596
7,12,8.221444991086154
7,13,5.613419873522089
7,14,5.76333490809151
7,15,5.190122713710351
7,16,6.108732987119085
7,17,8.36728725755758
7,18,11.15496222257081
7,19,12.799868978588911
7,20,16.338451242833592
7,21,17.820179578535626
7,22,20.1237874041633
7,23,18.66951177334355
7,24,19.80052097935393
7,25,18.184669676535403
7,26,14.558103135374783
7,27,14.391471160817385
7,28,15.575594810207846
7,29,13.17274770840431
7,30,10.023516614430463
7,31,11.711345103658886
7,32,13.094719088848276
7,33,9.899716555798372
7,34,9.007536558721544
7,35,12.673716041209317
7,36,12.377029199161885
7,37,10.073945559798169
7,38,12.767032080373921
7,39,13.187510788858937
7,40,10.818653431724654
7,41,11.300877055459567
7,42,10.57334825727902
7,43,7.02231215397319
7,44,6.087739652335484
7,45,4.75703695340895
7,46,6.909145868744654
7,47,9.001118574714571
7,48,12.08827766206606
7,49,15.557904497088142
7,50,18.143135150040475
7,51,18.548916645318293
7,52,17.07830707325668
7,53,13.64251722776654
7,54,12.493915163446204
7,55,10.47320286372328
7,56,11.057607230691707
7,57,10.63926914755911
7,58,14.197698009291257
8,1,18.654589051111877
8,2,19.38663077582543
8,3,15.748884041829635
8,4,13.196536381602675
8,5,9.780378481637985
8,6,6.298977962425688
8,7,3.8147497944529523
8,9,3.786308030775465
8,10,7.129633515093191
8,11,7.12031586270392
8,12,4.96968533858284
8,13,4.092814035662453
8,14,5.61227443262384
8,15,7.316877006291061
8,16,9.010112919506941
8,17,11.894612029777855
8,18,14.702783555000671
8,19,16.454619385389943
8,20,19.87455690947158
8,21,21.226600198052367
8,22,23.231421296293128
8,23,21.37726372996498
8,24,22.3055893202492
8,25,21.030938882463726
8,26,17.365872158279856
8,27,16.607221754736837
8,28,18.02658078970135
8,29,16.14812982004269
8,30,12.648176513910837
8,31,13.612351614801657
8,32,15.524223833708044
8,33,12.596369322597782
8,34,10.649218018866957
8,35,14.220457252055937
8,36,14.380262908895288
8,37,11.441409416671018
8,38,13.202413239967026
8,39,13.059815282003736
8,40,9.93860569270535
8,41,10.314988454882359
8,42,8.48947852082733
8,43,5.784028237818014
8,44,5.238955915568144
8,45,6.1708729611105895
8,46,8.190348736683312
8,47,11.270851005264609
8,48,14.054850602968811
8,49,17.770405765908187
8,50,19.887480752292163
8,51,19.658926753678
8,52,18.396141333643676
8,53,14.771544484204153
8,54,13.82542051877394
8,55,11.013825275692897
8,56,11.283414232244267
8,57,9.930720016546788
8,58,13.575697638037651
9,1,22.25199236753419
9,2,22.988458380838743
9,3,19.342442349605182
9,4,16.93272563562466
9,5,13.420586440742959
9,6,10.04269268172216
9,7,7.0191632893339655
9,8,3.786308030775465
9,10,3.788015430299448
9,11,5.345087209608515
9,12,5.213303096195973
9,13,6.5275600287422275
9,14,7.151583661188445
9,15,9.88117131149016
9,16,12.344084056013672
9,17,15.197980017954299
9,18,18.16378050961768
9,19,19.71022094230725
9,20,23.185718315189675
9,21,24.290795898869984
9,22,26.2161669005852
9,23,24.33493099333512
9,24,24.84192139391859
9,25,23.46677150575482
9,26,19.97236064706784
9,27,18.680775652274505
9,28,19.741255916201027
9,29,18.192370382155723
9,30,14.671452606463163
9,31,14.710826469577833
9,32,16.59782270118583
9,33,13.857510341372215
9,34,11.113243899048566
9,35,14.167187795276394
9,36,14.514809535438232
9,37,11.10682917971397
9,38,11.803652424634715
9,39,11.105245416221543
9,40,7.565923706236262
9,41,8.062037404933067
9,42,5.787369005842708
9,43,4.778546055520714
9,44,6.284131388023581
9,45,8.81471976064971
9,46,11.381481562978623
9,47,14.706372401905515
9,48,17.623261369190583
9,49,21.374956979123017
9,50,23.476094033834112
9,51,22.990471886370326
9,52,21.5988647015637
9,53,17.86705871396296
9,54,16.606679463465248
9,55,13.355088526414015
9,56,12.711956998751203
9,57,10.25725820488742
9,58,13.364698037526757
10,1,25.691159813327623
10,2,26.51610642233911
10,3,22.865387195090282
10,4,20.263461163001235
10,5,16.90923585764025
10,6,13.351873935472344
10,7,10.607645653837121
10,8,7.129633515093191
10,9,3.788015430299448
10,11,3.829902385079181
10,12,5.652493098884226
10,13,8.531161190955753
10,14,9.216674793673414
10,15,12.629972889567723
10,16,15.390059673671074
10,17,18.533543570738868
10,18,21.642922128807413
10,19,23.389577644195658
10,20,26.882718204644004
10,21,28.057684507457665
10,22,29.947897546562924
10,23,27.963240768983482
10,24,28.43001208844434
10,25,27.16159967730541
10,26,23.678094660120202
10,27,22.231557938649246
10,28,23.30061356015634
10,29,21.898315025480862
10,30,18.36804647957347
10,31,18.13165650258628
10,32,20.029711119831088
10,33,17.372208517940447
10,34,14.418447983893842
10,35,17.10174189449526
10,36,17.434747861430143
10,37,13.813335094323552
10,38,13.761094025108482
10,39,12.286674563539895
10,40,8.838856026528891
10,41,9.655723524118569
10,42,7.025817406264914
10,43,7.862130750017255
10,44,9.602860023912413
10,45,12.442571943444635
10,46,14.704641101575643
10,47,18.153876959343958
10,48,20.820510958234266
10,49,24.600915118752926
10,50,26.402171436968924
10,51,25.662066991012075
10,52,24.53051315429966
10,53,20.838877066078258
10,54,19.81356303143946
10,55,16.39734093674364
10,56,15.671861757208642
10,57,12.847674928542682
10,58,15.557605257717707
11,1,24.496995266955153
11,2,25.752831059824096
11,3,22.275645752534622
11,4,19.234003304285384
11,5,16.25190208626956
11,6,12.478908664267342
11,7,10.253237506879596
11,8,7.12031586270392
11,9,5.345087209608515
11,10,3.829902385079181
11,12,3.7944439189454844
11,13,6.513078416430475
11,14,7.007802857936792
11,15,10.773254566258881
11,16,13.695182987166397
11,17,17.187064996091
11,18,20.53024372927576
11,19,22.81127140062785
11,20,26.387409839389726
11,21,28.055417821948556
11,22,30.25506714234236
11,23,28.47057058857299
11,24,29.412338148586965
11,25,28.062535124870642
11,26,24.44259085345611
11,27,23.56279311889625
11,28,24.719843630038444
11,29,22.816867099832187
11,30,19.42547617098795
11,31,19.836957559715486
11,32,21.423037244277122
11,33,18.315988189075338
11,34,15.960828013300903
11,35,18.88362545791419
11,36,18.561371127370396
11,37,14.875167153321362
11,38,15.519603568912547
11,39,13.628687706214743
11,40,10.689418413974762
11,41,12.381092048353898
11,42,10.297812591073482
11,43,10.073691173933376
11,44,11.3117645504377
11,45,13.237627756917357
11,46,15.029027744976068
11,47,18.1036140573076
11,48,20.426709656748635
11,49,24.09029231150229
11,50,25.705976567369543
11,51,25.291003120856267
11,52,24.622862297459772
11,53,21.12419551771959
11,54,20.602001116368328
11,55,17.561774075627017
11,56,17.55920389623821
11,57,15.311090811131718
11,58,18.454187724674
12,1,21.776253454052846
12,2,22.77824950096142
12,3,19.248962430811215
12,4,16.170306874786956
12,5,13.369585187674497
12,6,9.605359888632448
12,7,8.221444991086154
12,8,4.96968533858284
12,9,5.213303096195973
12,10,5.652493098884226
12,11,3.7944439189454844
12,13,3.786785300821884
12,14,6.280160932035159
12,15,9.416253862556385
12,16,11.49298206804978
12,17,15.049989482193155
12,18,18.07616362319422
12,19,20.432640307711626
12,20,23.823868196566053
12,21,25.54404520455359
12,22,27.57822054785453
12,23,25.60446671095437
12,24,26.7878148427998
12,25,25.748919287640643
12,26,22.00942646897657
12,27,21.331417148686803
12,28,22.947880680885476
12,29,21.071359676792426
12,30,17.581400083410006
12,31,18.511794300715312
12,32,20.43212264678184
12,33,17.40777290328644
12,34,15.346248417300458
12,35,18.723680616406092
12,36,18.662899587410465
12,37,15.314282598804695
12,38,16.576025925144247
12,39,15.440899509451526
12,40,12.262215502092015
12,41,13.26113534179541
12,42,10.807634926511456
12,43,9.579036571900854
12,44,9.493247586549804
12,45,10.828189244716715
12,46,11.9041092132749
12,47,14.949555922302995
12,48,16.969914885453726
12,49,20.627986537329072
12,50,22.058555778671753
12,51,21.55333548549949
12,52,21.031878746547285
12,53,17.6306682061316
12,54,17.45753192881804
12,55,14.61178821419745
12,56,15.232496076471278
12,57,13.619242906656396
12,58,17.142181983405727
13,1,18.189748887263303
13,2,19.46185775168263
13,3,16.083616448436292
13,4,12.842276705898417
13,5,10.184867689818166
13,6,6.404754426875883
13,7,5.613419873522089
13,8,4.092814035662453
13,9,6.5275600287422275
13,10,8.531161190955753
13,11,6.513078416430475
13,12,3.786785300821884
13,14,3.8064652691011096
13,15,5.961963730181992
13,16,7.728960099576223
13,17,11.353686941665087
13,18,14.457092013529968
13,19,17.026603226872485
13,20,20.467321007301187
13,21,22.459144216501038
13,22,24.75430223318773
13,23,23.084000622089185
13,24,24.579691015038485
13,25,23.348195035081968
13,26,19.60116211587199
13,27,19.48156785804381
13,28,21.031538552085895
13,29,18.72397816483862
13,30,15.509328375759203
13,31,17.060819575911157
13,32,18.619696580212864
13,33,15.358078101238174
13,34,14.045642287575305
13,35,17.5846237946547
13,36,17.103714261238867
13,37,14.097263306545905
13,38,16.166635412718524
13,39,15.370669142813133
13,40,12.640055177719367
13,41,13.839802447852922
13,42,12.108530259430689
13,43,9.747843470009391
13,44,9.174576517393941
13,45,9.17043887180708
13,46,10.00778972328224
13,47,12.41581500478339
13,48,14.43197381363796
13,49,17.940141864840438
13,50,19.62011005032294
13,51,19.681505020651507
13,52,19.169322939525266
13,53,15.915796435986909
13,54,15.82639406077989
13,55,13.559625680008288
13,56,14.660887662721237
13,57,13.775909203488279
13,58,17.517639481432763
14,1,18.25500810127591
14,2,20.040982953106376
14,3,16.92228031602739
14,4,13.78533825647151
14,5,11.04670370140599
14,6,7.622070034074235
14,7,5.76333490809151
14,8,5.61227443262384
14,9,7.151583661188445
14,10,9.216674793673414
14,11,7.007802857936792
14,12,6.280160932035159
14,13,3.8064652691011096
14,15,3.8281646384268027
14,16,7.186888181242523
14,17,10.560481526443704
14,18,14.156002378235089
14,19,16.687705873270602
14,20,20.383487273635957
14,21,22.46812648033842
14,22,25.158564818167115
14,23,23.98825111245512
14,24,25.379724949697135
14,25,23.604018696189467
14,26,20.04704847971509
14,27,20.092470317459206
14,28,20.992018388293815
14,29,18.305993561608652
14,30,15.472473758682826
14,31,16.858919889613528
14,32,17.685538209864674
14,33,14.086441320167449
14,34,13.082624861154228
14,35,16.2489503973695
14,36,15.037789888692243
14,37,11.914769985186634
14,38,14.175015094056093
14,39,12.96632189966369
14,40,10.955734104283353
14,41,13.014814403239692
14,42,12.274532780508725
14,43,9.909945896340515
14,44,10.455995655786039
14,45,10.35527965703738
14,46,12.030480444827138
14,47,13.987721757404067
14,48,16.388404896437056
14,49,19.70175493437006
14,50,21.799776591822436
14,51,22.346557643549488
14,52,21.61001231924943
14,53,18.37346289998941
14,54,17.85075467246657
14,55,15.735786353435943
14,56,16.36452514753877
14,57,15.24825782463664
14,58,18.76106612128839
15,1,14.70834810980906
15,2,16.766905922729155
15,3,13.940272115916885
15,4,10.889099614099285
15,5,8.491730356519232
15,6,5.950446064131417
15,7,5.190122713710351
15,8,7.316877006291061
15,9,9.88117131149016
15,10,12.629972889567723
15,11,10.773254566258881
15,12,9.416253862556385
15,13,5.961963730181992
15,14,3.8281646384268027
15,16,3.803443914736939
15,17,6.853826495197744
15,18,10.557619818799
15,19,13.217266707048841
15,20,16.928008522195157
15,21,19.24992797178988
15,22,22.18466403585433
15,23,21.388144534513927
15,24,23.049255739067245
15,25,21.09580028250617
15,26,17.650184034627173
15,27,18.312139508348867
15,28,19.101669565053353
15,29,16.021285513711348
15,30,13.678043745387932
15,31,15.712408174896568
15,32,16.105157213030086
15,33,12.434155858635517
15,34,12.474254452041821
15,35,15.631361169986137
15,36,14.080651208383944
15,37,11.716097074305132
15,38,14.75831157490198
15,39,14.224581533519963
15,40,12.754082563373553
15,41,14.542689449188652
15,42,14.331622159237856
15,43,11.248850477803654
15,44,11.164709292621346
15,45,9.759291990811201
15,46,11.051876789053749
15,47,12.019584887179253
15,48,14.34345628809845
15,49,17.29289461349033
15,50,19.673765778599538
15,51,20.782758042570624
15,52,19.981725642922417
15,53,17.038630147601296
15,54,16.536113100020835
15,55,15.145835303336627
15,56,16.146263392358506
15,57,15.804867466163756
15,58,19.30731891617144
16,1,11.101194664510446
16,2,13.161360605319134
16,3,10.477480841692469
16,4,7.259117332449867
16,5,5.616526141428945
16,6,4.445611945600126
16,7,6.108732987119085
16,8,9.010112919506941
16,9,12.344084056013672
16,10,15.390059673671074
16,11,13.695182987166397
16,12,11.49298206804978
16,13,7.728960099576223
16,14,7.186888181242523
16,15,3.803443914736939
16,17,3.795523832747671
16,18,7.183481751631345
16,19,10.262617864673267
16,20,13.770862247418792
16,21,16.394704271577027
16,22,19.321389600661647
16,23,18.57746002629438
16,24,20.682134254935423
16,25,18.969810254476748
16,26,15.517268156306182
16,27,16.79453000215462
16,28,17.96079505312102
16,29,14.786721912572064
16,30,12.757671987877075
16,31,15.551006509650653
16,32,16.036417035191885
16,33,12.689836782449216
16,34,13.450758711962854
16,35,16.734406598969564
16,36,15.441971445434458
16,37,13.813479280219692
16,38,17.17036463705888
16,39,17.27071766108818
16,40,15.73564346659742
16,41,16.929561410050393
16,42,16.560627357353255
16,43,13.075287577795388
16,44,11.948780913173563
16,45,9.436087551921206
16,46,9.565338311349734
16,47,9.454798593989029
16,48,11.255044817687105
16,49,13.853873693690364
16,50,16.24912407726918
16,51,17.73848382736568
16,52,17.089806134351484
16,53,14.558420265032629
16,54,14.465971142847028
16,55,13.884662701657218
16,56,15.595354874256868
16,57,16.16162942753674
16,58,19.707586437302822
17,1,8.033318208304898
17,2,10.383989705680218
17,3,8.295650088019542
17,4,6.008636129375682
17,5,5.368821371810524
17,6,6.620927799816448
17,7,8.36728725755758
17,8,11.894612029777855
17,9,15.197980017954299
17,10,18.533543570738868
17,11,17.187064996091
17,12,15.049989482193155
17,13,11.353686941665087
17,14,10.560481526443704
17,15,6.853826495197744
17,16,3.795523832747671
17,18,3.7835837368096015
17,19,6.8098016303322995
17,20,10.353891203976508
17,21,13.159481140447332
17,22,16.38505272154306
17,23,16.219685169889875
17,24,18.468775281397118
17,25,16.480603469306732
17,26,13.382646513847693
17,27,15.334138886220485
17,28,16.178831203658863
17,29,12.719369263657947
17,30,11.588278396625384
17,31,14.799342119970385
17,32,14.709871994190575
17,33,11.702241819982298
17,34,13.497214340160332
17,35,16.38367911311186
17,36,14.932887170846552
17,37,14.248090963388165
17,38,17.90894891169935
17,39,18.58501582952634
17,40,17.52909573366674
17,41,18.461847607078393
17,42,18.609954537874348
17,43,14.917168570394418
17,44,13.655613006518099
17,45,10.51601368839307
17,46,10.473787153206867
17,47,9.096361200788333
17,48,10.788802524619292
17,49,12.635602149238723
17,50,15.504440781642348
17,51,17.58665346526691
17,52,16.634210738434742
17,53,14.55060270393083
17,54,14.209038918035088
17,55,14.445970938261343
17,56,16.145150920714713
17,57,17.28438863708852
17,58,20.500156183076214
18,1,4.45906698511981
18,2,6.750551849543762
18,3,5.451255763055178
18,4,4.640354873764596
18,5,5.914408451580245
18,6,8.816129942765487
18,7,11.15496222257081
18,8,14.702783555000671
18,9,18.16378050961768
18,10,21.642922128807413
18,11,20.53024372927576
18,12,18.07616362319422
18,13,14.457092013529968
18,14,14.156002378235089
18,15,10.557619818799
18,16,7.183481751631345
18,17,3.7835837368096015
18,19,3.808880591656569
18,20,6.818431461207743
18,21,9.994732330967725
18,22,13.240875189203976
18,23,13.402850561719978
18,24,16.066785502009616
18,25,14.294830854770172
18,26,11.547499000514016
18,27,14.248777676745181
18,28,15.273074576512615
18,29,11.956368009398476
18,30,11.604284871578864
18,31,15.226294459328923
18,32,15.09264984713231
18,33,12.827108942378931
18,34,15.15241544895401
18,35,17.814630308633454
18,36,16.70124348638865
18,37,16.71407396792052
18,38,20.39283050426566
18,39,21.561458755630465
18,40,20.52166538268938
18,41,20.993871483356152
18,42,21.137836342758735
18,43,17.342916762721444
18,44,15.55825866724189
18,45,11.968901427389783
18,46,11.124473888229637
18,47,8.503871749889774
18,48,9.398914407786302
18,49,10.220227830421956
18,50,13.301091657752586
18,51,15.883510457322142
18,52,14.85187741048654
18,53,13.479225777840925
18,54,13.324908500142008
18,55,14.547479123672563
18,56,16.585697252322955
18,57,18.461697345744
18,58,21.415761962264625
19,1,5.214541792703316
19,2,5.880974582813749
19,3,5.268450105991121
19,4,6.824884294645568
19,5,7.60464775044553
19,6,10.98201724610463
19,7,12.799868978588911
19,8,16.454619385389943
19,9,19.71022094230725
19,10,23.389577644195658
19,11,22.81127140062785
19,12,20.432640307711626
19,13,17.026603226872485
19,14,16.687705873270602
19,15,13.217266707048841
19,16,10.262617864673267
19,17,6.8098016303322995
19,18,3.808880591656569
19,20,3.814840502388354
19,21,6.408002479639715
19,22,9.863360860898228
19,23,10.548659452513848
19,24,12.959223783623033
19,25,10.861787102756788
19,26,8.646892772999246
19,27,11.80065100580338
19,28,12.448371529201504
19,29,9.246585534369062
19,30,9.921621350777885
19,31,13.547602794551063
19,32,13.089066115929395
19,33,11.66572591133233
19,34,14.519587923510228
19,35,16.67670020024305
19,36,15.89413554275449
19,37,16.724501346289518
19,38,20.308734580450356
19,39,22.090771003779583
19,40,21.263219459776145
19,41,21.256604449999994
19,42,21.743882690271178
19,43,17.97226620973106
19,44,16.151197401207376
19,45,12.490117397837219
19,46,11.868872908528338
19,47,8.882218159839818
19,48,10.075040927102668
19,49,10.352808316702834
19,50,13.896881268967956
19,51,16.435606064437078
19,52,14.693411573719775
19,53,13.540570248290885
19,54,12.694463695829496
19,55,14.394189904415187
19,56,16.021741928076892
19,57,18.244229963122223
19,58,20.672162253485634
20,1,5.320905569614749
20,2,4.34082098457008
20,3,6.00067940063801
20,4,8.908595107797312
20,5,10.581228084577312
20,6,14.243645098689933
20,7,16.338451242833592
20,8,19.87455690947158
20,9,23.185718315189675
20,10,26.882718204644004
20,11,26.387409839389726
20,12,23.823868196566053
20,13,20.467321007301187
20,14,20.383487273635957
20,15,16.928008522195157
20,16,13.770862247418792
20,17,10.353891203976508
20,18,6.818431461207743
20,19,3.814840502388354
20,21,3.8043568243649086
20,22,7.174639646858345
20,23,8.728256974244168
20,24,11.574057242044159
20,25,9.950894828755848
20,26,8.804956524342922
20,27,12.515815147283263
20,28,13.248078970215925
20,29,10.716467336938159
20,30,12.151612584454792
20,31,15.680063771717156
20,32,15.209098979212026
20,33,14.555393532384878
20,34,17.532076863462652
20,35,19.393635574555002
20,36,18.88395082575477
20,37,20.11113178206167
20,38,23.594578217661674
20,39,25.62057474132531
20,40,24.811597572910166
20,41,24.539492775361524
20,42,24.98696357487519
20,43,21.24908175412191
20,44,19.15274885154462
20,45,15.435165258252882
20,46,14.300407014764785
20,47,10.829255321508544
20,48,11.050611472722537
20,49,10.007081018360317
20,50,13.343599088702817
20,51,16.206049386977522
20,52,14.4753566456913
20,53,14.257670464563038
20,54,13.671658146105
20,55,16.148323419245546
20,56,17.95017257938412
20,57,20.648999165545447
20,58,22.75676055191915
21,1,9.037335925176256
21,2,7.04169281944971
21,3,8.129352551129681
21,4,11.530365375665706
21,5,12.514927858512513
21,6,16.144872172020523
21,7,17.820179578535626
21,8,21.226600198052367
21,9,24.290795898869984
21,10,28.057684507457665
21,11,28.055417821948556
21,12,25.54404520455359
21,13,22.459144216501038
21,14,22.46812648033842
21,15,19.24992797178988
21,16,16.394704271577027
21,17,13.159481140447332
21,18,9.994732330967725
21,19,6.408002479639715
21,20,3.8043568243649086
21,22,3.8094024689327837
21,23,6.196973161832993
21,24,8.383630613732823
21,25,6.630125455062377
21,26,6.714681906830241
21,27,10.468172661196073
21,28,10.906926988702374
21,29,9.213226321005761
21,30,11.40258100812793
21,31,14.502723653910513
21,32,14.024419447427123
21,33,14.348914052259904
21,34,17.334156614694017
21,35,18.729633449323046
21,36,18.765898361003792
21,37,20.499268436664
21,38,23.690645223813515
21,39,26.189761157841215
21,40,25.423473887785054
21,41,24.655917327352086
21,42,25.26007653395566
21,43,21.68971899200198
21,44,19.56752908634802
21,45,16.04491837348757
21,46,15.12694341402007
21,47,11.845641537672291
21,48,12.393079939383814
21,49,11.320187148196402
21,50,14.728888196483735
21,51,17.103490833499603
21,52,14.706332254818493
21,53,14.575345929531668
21,54,13.330442849905666
21,55,16.00705560319579
21,56,17.316791925309996
21,57,20.2190579693331
21,58,21.737120258909634
22,1,11.956634517654637
22,2,9.056685345538467
22,3,10.101056447450661
22,4,13.814431463561537
22,5,14.783210887410863
22,6,18.400869002493383
22,7,20.1237874041633
22,8,23.231421296293128
22,9,26.2161669005852
22,10,29.947897546562924
22,11,30.25506714234236
22,12,27.57822054785453
22,13,24.75430223318773
22,14,25.158564818167115
22,15,22.18466403585433
22,16,19.321389600661647
22,17,16.38505272154306
22,18,13.240875189203976
22,19,9.863360860898228
22,20,7.174639646858345
22,21,3.8094024689327837
22,23,3.7985715300333243
22,24,5.707175548689735
22,25,5.496661281379658
22,26,6.902164443104624
22,27,10.194201471048
22,28,11.053687768444433
22,29,10.659000682692325
22,30,12.799589255047836
22,31,15.492958712153815
22,32,15.512295440964348
22,33,16.52292852023759
22,34,19.14743143899502
22,35,20.40772167435942
22,36,21.049852599120932
22,37,22.883720613551663
22,38,25.791310908295504
22,39,28.552862541332793
22,40,27.56994980569589
22,41,26.342554011459015
22,42,26.745002624634548
22,43,23.34587572451989
22,44,20.930325516903984
22,45,17.583841310444587
22,46,16.348519661699278
22,47,13.147326315651213
22,48,13.281948798563068
22,49,11.759780615456132
22,50,14.7889058648424
22,51,16.717582725626244
22,52,14.012665804009645
22,53,14.460422471894061
22,54,13.172639292494171
22,55,16.267692119987604
22,56,17.511937490506835
22,57,20.76852352916103
22,58,21.826918868767407
23,1,12.60173613208857
23,2,9.274928050893925
23,3,9.184388243344284
23,4,12.761114580262277
23,5,13.418443343963657
23,6,16.849164294843582
23,7,18.66951177334355
23,8,21.37726372996498
23,9,24.33493099333512
23,10,27.963240768983482
23,11,28.47057058857299
23,12,25.60446671095437
23,13,23.084000622089185
23,14,23.98825111245512
23,15,21.388144534513927
23,16,18.57746002629438
23,17,16.219685169889875
23,18,13.402850561719978
23,19,10.548659452513848
23,20,8.728256974244168
23,21,6.196973161832993
23,22,3.7985715300333243
23,24,3.828893713752477
23,25,5.449307014477637
23,26,5.5559526586053885
23,27,8.230802769944567
23,28,10.306605384263097
23,29,10.47456690407059
23,30,11.608957138363824
23,31,14.265296193926378
23,32,15.212970797455661
23,33,16.17509691036221
23,34,18.15648592283321
23,35,19.818948323105314
23,36,20.959459065830927
23,37,22.362310547834134
23,38,25.079439803915832
23,39,27.823201832250042
23,40,26.381009277247315
23,41,24.85105542080259
23,42,24.798850840457632
23,43,21.515073046799966
23,44,18.726464176134662
23,45,15.528978759967288
23,46,13.901412144559844
23,47,10.926224191120005
23,48,10.932115081448071
23,49,9.728984702095422
23,50,12.662801529656397
23,51,13.909747548227067
23,52,10.803399686926058
23,53,11.210091761879355
23,54,9.872317908932038
23,55,13.188962352297825
23,56,14.637055968370792
23,57,18.152582431694213
23,58,19.208521297698027
24,1,15.898687131032188
24,2,12.84876165919584
24,3,12.331243412047256
24,4,15.645670353632346
24,5,15.54095682036424
24,6,18.617484895478626
24,7,19.80052097935393
24,8,22.3055893202492
24,9,24.84192139391859
24,10,28.43001208844434
24,11,29.412338148586965
24,12,26.7878148427998
24,13,24.579691015038485
24,14,25.379724949697135
24,15,23.049255739067245
24,16,20.682134254935423
24,17,18.468775281397118
24,18,16.066785502009616
24,19,12.959223783623033
24,20,11.574057242044159
24,21,8.383630613732823
24,22,5.707175548689735
24,23,3.828893713752477
24,25,3.8153470900365454
24,26,5.583566104972123
24,27,6.770816620343265
24,28,8.34514181431062
24,29,9.842178190781814
24,30,11.30449407986578
24,31,13.042797925909708
24,32,14.044032209636226
24,33,15.852823839747337
24,34,17.603066715034974
24,35,18.70839559717642
24,36,20.35830791577216
24,37,22.11072859573302
24,38,24.41265501101771
24,39,27.505954085854356
24,40,26.174412903330765
24,41,24.231127478373754
24,42,24.40502759619316
24,43,21.444080412062323
24,44,18.902414591584616
24,45,16.18715181097139
24,46,15.189045889275095
24,47,12.91630180632113
24,48,13.65662208123294
24,49,13.088386103310835
24,50,15.9775838312463
24,51,16.65266949988769
24,52,13.159583159912783
24,53,13.074864995046347
24,54,10.866345076828738
24,55,13.650041021706041
24,56,14.152918950409903
24,57,17.513945689371226
24,58,17.810386972235307
25,1,14.700383035862107
25,2,12.348402321048578
25,3,11.749337902802704
25,4,14.857268517629079
25,5,14.389179785900412
25,6,17.41481477185124
25,7,18.184669676535403
25,8,21.030938882463726
25,9,23.46677150575482
25,10,27.16159967730541
25,11,28.062535124870642
25,12,25.748919287640643
25,13,23.348195035081968
25,14,23.604018696189467
25,15,21.09580028250617
25,16,18.969810254476748
25,17,16.480603469306732
25,18,14.294830854770172
25,19,10.861787102756788
25,20,9.950894828755848
25,21,6.630125455062377
25,22,5.496661281379658
25,23,5.449307014477637
25,24,3.8153470900365454
25,26,3.8265921659547257
25,27,5.724684068483907
25,28,5.799456437318386
25,29,6.658877985980911
25,30,9.069641539581133
25,31,10.855045528933497
25,32,11.017948657648295
25,33,12.89408751278749
25,34,15.165151821158087
25,35,15.947623508498852
25,36,17.228743784952744
25,37,19.318868627321844
25,38,21.75578627169069
25,39,24.88559443197986
25,40,23.96047362956388
25,41,22.29198482237916
25,42,22.97236062165019
25,43,19.906863789788453
25,44,17.856699082962272
25,45,15.073084686647292
25,46,14.797035952815762
25,47,12.588707837371947
25,48,14.085466885334506
25,49,13.97930417317468
25,50,17.370292137789416
25,51,18.492454885085603
25,52,15.111335054603666
25,53,14.356444318857429
25,54,11.791051217642242
25,55,14.011877114399908
25,56,14.114761111060503
25,57,17.01758793694709
25,58,17.46832137397136
26,1,12.63527603701279
26,2,10.516548717064747
26,3,8.905306841054635
26,4,11.580019332583667
26,5,10.731975154895611
26,6,13.661819966343637
26,7,14.558103135374783
26,8,17.365872158279856
26,9,19.97236064706784
26,10,23.678094660120202
26,11,24.44259085345611
26,12,22.00942646897657
26,13,19.60116211587199
26,14,20.04704847971509
26,15,17.650184034627173
26,16,15.517268156306182
26,17,13.382646513847693
26,18,11.547499000514016
26,19,8.646892772999246
26,20,8.804956524342922
26,21,6.714681906830241
26,22,6.902164443104624
26,23,5.5559526586053885
26,24,5.583566104972123
26,25,3.8265921659547257
26,27,3.806306424184603
26,28,5.510895738396577
26,29,5.129520580946178
26,30,6.180605756259949
26,31,8.85588149465102
26,32,9.746874235528301
26,33,10.719960348383337
26,34,12.690785061622206
26,35,14.27050506763055
26,36,15.484327257897812
26,37,16.943873140370805
26,38,19.57131266992064
26,39,22.42343485457296
26,40,21.15044081925305
26,41,19.623405257296067
26,42,19.970134003006937
26,43,16.710164657092015
26,44,14.417500263232258
26,45,11.411291936952864
26,46,11.007154554681978
26,47,8.870237567580176
26,48,10.795083976978068
26,49,11.414060927366744
26,50,14.988565731477765
26,51,15.989151868767586
26,52,12.660338706467407
26,53,11.264684087475468
26,54,8.59968611356657
26,55,10.631313535317332
26,56,11.115874251220301
26,57,14.073257543815842
26,58,15.182740757480502
27,1,15.961573643405096
27,2,13.959299897597822
27,3,11.754662389448225
27,4,13.801378470704337
27,5,12.083575067085393
27,6,14.217734014790153
27,7,14.391471160817385
27,8,16.607221754736837
27,9,18.680775652274505
27,10,22.231557938649246
27,11,23.56279311889625
27,12,21.331417148686803
27,13,19.48156785804381
27,14,20.092470317459206
27,15,18.312139508348867
27,16,16.79453000215462
27,17,15.334138886220485
27,18,14.248777676745181
27,19,11.80065100580338
27,20,12.515815147283263
27,21,10.468172661196073
27,22,10.194201471048
27,23,8.230802769944567
27,24,6.770816620343265
27,25,5.724684068483907
27,26,3.806306424184603
27,28,3.803422510699114
27,29,5.467022546010419
27,30,5.275539850697155
27,31,6.507397044655053
27,32,8.492089895786998
27,33,10.134648313354568
27,34,11.128906177783447
27,35,12.509953626475156
27,36,14.583890117142651
27,37,15.929045723379566
27,38,17.96516246429759
27,39,21.06087851838973
27,40,19.57542695340153
27,41,17.480367222024974
27,42,17.751181794997912
27,43,14.912708006635041
27,44,12.72612219262601
27,45,10.512312354132979
27,46,10.752536060518915
27,47,9.870900550260297
27,48,12.347616735472187
27,49,13.693541511068528
27,50,17.025734118857073
27,51,17.255173870245994
27,52,13.645474560354984
27,53,11.635621086612158
27,54,8.198426882118328
27,55,9.233445738014307
27,56,8.557911644162497
27,57,11.34602219103093
27,58,11.807817483863536
28,1,17.225329365633257
28,2,15.69086172808451
28,3,13.880121083597174
28,4,15.89092798176793
28,5,14.017563321958741
28,6,16.01235729914786
28,7,15.575594810207846
28,8,18.02658078970135
28,9,19.741255916201027
28,10,23.30061356015634
28,11,24.719843630038444
28,12,22.947880680885476
28,13,21.031538552085895
28,14,20.992018388293815
28,15,19.101669565053353
28,16,17.96079505312102
28,17,16.178831203658863
28,18,15.273074576512615
28,19,12.448371529201504
28,20,13.248078970215925
28,21,10.906926988702374
28,22,11.053687768444433
28,23,10.306605384263097
28,24,8.34514181431062
28,25,5.799456437318386
28,26,5.510895738396577
28,27,3.803422510699114
28,29,3.81321101196803
28,30,5.5584479866378
28,31,5.570793546960701
28,32,5.98735627077827
28,33,8.712942750802045
28,34,10.312647083060153
28,35,10.5978511892937
28,36,12.573514315079406
28,37,14.723982047299868
28,38,16.619753278264866
28,39,20.011213795527198
28,40,19.17342000824203
28,41,17.18591875050696
28,42,18.255878405281404
28,43,15.595514288299874
28,44,14.252160355947117
28,45,12.341220986106604
28,46,13.447746052018461
28,47,12.660449780680773
28,48,15.419672714060285
28,49,16.675490706999636
28,50,20.210979882747313
28,51,20.790212871508324
28,52,17.26249809309592
28,53,15.257395642888582
28,54,11.855432785882325
28,55,12.465676925142978
28,56,11.144923875869976
28,57,13.083316210178781
28,58,13.082453241105153
29,1,14.306510198130956
29,2,13.437572523224484
29,3,11.595793293172173
29,4,13.264042376696166
29,5,11.39808236185386
29,6,13.511824511163672
29,7,13.17274770840431
29,8,16.14812982004269
29,9,18.192370382155723
29,10,21.898315025480862
29,11,22.816867099832187
29,12,21.071359676792426
29,13,18.72397816483862
29,14,18.305993561608652
29,15,16.021285513711348
29,16,14.786721912572064
29,17,12.719369263657947
29,18,11.956368009398476
29,19,9.246585534369062
29,20,10.716467336938159
29,21,9.213226321005761
29,22,10.659000682692325
29,23,10.47456690407059
29,24,9.842178190781814
29,25,6.658877985980911
29,26,5.129520580946178
29,27,5.467022546010419
29,28,3.81321101196803
29,30,3.8116203649117755
29,31,5.654139537541381
29,32,4.942786038583847
29,33,6.24925085266333
29,34,8.898669088589477
29,35,9.754426415810515
29,36,10.66280079089891
29,37,12.702219820014632
29,38,15.292772186174158
29,39,18.33511900119411
29,40,17.684213366635333
29,41,16.39217272757682
29,42,17.605520103903142
29,43,14.489910844904799
29,44,13.302698576722202
29,45,10.841971354173205
29,46,12.090849582274448
29,47,10.976637128673449
29,48,13.929534851755825
29,49,15.31291428310554
29,50,19.044916219777924
29,51,20.133916333235504
29,52,16.977983495787196
29,53,14.82745850970612
29,54,11.818348260870453
29,55,12.405868850773679
29,56,11.729585331060107
29,57,13.474685685770455
29,58,14.43197416285482
30,1,14.601974062656927
30,2,13.847958981934214
30,3,11.080623201892275
30,4,11.912028771609773
30,5,9.236804309137879
30,6,10.65984879114865
30,7,10.023516614430463
30,8,12.648176513910837
