1,2,3.8037583007366105
1,3,6.41645701872829
1,4,5.11328623743735
1,5,4.826019989435532
1,6,8.486472412834553
1,7,8.85676047648138
1,8,7.433294021598819
1,9,10.207826323209144
1,10,12.658608847267184
1,11,15.615774187868888
1,12,16.446508160481226
1,13,15.624578381896654
1,14,12.263037741656637
1,15,12.76526675467677
1,16,11.351764440796973
1,17,13.927814954294389
1,18,14.49484968694946
1,19,11.079590188741776
1,20,10.134126834681032
1,21,9.858761764478798
1,22,13.386367637851237
1,23,14.621109579628436
1,24,17.972631751188064
1,25,20.32238963776135
1,26,23.134520535072618
1,27,26.716596801550512
1,28,28.550639222754633
1,29,25.492359794288593
1,30,24.546687651552997
1,31,21.35535475308397
1,32,21.822562637015814
1,33,22.311648611662775
1,34,18.850988725994494
1,35,17.19027690552234
1,36,15.545508402419799
1,37,18.297203819666642
1,38,21.104451669763634
1,39,24.770176517508755
1,40,27.699582967640193
1,41,30.27595920008783
1,42,32.86413639709271
1,43,34.18215812998918
1,44,33.289964056121335
1,45,29.781605830762164
1,46,28.641490225924453
1,47,26.93445112401865
1,48,28.24915486089135
1,49,30.885539026082117
1,50,33.999488019405035
1,51,35.12206251070316
1,52,38.33928214852353
2,1,3.8037583007366105
2,3,3.788131826584794
2,4,5.141351488107806
2,5,5.492225802238612
2,6,8.102399374207886
2,7,7.0406202042648625
2,8,4.767404340705947
2,9,8.282907795633722
2,10,9.912230519047613
2,11,13.230188613843502
2,12,13.756580617905621
2,13,12.50214500478825
2,14,8.920395985617105
2,15,9.231902650075392
2,16,7.930025544817899
2,17,10.573096961192523
2,18,11.625980021243347
2,19,8.711021171787838
2,20,7.068547848720722
2,21,6.12818840314657
2,22,9.603221137331623
2,23,11.036661917005944
2,24,14.432540203980642
2,25,17.05466889293212
2,26,19.982823032140185
2,27,23.449734264576605
2,28,25.38565000138432
2,29,22.36030858723014
2,30,21.226082460698905
2,31,18.04296351755707
2,32,18.80842287981755
2,33,19.36293449115524
2,34,16.149728822542762
2,35,14.016116528130906
2,36,12.596943083935237
2,37,15.659609382599868
2,38,18.234859730584844
2,39,21.95177023462244
2,40,24.8726243378904
2,41,27.19423943139907
2,42,29.944538377706987
2,43,31.545511499297184
2,44,30.7178328973907
2,45,27.125894494275506
2,46,26.088648952457945
2,47,24.7600245562296
2,48,26.252724838131428
2,49,29.185421512789848
2,50,32.182082439873945
2,51,33.51208062947719
2,52,36.7063700846854
3,1,6.41645701872829
3,2,3.788131826584794
3,4,3.8067068828055763
3,5,5.580455641759744
3,6,7.003288238030466
3,7,4.4485268504694995
3,8,4.165693860152869
3,9,7.598001410353108
3,10,8.23466272823671
3,11,11.070511170434148
3,12,10.84158424905362
3,13,9.417602586747027
3,14,6.089410808343887
3,15,7.009043326030564
3,16,7.14455694518198
3,17,10.670521532836778
3,18,12.83170570238747
3,19,10.512897111979836
3,20,8.894372192573025
3,21,6.5544162342243615
3,22,8.907950573481541
3,23,9.435673914653277
3,24,12.268224406681608
3,25,14.514932239615842
3,26,17.052074031352408
3,27,20.62318288224679
3,28,22.763201916590848
3,29,20.01779400335785
3,30,19.383663466579815
3,31,16.60998214361804
3,32,17.941431895722303
3,33,19.201864794596602
3,34,16.35797264049634
3,35,13.80856948587732
3,36,11.759648118206258
3,37,14.392763252333976
3,38,16.398975686807226
3,39,20.217713770087187
3,40,22.746432823082888
3,41,25.109748564326857
3,42,27.62426680014997
3,43,29.13510417163638
3,44,27.96327787662067
3,45,24.313672849508468
3,46,22.944502035496612
3,47,21.50921963060253
3,48,23.287789998071244
3,49,26.2189068813096
3,50,29.344182468951477
3,51,30.94782408782756
3,52,34.28665734614055
4,1,5.11328623743735
4,2,5.141351488107806
4,3,3.8067068828055763
4,5,3.8198666678646425
4,6,6.35383435256806
4,7,5.53956875867684
4,8,6.4671318744306525
4,9,9.143503642379672
4,10,10.73014171787345
4,11,12.99625026985881
4,12,13.036992849599224
4,13,12.239939047486219
4,14,9.443396956878289
4,15,10.545131549609069
4,16,10.466642525435638
4,17,13.987768719496088
4,18,15.783780542159896
4,19,12.8859935478202
4,20,11.79531938530191
4,21,10.070339978506762
4,22,12.683274230652492
4,23,12.976755789233342
4,24,15.6592767990273
4,25,17.462103286397518
4,26,19.725375943656015
4,27,23.415477344781976
4,28,25.45915893073136
4,29,22.766390081405845
4,30,22.476566519955373
4,31,19.7850182090614
4,32,20.87288474431911
4,33,22.203617022631935
4,34,19.12132000700724
4,35,16.98912569534274
4,36,14.587921859367926
4,37,16.79764130287495
4,38,18.965689222626274
4,39,22.730449773617902
4,40,25.160359635813684
4,41,27.830234155055983
4,42,30.07536109681111
4,43,31.214038739565932
4,44,29.861619245826713
4,45,26.315905880768014
4,46,24.726079815011946
4,47,22.77922155263794
4,48,24.416202286005532
4,49,26.965729184863054
4,50,30.281356745707082
4,51,31.727864202369954
4,52,35.14792583751056
5,1,4.826019989435532
5,2,5.492225802238612
5,3,5.580455641759744
5,4,3.8198666678646425
5,6,3.7841471767103623
5,7,5.240382809293626
5,8,5.411489155367528
5,9,6.953674161330328
5,10,9.68126569454812
5,11,11.894044236450075
5,12,13.027634370265597
5,13,13.118593293739625
5,14,10.525196456560659
5,15,12.397530918721268
5,16,12.437831651804867
5,17,15.584489125484517
5,18,17.03055186686553
5,19,14.198532664739718
5,20,12.319051348436105
5,21,10.492711938260326
5,22,13.128306412640157
5,23,13.055239695574922
5,24,16.0273133320657
5,25,17.629783582598467
5,26,20.240805777034097
5,27,23.94450031968048
5,28,25.476206193983767
5,29,22.431536707062868
5,30,21.994150805460162
5,31,19.068479566146696
5,32,19.48778636595379
5,33,20.604465710316347
5,34,17.227193755400126
5,35,15.768897063069089
5,36,13.213607308115597
5,37,15.20757665666397
5,38,17.922416529436646
5,39,21.52192186617381
5,40,24.243846163954277
5,41,27.15080339927741
5,42,29.409678899215002
5,43,30.36321418974772
5,44,29.364092989154024
5,45,25.980551444459095
5,46,24.824957778548146
5,47,22.840999863448072
5,48,23.906625286869893
5,49,26.360893747613645
5,50,29.49668141088301
5,51,30.51882124854396
5,52,33.76289873263686
6,1,8.486472412834553
6,2,8.102399374207886
6,3,7.003288238030466
6,4,6.35383435256806
6,5,3.7841471767103623
6,7,3.8237612957161593
6,8,5.37388173427523
6,9,4.816137312275593
6,10,7.472624264147802
6,11,8.797913602414745
6,12,10.407870880761319
6,13,11.462853693629047
6,14,9.804370394726698
6,15,12.6602749019791
6,16,13.708479635404665
6,17,16.89612349701159
6,18,18.79514245309717
6,19,16.509623986639088
6,20,14.03683660580606
6,21,11.377104645661829
6,22,13.059235056885512
6,23,11.91400748603176
6,24,14.434625623533613
6,25,15.357498423968728
6,26,17.848572573163732
6,27,21.546051258873735
6,28,22.72041646750151
6,29,19.652037424326462
6,30,19.549726998204623
6,31,16.869452205024388
6,32,17.17207163868062
6,33,18.744106865525822
6,34,15.569621313473359
6,35,14.366624749210876
6,36,11.203988012660941
6,37,12.42141891516523
6,38,15.032098001294742
6,39,18.487936821350953
6,40,21.07269015353274
6,41,24.19611300272165
6,42,26.233292281530815
6,43,26.947045097617757
6,44,25.975880740015022
6,45,22.717155471343006
6,46,21.70492871932968
6,47,19.63733033574765
6,48,20.406527614576504
6,49,22.80331241014282
6,50,25.862297532171777
6,51,26.7802333821219
6,52,29.99565737565131
7,1,8.85676047648138
7,2,7.0406202042648625
7,3,4.4485268504694995
7,4,5.53956875867684
7,5,5.240382809293626
7,6,3.8237612957161593
7,8,3.826772199018066
7,9,4.838668501872201
7,10,5.5964923854821516
7,11,7.458549604047767
7,12,7.876614209761725
7,13,8.025864628401928
7,14,6.127369219566193
7,15,9.031293500939459
7,16,10.574927820627318
7,17,13.958806427489131
7,18,16.3686335626116
7,19,14.469024884424286
7,20,12.104037475469312
7,21,8.967346924493835
7,22,10.178575109796933
7,23,9.00306598595047
7,24,11.355419584695392
7,25,12.596045088034032
7,26,15.031619604873917
7,27,18.75553887805014
7,28,20.398788474648978
7,29,17.534129595710006
7,30,17.40080800939978
7,31,14.851904680863907
7,32,15.91243634009742
7,33,17.72917074709988
7,34,14.936648858533967
7,35,12.877869800666026
7,36,9.841554779611563
7,37,11.511057356227775
7,38,13.54257240380299
7,39,17.268678624531425
7,40,19.6809656446262
7,41,22.470945993248403
7,42,24.668797317152258
7,43,25.7702797069236
7,44,24.596484973290362
7,45,21.089612318346834
7,46,19.835247009731052
7,47,18.096583237627367
7,48,19.474186509441957
7,49,22.25342667996304
7,50,25.364398018264733
7,51,26.769999845918765
7,52,30.098388376315338
8,1,7.433294021598819
8,2,4.767404340705947
8,3,4.165693860152869
8,4,6.4671318744306525
8,5,5.411489155367528
8,6,5.37388173427523
8,7,3.826772199018066
8,9,3.7644378554625426
8,10,5.267932506156776
8,11,8.55063692225154
8,12,9.620126844846055
8,13,9.23871526025843
8,14,6.351929573382988
8,15,8.489947712609743
8,16,9.048627438412323
8,17,11.807851157630036
8,18,13.645630905244978
8,19,11.782319388612697
8,20,8.928161166249593
8,21,6.037228992091292
8,22,7.987230701971109
8,23,7.819398269511978
8,24,11.100423777713996
8,25,13.191532188584787
8,26,16.260703805471287
8,27,19.783594874631227
8,28,21.322809694556323
8,29,18.130572017015414
8,30,17.19021005427828
8,31,14.072701004110572
8,32,14.719662110805231
8,33,15.785241861124822
8,34,12.659429847413751
8,35,10.636922815616746
8,36,8.376912084885555
8,37,11.063519291091243
8,38,13.695885902604122
8,39,17.395290800757213
8,40,20.321388924205426
8,41,22.846410586178383
8,42,25.487435713889752
8,43,26.945855970633847
8,44,26.23810518079432
8,45,22.728795261643008
8,46,21.949685682293655
8,47,20.688485101500955
8,48,21.890285743753772
8,49,24.883761186565884
8,50,27.725764748452114
8,51,28.958948042451574
8,52,32.07712732372221
9,1,10.207826323209144
9,2,8.282907795633722
9,3,7.598001410353108
9,4,9.143503642379672
9,5,6.953674161330328
9,6,4.816137312275593
9,7,4.838668501872201
9,8,3.7644378554625426
9,10,3.7276732017685976
9,11,6.163977646336212
9,12,8.571387074059517
9,13,9.63162823355459
9,14,8.033928410031413
9,15,11.066482587377442
9,16,12.316254364962811
9,17,14.805832011200602
9,18,16.65610540446994
9,19,15.156524011444908
9,20,11.909327299005781
9,21,8.857271184837026
9,22,9.743655001004644
9,23,8.297195620044654
9,24,11.110042957766757
9,25,12.367817395863574
9,26,15.488968897011853
9,27,18.95288180998176
9,28,19.867471895624938
9,29,16.446557703763048
9,30,15.686411832091682
9,31,12.632627991371756
9,32,12.647875619433963
9,33,13.979472160395819
9,34,10.79990905735951
9,35,9.607360992614007
9,36,6.559892137700508
9,37,8.34465021233019
9,38,11.400429352557902
9,39,14.872023573171079
9,40,17.91527264280474
9,41,20.768274320565496
9,42,23.242683179966484
9,43,24.40163413261601
9,44,23.944218226111733
9,45,20.648929169715977
9,46,20.262427823522174
9,47,18.94875934135571
9,48,19.573115186833856
9,49,22.45233085906621
9,50,25.095339170792418
9,51,25.99582415250537
9,52,28.968393802256553
10,1,12.658608847267184
10,2,9.912230519047613
10,3,8.23466272823671
10,4,10.73014171787345
10,5,9.68126569454812
10,6,7.472624264147802
10,7,5.5964923854821516
10,8,5.267932506156776
10,9,3.7276732017685976
10,11,3.7395833870910837
10,12,5.4629701514761235
10,13,6.419408886666238
10,14,5.730876875881882
10,15,9.138331577113874
10,16,11.303959731094427
10,17,13.658199074044024
10,18,16.091279929458832
10,19,15.321606067642348
10,20,12.046407995561179
10,21,8.409147362180379
10,22,7.814897963517088
10,23,5.239495285375803
10,24,7.501047538570713
10,25,8.665557721713473
10,26,11.881957837065258
10,27,15.302750482555767
10,28,16.38554477960396
10,29,13.049976355411562
10,30,12.33581338108572
10,31,9.485421954873784
10,32,10.316501579458137
10,33,12.28530019142778
10,34,9.855468192510402
10,35,7.789523943486399
10,36,4.377415695174263
10,37,6.1843346728803095
10,38,8.469211326875717
10,39,12.201986483474371
10,40,15.055533415576862
10,41,17.663322039485813
10,42,20.243963385047817
10,43,21.713098799349616
10,44,21.153054521880005
10,45,17.69686325962115
10,46,17.298818690517948
10,47,16.423121282805965
10,48,17.391230927889048
10,49,20.61705538995908
10,50,23.171360714314492
10,51,24.45442768141126
10,52,27.463198842989662
11,1,15.615774187868888
11,2,13.230188613843502
11,3,11.070511170434148
11,4,12.99625026985881
11,5,11.894044236450075
11,6,8.797913602414745
11,7,7.458549604047767
11,8,8.55063692225154
11,9,6.163977646336212
11,10,3.7395833870910837
11,12,3.74526261326395
11,13,6.765074460402977
11,14,7.9617271828961025
11,15,11.657770680295323
11,16,14.41899855970109
11,17,16.87769330618522
11,18,19.564518917008833
11,19,18.929692520198085
11,20,15.733192621669644
11,21,12.02890833170041
11,22,10.906615767371003
11,23,7.566950379488411
11,24,8.169839343475655
11,25,7.578394744338453
11,26,10.158401884858094
11,27,13.555459871705603
11,28,14.15393103712258
11,29,10.9316794438912
11,30,11.152623481977786
11,31,9.163667833659726
11,32,10.022592845356344
11,33,12.841997414686617
11,34,11.085868994328822
11,35,9.61786751789698
11,36,5.88511716959613
11,37,5.103763632625718
11,38,6.449049966827895
11,39,9.977545680060038
11,40,12.373799849644335
11,41,15.412683564621293
11,42,17.525558497346314
11,43,18.579260693518663
11,44,17.859676798830208
11,45,14.50880818497125
11,46,14.153113726762943
11,47,13.086768662534986
11,48,13.747237125673001
11,49,16.925678020840994
11,50,19.45566973387947
11,51,20.734112391988845
11,52,23.795203385496052
12,1,16.446508160481226
12,2,13.756580617905621
12,3,10.84158424905362
12,4,13.036992849599224
12,5,13.027634370265597
12,6,10.407870880761319
12,7,7.876614209761725
12,8,9.620126844846055
12,9,8.571387074059517
12,10,5.4629701514761235
12,11,3.74526261326395
12,13,3.757345653811231
12,14,6.409262593183107
12,15,9.888922393676426
12,16,13.2494023449351
12,17,15.877858522797602
12,18,19.052270056099857
12,19,18.656411335160623
12,20,15.908278588044343
12,21,12.09629613362283
12,22,10.480918577388199
12,23,7.057952062574874
12,24,6.491708387240973
12,25,5.534184872964873
12,26,7.45921516636838
12,27,11.164333568138037
12,28,12.60414162093212
12,29,10.022473637859997
12,30,10.780695867361834
12,31,9.502162459345445
12,32,11.598528528833494
12,33,14.674371702193191
12,34,13.45163045111335
12,35,11.135266610523871
12,36,7.955924058041019
12,37,7.6981518363181
12,38,7.432433824051658
12,39,10.950497344077233
12,40,12.548375478087078
12,41,15.154086493019872
12,42,17.142675139839636
12,43,18.44409900038966
12,44,17.12414858772838
12,45,13.476660943776013
12,46,12.367878912062189
12,47,11.418548000366798
12,48,13.081039573073161
12,49,16.465502765117
12,50,19.222628585026573
12,51,21.14147348121306
12,52,24.408977987488143
13,1,15.624578381896654
13,2,12.50214500478825
13,3,9.417602586747027
13,4,12.239939047486219
13,5,13.118593293739625
13,6,11.462853693629047
13,7,8.025864628401928
13,8,9.23871526025843
13,9,9.63162823355459
13,10,6.419408886666238
13,11,6.765074460402977
13,12,3.757345653811231
13,14,3.7886635104939708
13,15,6.534863898110825
13,16,10.170359222156627
13,17,12.751089888201957
13,18,16.184854060584
13,19,16.043447545959285
13,20,13.72022597072402
13,21,10.047708000957725
13,22,8.165254069393479
13,23,5.433083051704285
13,24,4.837871969957183
13,25,5.664386257739405
13,26,7.658847532692339
13,27,11.2376663677083
13,28,13.584847925733994
13,29,11.361740571653275
13,30,11.517530636148559
13,31,10.06661391334249
13,32,12.798056964723086
13,33,15.441735167057612
13,34,14.269274667045684
13,35,11.172018535912798
13,36,8.834912493166104
13,37,9.904564382419172
13,38,9.641647708204255
13,39,13.202990014871546
13,40,14.797803750221822
13,41,16.732143442187045
13,42,19.044570592374306
13,43,20.84842471417439
13,44,19.445854139558456
13,45,15.68027076438376
13,46,14.306067448158261
13,47,13.77947207504735
13,48,16.042228677455018
13,49,19.49799226244913
13,50,22.26254090640681
13,51,24.462052088505796
13,52,27.732352729075938
14,1,12.263037741656637
14,2,8.920395985617105
14,3,6.089410808343887
14,4,9.443396956878289
14,5,10.525196456560659
14,6,9.804370394726698
14,7,6.127369219566193
14,8,6.351929573382988
14,9,8.033928410031413
14,10,5.730876875881882
14,11,7.9617271828961025
14,12,6.409262593183107
14,13,3.7886635104939708
14,15,3.792420207625358
14,16,6.867980551035097
14,17,9.825328545183504
14,18,13.052289316433054
14,19,12.466260700215129
14,20,10.194261629386443
14,21,6.581218811836597
14,22,5.7503289294611015
14,23,4.574427991441559
14,24,6.392327327153436
14,25,8.71327153836064
14,26,11.262551422397829
14,27,14.688953233265165
14,28,16.99682183286969
14,29,14.45672774180807
14,30,13.876087285347394
14,31,11.570650375020689
14,32,13.784836696861369
14,33,15.682486520473617
14,34,13.81154195431478
14,35,10.575141897796886
14,36,8.59029129672092
14,37,10.893370102243919
14,38,11.786332903010155
14,39,15.549760631333369
14,40,17.734634660936134
14,41,19.681534671856646
14,42,22.2839758079451
14,43,24.163914513246763
14,44,23.000759548883128
14,45,19.26143035363629
14,46,18.0345840938558
14,47,17.322888807597813
14,48,19.389866988415935
14,49,22.744265347229128
14,50,25.585341988889834
14,51,27.547883839452787
14,52,30.800527543026814
15,1,12.76526675467677
15,2,9.231902650075392
15,3,7.009043326030564
15,4,10.545131549609069
15,5,12.397530918721268
15,6,12.6602749019791
15,7,9.031293500939459
15,8,8.489947712609743
15,9,11.066482587377442
15,10,9.138331577113874
15,11,11.657770680295323
15,12,9.888922393676426
15,13,6.534863898110825
15,14,3.792420207625358
15,16,3.77778753860712
15,17,6.639172240774011
15,18,10.202488038774453
15,19,10.024485884387381
15,20,8.624262127522437
15,21,5.909021131561975
15,22,5.201278578704254
15,23,6.25148315647154
15,24,7.864369522887399
15,25,10.889535752939766
15,26,13.164513860270409
15,27,16.150793473765148
15,28,18.897252460480903
15,29,16.686036852753777
15,30,15.722917664927659
15,31,13.486742047880977
15,32,15.946437037263335
15,33,17.358355095102596
15,34,15.68766508338672
15,35,12.125845697574816
15,36,11.191703539184976
15,37,13.968044722643674
15,38,14.683407113766336
15,39,18.290695867867193
15,40,20.401759778229742
15,41,21.844630813321192
15,42,24.632287928216357
15,43,26.853454196153788
15,44,25.67558500798555
15,45,21.910944804604167
15,46,20.589780456838746
15,47,20.192278515935314
15,48,22.57159116281052
15,49,25.988711764380675
15,50,28.797044110962457
15,51,30.94794332935482
15,52,34.187165091657114
16,1,11.351764440796973
16,2,7.930025544817899
16,3,7.14455694518198
16,4,10.466642525435638
16,5,12.437831651804867
16,6,13.708479635404665
16,7,10.574927820627318
16,8,9.048627438412323
16,9,12.316254364962811
16,10,11.303959731094427
16,11,14.41899855970109
16,12,13.2494023449351
16,13,10.170359222156627
16,14,6.867980551035097
16,15,3.77778753860712
16,17,3.8691238276733704
16,18,6.9744531922120965
16,19,6.354867669211187
16,20,5.833990271667148
16,21,4.787893486448693
16,22,5.9371176842007864
16,23,8.635400504532273
16,24,10.972985237473203
16,25,14.323169442727092
16,26,16.817746420931126
16,27,19.67866186178743
16,28,22.360869590034063
16,29,20.000311667843516
16,30,18.612074423841506
16,31,16.002310201576393
16,32,18.030940952015868
16,33,18.760802871922966
16,34,16.756041615932606
16,35,13.366264979558029
16,36,13.04775345009442
16,37,16.340673466908033
16,38,17.593644114807795
16,39,21.18972180783437
16,40,23.610483506854266
16,41,24.98861168393492
16,42,27.96720317742478
16,43,30.2788767529472
16,44,29.280570590956014
16,45,25.532623743433735
16,46,24.32985797664842
16,47,23.88961026518656
16,48,26.161416322398228
16,49,29.547182700199777
16,50,32.37159714829154
16,51,34.38320643669807
16,52,37.58891182656731
17,1,13.927814954294389
17,2,10.573096961192523
17,3,10.670521532836778
17,4,13.987768719496088
17,5,15.584489125484517
17,6,16.89612349701159
17,7,13.958806427489131
17,8,11.807851157630036
17,9,14.805832011200602
17,10,13.658199074044024
17,11,16.87769330618522
17,12,15.877858522797602
17,13,12.751089888201957
17,14,9.825328545183504
17,15,6.639172240774011
17,16,3.8691238276733704
17,18,3.7770922872067096
17,19,5.330415747282018
17,20,5.432286878901024
17,21,6.131479422547019
17,22,6.516194151527255
17,23,10.027525524110574
17,24,12.162637022530745
17,25,15.83002337878477
17,26,18.438267325666107
17,27,20.820416657297688
17,28,23.437295310411077
17,29,21.118114355471853
17,30,19.165895298304555
17,31,16.526159187981047
17,32,18.444852541881048
17,33,18.556326971152785
17,34,16.917346651772583
17,35,13.55198974523022
17,36,14.302704281345829
17,37,17.815101330261236
17,38,18.987821107592115
17,39,22.296151967663192
17,40,24.82197996714381
17,41,25.733141967729978
17,42,28.982841857975192
17,43,31.639194193647512
17,44,30.95370964096314
17,45,27.2767911431645
17,46,26.406154270407733
17,47,26.422733371147462
17,48,28.639992542564244
17,49,32.17738403037044
17,50,34.764828068678526
17,51,36.7605837092309
17,52,39.79873427064627
18,1,14.49484968694946
18,2,11.625980021243347
18,3,12.83170570238747
18,4,15.783780542159896
18,5,17.03055186686553
18,6,18.79514245309717
18,7,16.3686335626116
18,8,13.645630905244978
18,9,16.65610540446994
18,10,16.091279929458832
18,11,19.564518917008833
18,12,19.052270056099857
18,13,16.184854060584
18,14,13.052289316433054
18,15,10.202488038774453
18,16,6.9744531922120965
18,17,3.7770922872067096
18,19,3.831575676973498
18,20,5.171911732297009
18,21,7.859978976712018
18,22,9.051517902907623
18,23,12.817735518219793
18,24,15.290696124386503
18,25,19.032294892831473
18,26,21.86174130376314
18,27,24.158592518938782
18,28,26.574663277918585
18,29,24.077471417297346
18,30,21.77734003586398
18,31,18.886309686313137
18,32,20.29479391978828
18,33,19.74003988412812
18,34,17.941356535778784
18,35,15.022747560872055
18,36,16.304193686550555
18,37,20.02199156106183
18,38,21.585690235619
18,39,24.775012297327066
18,40,27.56666227530074
18,41,28.420886950887677
18,42,31.829521819131827
18,43,34.55038855374465
18,44,34.121545777941954
18,45,30.498731073987102
18,46,29.84605476791398
18,47,29.880391654169426
18,48,31.912473406980936
18,49,35.44985802154563
18,50,37.9739523062344
18,51,39.78651083316886
18,52,42.730228420043694
19,1,11.079590188741776
19,2,8.711021171787838
19,3,10.512897111979836
19,4,12.8859935478202
19,5,14.198532664739718
19,6,16.509623986639088
19,7,14.469024884424286
19,8,11.782319388612697
19,9,15.156524011444908
19,10,15.321606067642348
19,11,18.929692520198085
19,12,18.656411335160623
19,13,16.043447545959285
19,14,12.466260700215129
19,15,10.024485884387381
19,16,6.354867669211187
19,17,5.330415747282018
19,18,3.831575676973498
19,20,3.84370296376321
19,21,7.017506944166826
19,22,9.66740568566363
19,23,13.19027394392123
19,24,16.152891096362136
19,25,19.739122036242893
19,26,22.633574291737595
19,27,25.369933058425946
19,28,27.768706899081707
19,29,25.087955440430196
19,30,23.102326921103185
19,31,20.010577957280187
19,32,21.221532545541653
19,33,20.87954335113884
19,34,18.4792727602251
19,35,15.762852878255686
19,36,16.323143347104143
19,37,20.046265385980043
19,38,22.0233934692433
19,39,25.476059181325226
19,40,28.374282611355213
19,41,29.700222760719292
19,42,32.956007148439674
19,43,35.36264564663044
19,44,34.76317752046068
19,45,31.083397282749004
19,46,30.2172913594542
19,47,29.772573160424287
19,48,31.732383304749348
19,49,35.09416579214093
19,50,37.8439664495683
19,51,39.536765477440056
19,52,42.60762885952404
20,1,10.134126834681032
20,2,7.068547848720722
20,3,8.894372192573025
20,4,11.79531938530191
20,5,12.319051348436105
20,6,14.03683660580606
20,7,12.104037475469312
20,8,8.928161166249593
20,9,11.909327299005781
20,10,12.046407995561179
20,11,15.733192621669644
20,12,15.908278588044343
20,13,13.72022597072402
20,14,10.194261629386443
20,15,8.624262127522437
20,16,5.833990271667148
20,17,5.432286878901024
20,18,5.171911732297009
20,19,3.84370296376321
20,21,3.8144713310138982
20,22,6.746525639828432
20,23,10.137560031634715
20,24,13.445216308720987
20,25,16.978551319553052
20,26,20.18215436520765
20,27,22.98810745306677
20,28,25.041546796850973
20,29,22.093786281676724
20,30,19.99476060695788
20,31,16.697583330128815
20,32,17.614076293748557
20,33,17.245982357615574
20,34,14.692106917256481
20,35,12.08544601598821
20,36,12.662393757902201
20,37,16.43025870622489
20,38,18.6237069881135
20,39,22.02304631025643
20,40,25.097255720032976
20,41,26.557717842686024
20,42,29.84777468907884
20,43,32.181493376222306
20,44,31.79913527444609
20,45,28.191918544617113
20,46,27.618678098207347
20,47,27.229197155570123
20,48,28.891708792538576
20,49,32.277672967620454
20,50,34.88069833336583
20,51,36.38821763845287
20,52,39.3445910704162
21,1,9.858761764478798
21,2,6.12818840314657
21,3,6.5544162342243615
21,4,10.070339978506762
21,5,10.492711938260326
21,6,11.377104645661829
21,7,8.967346924493835
21,8,6.037228992091292
21,9,8.857271184837026
21,10,8.409147362180379
21,11,12.02890833170041
21,12,12.09629613362283
21,13,10.047708000957725
21,14,6.581218811836597
21,15,5.909021131561975
21,16,4.787893486448693
21,17,6.131479422547019
21,18,7.859978976712018
21,19,7.017506944166826
21,20,3.8144713310138982
21,22,3.831905770528128
21,23,6.605738107519635
21,24,10.064180133544955
21,25,13.422540709981144
21,26,16.64747950451771
21,27,19.63879480002788
21,28,21.63563449863543
21,29,18.656168037949296
21,30,16.86052062957381
21,31,13.637135613781757
21,32,14.820223800574011
21,33,15.122744627750464
21,34,12.59672961934894
21,35,9.634798320862032
21,36,9.459892967515481
21,37,13.097596725634526
21,38,15.142791840856491
21,39,18.68866060244897
21,40,21.648070626852054
21,41,23.30747599863163
21,42,26.453097093440544
21,43,28.649145725230042
21,44,28.138965070371736
21,45,24.5133077893348
21,46,23.886534828594264
21,47,23.434091512806624
21,48,25.0814937783087
21,49,28.46947840679625
21,50,31.08760734494785
21,51,32.64845344976261
21,52,35.65307790931637
22,1,13.386367637851237
22,2,9.603221137331623
22,3,8.907950573481541
22,4,12.683274230652492
22,5,13.128306412640157
22,6,13.059235056885512
22,7,10.178575109796933
22,8,7.987230701971109
22,9,9.743655001004644
22,10,7.814897963517088
22,11,10.906615767371003
22,12,10.480918577388199
22,13,8.165254069393479
22,14,5.7503289294611015
22,15,5.201278578704254
22,16,5.9371176842007864
22,17,6.516194151527255
22,18,9.051517902907623
22,19,9.66740568566363
22,20,6.746525639828432
22,21,3.831905770528128
22,23,3.783259774335393
22,24,6.75132381296682
22,25,10.382124109356692
22,26,13.635681521726788
22,27,16.3062181435237
22,28,18.31482472172738
22,29,15.467374923652669
22,30,13.480745983403304
22,31,10.473160178161985
22,32,12.231490524002155
22,33,12.851214730274261
22,34,11.130289167014368
22,35,7.552300050600911
22,36,7.860477620809935
22,37,11.309013086880872
22,38,12.622848042201971
22,39,15.992507993176185
22,40,18.761278531532895
22,41,20.04515057385317
22,42,23.29637411795454
22,43,25.76155797172535
22,44,25.33713238388502
22,45,21.73309068440706
22,46,21.302061419313883
22,47,21.35721022922866
22,48,23.088682265864588
22,49,26.66634678519945
22,50,29.048791052384686
22,51,30.782664209966097
22,52,33.68554651243213
23,1,14.621109579628436
23,2,11.036661917005944
23,3,9.435673914653277
23,4,12.976755789233342
23,5,13.055239695574922
23,6,11.91400748603176
23,7,9.00306598595047
23,8,7.819398269511978
23,9,8.297195620044654
23,10,5.239495285375803
23,11,7.566950379488411
23,12,7.057952062574874
23,13,5.433083051704285
23,14,4.574427991441559
23,15,6.25148315647154
23,16,8.635400504532273
23,17,10.027525524110574
23,18,12.817735518219793
23,19,13.19027394392123
23,20,10.137560031634715
23,21,6.605738107519635
23,22,3.783259774335393
23,24,3.746917993526815
23,25,6.931910141573408
23,26,10.403355515090466
23,27,13.31840130397533
23,28,15.064448000639967
23,29,12.057206621430725
23,30,10.486942253600564
23,31,7.615878484048212
23,32,9.72271591821336
23,33,11.332325707351528
23,34,9.887025223465029
23,35,6.346557774819294
23,36,5.3384326650956275
23,37,8.12857213777207
23,38,9.054810584235096
23,39,12.586641637474564
23,40,15.238787310475011
23,41,16.824201576802995
23,42,19.900642441547824
23,43,22.178129906119484
23,44,21.685230991613313
23,45,18.082379995806185
23,46,17.7262193992489
23,47,17.772400768291426
23,48,19.35943139145997
23,49,22.953990108873818
23,50,25.27947736787292
23,51,27.01241466217163
23,52,29.921831663387664
24,1,17.972631751188064
24,2,14.432540203980642
24,3,12.268224406681608
24,4,15.6592767990273
24,5,16.0273133320657
24,6,14.434625623533613
24,7,11.355419584695392
24,8,11.100423777713996
24,9,11.110042957766757
24,10,7.501047538570713
24,11,8.169839343475655
24,12,6.491708387240973
24,13,4.837871969957183
24,14,6.392327327153436
24,15,7.864369522887399
24,16,10.972985237473203
24,17,12.162637022530745
24,18,15.290696124386503
24,19,16.152891096362136
24,20,13.445216308720987
24,21,10.064180133544955
24,22,6.75132381296682
24,23,3.746917993526815
24,25,3.7632839192280487
24,26,7.000829324763369
24,27,9.651212700426425
24,28,11.6533474720488
24,29,9.062051884687842
24,30,7.874123294981474
24,31,6.153602812054715
24,32,9.39359052443564
24,33,11.769983295507561
24,34,11.459373673338673
24,35,8.094330920991819
24,36,7.2102398352310235
24,37,8.530312730113543
24,38,7.760260469209316
24,39,10.910679252867677
24,40,12.8625399497151
24,41,14.037558814308337
24,42,17.017796102645015
24,43,19.509210994528434
24,44,18.83841690495339
24,45,15.211564096111987
24,46,14.831122626368211
24,47,15.426495003546574
24,48,17.28141898338752
24,49,21.00815961433259
24,50,23.146632649329568
24,51,25.20345157312622
24,52,28.07723991546371
25,1,20.32238963776135
25,2,17.05466889293212
25,3,14.514932239615842
25,4,17.462103286397518
25,5,17.629783582598467
25,6,15.357498423968728
25,7,12.596045088034032
25,8,13.191532188584787
25,9,12.367817395863574
25,10,8.665557721713473
25,11,7.578394744338453
25,12,5.534184872964873
25,13,5.664386257739405
25,14,8.71327153836064
25,15,10.889535752939766
25,16,14.323169442727092
25,17,15.83002337878477
25,18,19.032294892831473
25,19,19.739122036242893
25,20,16.978551319553052
25,21,13.422540709981144
25,22,10.382124109356692
25,23,6.931910141573408
25,24,3.7632839192280487
25,26,3.760341038717575
25,27,6.727413874756297
25,28,8.374087148059445
25,29,5.857532662326371
25,30,6.103251894474182
25,31,5.949503067323257
25,32,9.277764028140757
25,33,12.507552457656828
25,34,12.710921853687866
25,35,10.08077660038355
25,36,8.484708316201042
25,37,8.060031773427434
25,38,5.825414111128304
25,39,8.557169087542086
25,40,9.746074049988213
25,41,11.186301061304565
25,42,13.757738061373786
25,43,16.02725182675896
25,44,15.132219785600187
25,45,11.47012102450019
25,46,11.13494379341324
25,47,11.958696000025533
25,48,13.741474754943232
25,49,17.507297872258764
25,50,19.514147203097295
25,51,21.69831675466232
25,52,24.573414332295314
26,1,23.134520535072618
26,2,19.982823032140185
26,3,17.052074031352408
26,4,19.725375943656015
26,5,20.240805777034097
26,6,17.848572573163732
26,7,15.031619604873917
26,8,16.260703805471287
26,9,15.488968897011853
26,10,11.881957837065258
26,11,10.158401884858094
26,12,7.45921516636838
26,13,7.658847532692339
26,14,11.262551422397829
26,15,13.164513860270409
26,16,16.817746420931126
26,17,18.438267325666107
26,18,21.86174130376314
26,19,22.633574291737595
26,20,20.18215436520765
26,21,16.64747950451771
26,22,13.635681521726788
26,23,10.403355515090466
26,24,7.000829324763369
26,25,3.760341038717575
26,27,3.7665306841054633
26,28,6.246186163305569
26,29,5.546221117869831
26,30,7.529941732562931
26,31,8.942946620643909
26,32,12.242664976808646
26,33,15.651285891043905
26,34,16.24473932537354
26,35,13.77429156169385
26,36,12.14204160692324
26,37,11.165203414220572
26,38,8.220811971954225
26,39,9.903943974115407
26,40,9.59777286110277
26,41,10.61414380808187
26,42,12.404922755164288
26,43,14.539471178133356
26,44,12.960348500228537
26,45,9.280990325573422
26,46,8.286229655498337
26,47,9.644775698953426
26,48,12.022482006878763
26,49,15.718816192030022
26,50,17.662171089865193
26,51,20.33415403426136
26,52,23.267766095185728
27,1,26.716596801550512
27,2,23.449734264576605
27,3,20.62318288224679
27,4,23.415477344781976
27,5,23.94450031968048
27,6,21.546051258873735
27,7,18.75553887805014
27,8,19.783594874631227
27,9,18.95288180998176
27,10,15.302750482555767
27,11,13.555459871705603
27,12,11.164333568138037
27,13,11.2376663677083
27,14,14.688953233265165
27,15,16.150793473765148
27,16,19.67866186178743
27,17,20.820416657297688
27,18,24.158592518938782
27,19,25.369933058425946
27,20,22.98810745306677
27,21,19.63879480002788
27,22,16.3062181435237
27,23,13.31840130397533
27,24,9.651212700426425
27,25,6.727413874756297
27,26,3.7665306841054633
27,28,3.8031816547679833
27,29,5.382737942246061
27,30,7.61182781210507
27,31,10.278449290115605
27,32,13.51555330764554
27,33,16.781273495830437
27,34,18.14183366369354
27,35,15.88784184363613
27,36,14.87681934039327
27,37,13.65068593453086
27,38,10.20032875813668
27,39,10.628438055866406
27,40,9.285885938965592
27,41,8.972222486964547
27,42,10.47745759885379
27,43,13.086736557774092
27,44,11.641409863126155
27,45,8.475866327311154
27,46,8.11596572585697
27,47,10.741803222085176
27,48,12.909963165786216
27,49,16.42500260203328
27,50,17.70659234977423
27,51,20.533714272341875
27,52,23.10736122054527
28,1,28.550639222754633
28,2,25.38565000138432
28,3,22.763201916590848
28,4,25.45915893073136
28,5,25.476206193983767
28,6,22.72041646750151
28,7,20.398788474648978
28,8,21.322809694556323
28,9,19.867471895624938
28,10,16.38554477960396
28,11,14.15393103712258
28,12,12.60414162093212
28,13,13.584847925733994
28,14,16.99682183286969
28,15,18.897252460480903
28,16,22.360869590034063
28,17,23.437295310411077
28,18,26.574663277918585
28,19,27.768706899081707
28,20,25.041546796850973
28,21,21.63563449863543
28,22,18.31482472172738
28,23,15.064448000639967
28,24,11.6533474720488
28,25,8.374087148059445
28,26,6.246186163305569
28,27,3.8031816547679833
28,29,3.8403765277196906
28,30,6.809691814053993
28,31,10.205615709677467
28,32,12.675350556242423
28,33,16.016785422930152
28,34,17.822700471109624
28,35,16.29693371624029
28,36,15.33739297116447
28,37,13.31212937977393
28,38,9.520827100709303
28,39,8.583003079647737
28,40,6.243251971724698
28,41,5.468814613605656
28,42,6.683963318588326
28,43,9.494372094873988
28,44,8.686532009107308
28,45,5.985353825335734
28,46,7.32449882307716
28,47,10.526095761691638
28,48,11.617698510238615
28,49,14.987720441450701
28,50,15.580542456189958
28,51,18.084621316923382
28,52,20.27776446175823
29,1,25.492359794288593
29,2,22.36030858723014
29,3,20.01779400335785
29,4,22.766390081405845
29,5,22.431536707062868
29,6,19.652037424326462
29,7,17.534129595710006
29,8,18.130572017015414
29,9,16.446557703763048
29,10,13.049976355411562
29,11,10.9316794438912
29,12,10.022473637859997
29,13,11.361740571653275
29,14,14.45672774180807
29,15,16.686036852753777
29,16,20.000311667843516
29,17,21.118114355471853
29,18,24.077471417297346
29,19,25.087955440430196
29,20,22.093786281676724
29,21,18.656168037949296
29,22,15.467374923652669
29,23,12.057206621430725
29,24,9.062051884687842
29,25,5.857532662326371
29,26,5.546221117869831
29,27,5.382737942246061
29,28,3.8403765277196906
29,30,3.76364290722175
29,31,6.702245581082482
29,32,9.03216672747963
29,33,12.552735218426191
29,34,14.090819880873829
29,35,12.7038310487882
29,36,11.640146378831636
29,37,9.521173510761232
29,38,5.7406003346062535
29,39,5.265935308016443
29,40,4.548474275927014
29,41,5.406728479618221
29,42,7.967242070162996
29,43,10.591709330873394
29,44,10.414713354451683
29,45,7.306168045633499
29,46,8.768522714971223
29,47,10.98143665017726
29,48,11.697164812856125
29,49,15.335621730564064
29,50,16.289943252974737
29,51,18.30612440880519
29,52,20.62724968611782
30,1,24.546687651552997
30,2,21.226082460698905
30,3,19.383663466579815
30,4,22.476566519955373
30,5,21.994150805460162
30,6,19.549726998204623
30,7,17.40080800939978
30,8,17.19021005427828
30,9,15.686411832091682
30,10,12.33581338108572
30,11,11.152623481977786
30,12,10.780695867361834
30,13,11.517530636148559
30,14,13.876087285347394
30,15,15.722917664927659
30,16,18.612074423841506
30,17,19.165895298304555
30,18,21.77734003586398
30,19,23.102326921103185
30,20,19.99476060695788
30,21,16.86052062957381
30,22,13.480745983403304
30,23,10.486942253600564
30,24,7.874123294981474
30,25,6.103251894474182
30,26,7.529941732562931
30,27,7.61182781210507
30,28,6.809691814053993
30,29,3.76364290722175
30,31,3.750032356312101
30,32,6.270499441903816
30,33,9.359086322654449
30,34,11.337815143954284
30,35,9.920523867019192
30,36,9.880695749829313
30,37,8.488359941534133
30,38,5.42361831146644
30,39,5.29118192945339
30,40,6.569383912024005
30,41,6.65473119873551
30,42,10.201423421773807
30,43,13.231261602377549
30,44,13.771966359530413
30,45,10.950296125504163
30,46,12.508848726330065
30,47,14.512013115610868
30,48,15.14956675034837
30,49,18.788133733632424
30,50,19.699688962165233
30,51,21.382848715963767
30,52,23.50208658428193
31,1,21.35535475308397
31,2,18.04296351755707
31,3,16.60998214361804
31,4,19.7850182090614
31,5,19.068479566146696
31,6,16.869452205024388
31,7,14.851904680863907
31,8,14.072701004110572
31,9,12.632627991371756
31,10,9.485421954873784
31,11,9.163667833659726
31,12,9.502162459345445
31,13,10.06661391334249
31,14,11.570650375020689
31,15,13.486742047880977
31,16,16.002310201576393
31,17,16.526159187981047
31,18,18.886309686313137
31,19,20.010577957280187
31,20,16.697583330128815
31,21,13.637135613781757
31,22,10.473160178161985
31,23,7.615878484048212
31,24,6.153602812054715
31,25,5.949503067323257
31,26,8.942946620643909
31,27,10.278449290115605
31,28,10.205615709677467
31,29,6.702245581082482
31,30,3.750032356312101
31,32,3.7585475745774244
31,33,6.740238763298083
31,34,7.952477952824794
31,35,6.19015636701924
31,36,6.414302340585951
31,37,5.947822567529665
31,38,4.537554674166692
31,39,6.227454406673069
31,40,9.047769712304657
31,41,10.019293746710744
31,42,13.519997970914574
31,43,16.187421933829725
31,44,16.713927577877147
31,45,13.68629112323685
31,46,14.86111267056346
31,47,16.12211942854652
31,48,16.756248361124246
31,49,20.41112774816113
31,50,21.713728092705818
31,51,23.13879708211526
31,52,25.413343146981283
32,1,21.822562637015814
32,2,18.80842287981755
32,3,17.941431895722303
32,4,20.87288474431911
32,5,19.48778636595379
32,6,17.17207163868062
32,7,15.91243634009742
32,8,14.719662110805231
32,9,12.647875619433963
32,10,10.316501579458137
32,11,10.022592845356344
32,12,11.598528528833494
32,13,12.798056964723086
32,14,13.784836696861369
32,15,15.946437037263335
32,16,18.030940952015868
32,17,18.444852541881048
32,18,20.29479391978828
32,19,21.221532545541653
32,20,17.614076293748557
32,21,14.820223800574011
32,22,12.231490524002155
32,23,9.72271591821336
32,24,9.39359052443564
32,25,9.277764028140757
32,26,12.242664976808646
32,27,13.51555330764554
32,28,12.675350556242423
32,29,9.03216672747963
32,30,6.270499441903816
32,31,3.7585475745774244
32,33,3.780229122251036
32,34,5.405762509696786
32,35,5.661463607389637
32,36,6.346819794978288
32,37,5.269382757691904
32,38,5.41531353562506
32,39,6.045343338511968
32,40,9.650413223660866
32,41,10.94255237819101
32,42,14.35397313672212
32,43,16.660757743833152
32,44,17.8469292982491
32,45,15.26075151119587
32,46,16.97806478681437
32,47,18.033584697383212
32,48,17.936124365613104
32,49,21.33946158885796
32,50,22.355165284936042
32,51,23.178953124052068
32,52,25.133124937810162
33,1,22.311648611662775
33,2,19.36293449115524
33,3,19.201864794596602
33,4,22.203617022631935
33,5,20.604465710316347
33,6,18.744106865525822
33,7,17.72917074709988
33,8,15.785241861124822
33,9,13.979472160395819
33,10,12.28530019142778
33,11,12.841997414686617
33,12,14.674371702193191
33,13,15.441735167057612
33,14,15.682486520473617
33,15,17.358355095102596
33,16,18.760802871922966
33,17,18.556326971152785
33,18,19.74003988412812
33,19,20.87954335113884
33,20,17.245982357615574
33,21,15.122744627750464
33,22,12.851214730274261
33,23,11.332325707351528
33,24,11.769983295507561
33,25,12.507552457656828
33,26,15.651285891043905
33,27,16.781273495830437
33,28,16.016785422930152
33,29,12.552735218426191
33,30,9.359086322654449
33,31,6.740238763298083
33,32,3.780229122251036
33,34,3.8449468701201868
