1,2,3.8227836877481627
1,3,5.135317735734598
1,4,5.441382288800149
1,5,8.07362587443753
1,6,7.376803413708869
1,7,5.130313814580963
1,8,8.586270945243605
1,9,10.285254109904217
1,10,13.817778792064058
1,11,14.223560461040547
1,12,12.651226476307807
1,13,9.081803149998791
1,14,9.043283831792422
1,15,7.891418690719229
1,16,11.001939389073161
1,17,12.542164762936885
1,18,9.527154214500989
1,19,8.194034059844723
1,20,6.731648697953681
1,21,9.959730127571632
1,22,11.270599717211244
1,23,14.597808016011756
1,24,17.444244869671223
1,25,20.379266921412157
1,26,23.792542893149232
1,27,25.71508745564843
1,28,22.661092085598543
1,29,21.34466935253746
1,30,18.36145329822701
1,31,19.468337845256265
1,32,19.921523881483832
1,33,16.55463848061768
1,34,14.672263744950193
1,35,13.212793352541924
1,36,16.408490059599306
1,37,18.90790995342843
1,38,22.637159438206993
1,39,25.256321705815907
1,40,27.302517200244953
1,41,30.24008303437137
1,42,32.07870254760874
1,43,31.232780376833713
1,44,27.60916156551532
1,45,26.382458014881646
1,46,25.057172698998855
1,47,26.80850999095809
1,48,29.88208879342883
1,49,33.00722719869527
1,50,34.681477391474445
1,51,37.8539338308224
2,1,3.8227836877481627
2,3,3.8125173181482226
2,4,5.46272308136107
2,5,6.819240977520403
2,6,4.572120199010481
2,7,3.9733350971089485
2,8,7.566710958133846
2,9,8.161006034488398
2,10,11.340349260429296
2,11,11.016827089932779
2,12,9.21064910567639
2,13,5.871143887842205
2,14,6.47547488384197
2,15,6.907202026245322
2,16,10.667834802302078
2,17,13.22353060349039
2,18,11.041307246556578
2,19,9.458389451119833
2,20,6.748239362425398
2,21,8.76254798833578
2,22,9.150666365897363
2,23,11.951124476164393
2,24,14.453282492872495
2,25,17.079187590353623
2,26,20.59390033641693
2,27,22.68037054650163
2,28,19.851780050397018
2,29,18.989938985354115
2,30,16.408618000198373
2,31,17.986581803529848
2,32,19.1357571996008
2,33,16.066718218871163
2,34,13.771598757104202
2,35,11.702007194012936
2,36,14.583252262900537
2,37,16.56042939613507
2,38,20.365021302533005
2,39,22.605770211610444
2,40,24.660202730721608
2,41,27.40415512444699
2,42,29.193920763986828
2,43,28.06939798396193
2,44,24.406139046900357
2,45,22.92626461946076
2,46,21.570523893838207
2,47,23.567616941983115
2,48,26.647822280974754
2,49,29.842845923791753
2,50,31.751600214776364
2,51,35.03549110224203
3,1,5.135317735734598
3,2,3.8125173181482226
3,4,3.7844075299364377
3,5,6.291874855723174
3,6,5.716022208544142
3,7,6.555247875100273
3,8,9.463569221912485
3,9,10.799305771797492
3,10,13.46920561155737
3,11,13.151212072738808
3,12,11.758073011491971
3,13,9.030978580703591
3,14,9.746940585426222
3,15,10.023886568800103
3,16,13.775575266509216
3,17,16.116431742277495
3,18,13.500052083856891
3,19,12.56424618879087
3,20,10.36270968461443
3,21,12.57444771217819
3,22,12.708948191912585
3,23,15.25828018456501
3,24,17.316425573128086
3,25,19.603259187255187
3,26,23.244614559845562
3,27,25.351399357927153
3,28,22.655825245315487
3,29,22.189027117700167
3,30,19.722934051898672
3,31,21.14000337045262
3,32,22.38529124610089
3,33,19.153080196957223
3,34,17.20574566679194
3,35,14.791814454066834
3,36,17.26127324297834
3,37,19.29473500816773
3,38,23.09818337354896
3,39,25.171913642506038
3,40,27.486347604005587
3,41,29.950765575899215
3,42,31.418699697446108
3,43,30.015672686372522
3,44,26.4421852403709
3,45,24.645946414998644
3,46,22.800079255246132
3,47,24.81070721576565
3,48,27.545854522107735
3,49,30.959481475799937
3,50,32.814787206143144
3,51,36.238094298448544
4,1,5.441382288800149
4,2,5.46272308136107
4,3,3.7844075299364377
4,5,3.7848205044401224
4,6,5.447582674987826
4,7,5.6698482514224775
4,8,7.484126256066571
4,9,9.99684000246406
4,10,12.598832830654292
4,11,13.341015971378017
4,12,12.905691385050593
4,13,10.299739369980786
4,14,11.850176186501834
4,15,12.167758235902584
4,16,15.756492638743628
4,17,17.78273499571205
4,18,14.939474625636654
4,19,13.349856589705368
4,20,11.021995884628643
4,21,13.284790638943454
4,22,13.090154333795189
4,23,16.008624825009797
4,24,17.925365909433314
4,25,20.58406933402542
4,26,24.269916555710648
4,27,25.88328549379237
4,28,22.857467322234722
4,29,22.26573629152319
4,30,19.462721736780043
4,31,20.21010503255153
4,32,21.168776328699785
4,33,17.65784286775976
4,34,16.41636037767086
4,35,13.877767937195145
4,36,16.11362702427755
4,37,18.70741850084342
4,38,22.417454805944615
4,39,24.820518661659033
4,40,27.4495180380296
4,41,29.898244225224456
4,42,31.12497659214603
4,43,30.00758926248523
4,44,26.583670835164835
4,45,25.146984060016294
4,46,23.12862124503777
4,47,24.596985248572384
4,48,27.22762030244633
4,49,30.54609679729164
4,50,31.993934056438256
4,51,35.28232651120877
5,1,8.07362587443753
5,2,6.819240977520403
5,3,6.291874855723174
5,4,3.7848205044401224
5,6,3.809890031454519
5,7,5.393654699611024
5,8,5.305395378108837
5,9,7.725239193698687
5,10,9.542213102105132
5,11,10.71454574656956
5,12,11.260835993466277
5,13,9.52404975483447
5,14,12.163753282653586
5,15,13.469226361333085
5,16,17.084107937197384
5,17,19.48752825252968
5,18,17.118642299719635
5,19,14.884066853402699
5,20,11.84656011367905
5,21,13.139899049354318
5,22,11.904931929959217
5,23,14.454313419605683
5,24,15.755551451277306
5,25,18.37384312130832
5,26,22.075555721362697
5,27,23.31973746737008
5,28,20.254732974639886
5,29,19.98393372989955
5,30,17.325644009886094
5,31,17.84491871413961
5,32,19.171600848575014
5,33,15.80334669184346
5,34,14.875822419173979
5,35,11.785343871791284
5,36,13.325816218763121
5,37,15.880008268662854
5,38,19.476559220691154
5,39,21.79068550252725
5,40,24.675217053367593
5,41,26.903618936380347
5,42,27.86714341054635
5,43,26.779769961592343
5,44,23.4923996336254
5,45,22.198579458463044
5,46,20.033164067497466
5,47,21.193606425349326
5,48,23.750817894339217
5,49,27.014200874339526
5,50,28.323305265701585
5,51,31.57880095318992
6,1,7.376803413708869
6,2,4.572120199010481
6,3,5.716022208544142
6,4,5.447582674987826
6,5,3.809890031454519
6,7,3.804695496855513
6,8,5.004859084663319
6,9,5.525343947534635
6,10,7.776877336707295
6,11,7.927438604907389
6,12,7.66293399947015
6,13,5.793887612912319
6,14,8.615326695876856
6,15,10.516954802363804
6,16,14.169582188615651
6,17,16.994406075463658
6,18,15.160476764208347
6,19,12.888677681996338
6,20,9.460008488950413
6,21,10.165759607031418
6,22,8.771240368019672
6,23,11.086971847215144
6,24,12.60261936939734
6,25,15.171599721951623
6,26,18.87363279679324
6,27,20.4772004102414
6,28,17.556492123206013
6,29,17.256858764424248
6,30,14.822424004301949
6,31,16.038596201263903
6,32,17.70566061657071
6,33,14.676032479658923
6,34,12.92870411394201
6,35,9.865070681497464
6,36,11.793550014911121
6,37,13.804537443517736
6,38,17.571048892519403
6,39,19.69442379161004
6,40,22.238364276027244
6,41,24.63091856844587
6,42,25.970345043686343
6,43,24.781269449268237
6,44,21.274616773049114
6,45,19.849222853757237
6,46,18.084924241577184
6,47,19.723764813134554
6,48,22.634859373767863
6,49,25.869127238901836
6,50,27.585688570152442
6,51,30.891524166246164
7,1,5.130313814580963
7,2,3.9733350971089485
7,3,6.555247875100273
7,4,5.6698482514224775
7,5,5.393654699611024
7,6,3.804695496855513
7,8,3.7853639060929223
7,9,5.253603232552525
7,10,8.748845958290254
7,11,9.689357260824043
7,12,9.049856328170366
7,13,6.090014174124573
7,14,8.086359127071727
7,15,8.925816266056698
7,16,12.183477283145699
7,17,14.473133595734685
7,18,12.44063339996545
7,19,9.766030923559569
7,20,6.5235178102954166
7,21,7.999095791443941
7,22,7.658607877363691
7,23,10.944008806968537
7,24,13.312656790620736
7,25,16.460076251987363
7,26,19.947649582633268
7,27,21.435856019174903
7,28,18.201982495450753
7,29,17.0950990021011
7,30,14.099359179550898
7,31,15.011843602840216
7,32,15.935019997862971
7,33,12.612577914923463
7,34,10.89171343156429
7,35,8.618817483218487
7,36,11.464056800381831
7,37,14.045347497326388
7,38,17.77771379944357
7,39,20.42935867596622
7,40,22.73477371259333
7,41,25.549897872042106
7,42,27.206350845043005
7,43,26.48240716643105
7,44,22.949375668935915
7,45,21.98577417850995
7,46,20.66340519387918
7,47,22.091590362969875
7,48,25.21899241209601
7,49,28.209176402832536
7,50,29.75588485331825
7,51,32.84613356476733
8,1,8.586270945243605
8,2,7.566710958133846
8,3,9.463569221912485
8,4,7.484126256066571
8,5,5.305395378108837
8,6,5.004859084663319
8,7,3.7853639060929223
8,9,3.773566049760161
8,10,6.469489991242367
8,11,8.78436907756403
8,12,9.655830559932726
8,13,7.902234886259238
8,14,10.824513716553476
8,15,12.23325213323368
8,16,15.201954261690975
8,17,17.44126349350237
8,18,15.65974385833642
8,19,12.53776474445754
8,20,9.211577837719622
8,21,9.677270987799822
8,22,8.166088091496993
8,23,11.113080033669712
8,24,12.763428300673981
8,25,16.05447903390583
8,26,19.480538092052313
8,27,20.3310783394601
8,28,16.86889228851847
8,29,15.8996285906021
8,30,12.794552858784284
8,31,12.940655611831279
8,32,13.94258540222532
8,33,10.517745031852673
8,34,9.733155292849023
8,35,6.850649258454778
8,36,8.8777882583841
8,37,11.95650872578325
8,38,15.501611115688013
8,39,18.357464878776945
8,40,21.04064779803153
8,41,23.69007965474267
8,42,25.015833425754924
8,43,24.54489092209832
8,44,21.234848903807638
8,45,20.6657851189381
8,46,19.216348635163286
8,47,20.044558279294478
8,48,23.063043401240403
8,49,25.88761787229798
8,50,27.0711897402814
8,51,30.013682873138084
9,1,10.285254109904217
9,2,8.161006034488398
9,3,10.799305771797492
9,4,9.99684000246406
9,5,7.725239193698687
9,6,5.525343947534635
9,7,5.253603232552525
9,8,3.773566049760161
9,10,3.7790878022925636
9,11,5.508809265924066
9,12,6.432428962195867
9,13,5.601459076403631
9,14,9.001045699555597
9,15,11.31309508618056
9,16,14.061174301043593
9,17,16.773421423277856
9,18,15.770703901038402
9,19,12.556209989989826
9,20,8.817745349615523
9,21,7.821975025495584
9,22,5.145815971627925
9,23,7.504010171114965
9,24,8.994633158521557
9,25,12.343918655798912
9,26,15.730393546148612
9,27,16.694791995350386
9,28,13.30119253566018
9,29,12.438839279754559
9,30,9.620154900153585
9,31,10.52319431414604
9,32,12.279781885850852
9,33,9.521560382025557
9,34,7.820144800106086
9,35,4.4041516710694015
9,36,6.485422869521402
9,37,8.850462766854967
9,38,12.594473460562549
9,39,15.220163908955596
9,40,17.68536679829505
9,41,20.4160704274451
9,42,22.010193664480294
9,43,21.46554883658842
9,44,18.008382168752004
9,45,17.446649842837672
9,46,16.40609681045697
9,47,17.50556270445416
9,48,20.817348783576666
9,49,23.542228215978053
9,50,25.058120197486733
9,51,28.01912899433315
10,1,13.817778792064058
10,2,11.340349260429296
10,3,13.46920561155737
10,4,12.598832830654292
10,5,9.542213102105132
10,6,7.776877336707295
10,7,8.748845958290254
10,8,6.469489991242367
10,9,3.7790878022925636
10,11,3.814219695127302
10,12,6.850070885158806
10,13,7.964531306656784
10,14,11.635151713380111
10,15,14.512342182171297
10,16,17.17281579209438
10,17,20.084504621500237
10,18,19.374541805848732
10,19,16.164227015702693
10,20,12.40618731810533
10,21,10.760483147288609
10,22,7.305331776797437
10,23,7.956850559336266
10,24,7.738499735711559
10,25,10.638533449248389
10,26,13.945375053168798
10,27,14.360922992058795
10,28,11.038146859262277
10,29,11.027405273968892
10,30,8.91240058972676
10,31,9.599515292763181
10,32,12.19822175600761
10,33,10.170510633375935
10,34,9.077963349224694
10,35,5.340596613927955
10,36,4.804308544431548
10,37,6.426720090123788
10,38,10.010445279025225
10,39,12.290036519711155
10,40,15.194703554022102
10,41,17.504880094193492
10,42,18.711750297714378
10,43,18.0851193660899
10,44,14.774970611070136
10,45,14.358629425406756
10,46,13.162598381947088
10,47,13.887059343593274
10,48,17.165890513533835
10,49,19.8222761142915
10,50,21.279725887843888
10,51,24.254383062625877
11,1,14.223560461040547
11,2,11.016827089932779
11,3,13.151212072738808
11,4,13.341015971378017
11,5,10.71454574656956
11,6,7.927438604907389
11,7,9.689357260824043
11,8,8.78436907756403
11,9,5.508809265924066
11,10,3.814219695127302
11,12,3.8164011223446503
11,13,6.459193386098279
11,14,9.949995142720265
11,15,13.412305791143561
11,16,16.106701205352792
11,17,19.438610486661794
11,18,19.094382445778855
11,19,16.31239490521373
11,20,12.522365838956008
11,21,10.501776395914602
11,22,6.966717789998109
11,23,6.336816095902453
11,24,5.572633434195913
11,25,7.8066341761649625
11,26,11.457151084994262
11,27,12.686146679874682
11,28,9.953575469254131
11,29,10.593535405191785
11,30,9.402622713310377
11,31,11.361116206287264
11,32,14.371095734750794
11,33,12.83319947631979
11,34,10.790709411945326
11,35,7.500765830415462
11,36,7.4682964932931215
11,37,7.336066150554672
11,38,10.854854429462561
11,39,12.208053181695014
11,40,14.665701594411315
11,41,16.84252853557041
11,42,18.308556396211102
11,43,17.07717977850663
11,44,13.467984738254664
11,45,12.296623969893254
11,46,11.23617923612361
11,47,12.957502897294379
11,48,16.388315983194346
11,49,19.254637540580063
11,50,21.34184583133809
11,51,24.540542084847903
12,1,12.651226476307807
12,2,9.21064910567639
12,3,11.758073011491971
12,4,12.905691385050593
12,5,11.260835993466277
12,6,7.66293399947015
12,7,9.049856328170366
12,8,9.655830559932726
12,9,6.432428962195867
12,10,6.850070885158806
12,11,3.8164011223446503
12,13,3.751832317200351
12,14,6.545952867975711
12,15,10.244377701774882
12,16,12.876634275174775
12,17,16.41557291846562
12,18,16.321237071427245
12,19,13.97256415741471
12,20,10.378815969038051
12,21,8.342567723592769
12,22,5.569973585670879
12,23,4.937042538723951
12,24,5.808946054670429
12,25,7.900089099670034
12,26,11.512038753223052
12,27,13.696351637049752
12,28,11.324457395025945
12,29,11.427700196999746
12,30,10.244114362324586
12,31,12.955184532460535
12,32,15.61574734255816
12,33,14.033423092643977
12,34,11.14961979331165
12,35,8.589675523983175
12,36,9.922112434672128
12,37,9.76894730574114
12,38,13.282144596213277
12,39,14.551458009785062
12,40,16.295691816364826
12,41,18.775803938825327
12,42,20.74189594674021
12,43,19.39735089850323
12,44,15.636931524535983
12,45,14.136099729402194
12,46,13.522691854015385
12,47,15.88310933756375
12,48,19.343658029756266
12,49,22.22090012034655
12,50,24.61266898421278
12,51,27.82997430693958
13,1,9.081803149998791
13,2,5.871143887842205
13,3,9.030978580703591
13,4,10.299739369980786
13,5,9.52404975483447
13,6,5.793887612912319
13,7,6.090014174124573
13,8,7.902234886259238
13,9,5.601459076403631
13,10,7.964531306656784
13,11,6.459193386098279
13,12,3.751832317200351
13,14,3.7968927054495576
13,15,7.020524355643592
13,16,10.09981910394894
13,17,13.470177819300769
13,18,12.87839374140465
13,19,10.557268872102252
13,20,6.945402199977931
13,21,5.916799865047243
13,22,4.533511990879979
13,23,6.282336715532313
13,24,8.71485674720276
13,25,11.347348740396663
13,26,14.772690497393388
13,27,16.932765747866185
13,28,14.25201265448421
13,29,13.53687132973101
13,30,11.486784157421416
13,31,13.826911723608061
13,32,15.723593472465422
13,33,13.494916924897979
13,34,10.507517212740824
13,35,8.320761557386684
13,36,10.862133317236992
13,37,11.81401656846436
13,38,15.52685284039516
13,39,17.41417631178131
13,40,19.13882220819733
13,41,21.929497076924463
13,42,23.997402377512884
13,43,22.909714157000465
13,44,19.16698254756053
13,45,17.84438631146042
13,46,17.112434979322895
13,47,19.280677917595625
13,48,22.69046201957505
13,49,25.617421893818683
13,50,27.796505983465153
13,51,30.978034727110902
14,1,9.043283831792422
14,2,6.47547488384197
14,3,9.746940585426222
14,4,11.850176186501834
14,5,12.163753282653586
14,6,8.615326695876856
14,7,8.086359127071727
14,8,10.824513716553476
14,9,9.001045699555597
14,10,11.635151713380111
14,11,9.949995142720265
14,12,6.545952867975711
14,13,3.7968927054495576
14,15,3.790877284747642
14,16,6.705998438822161
14,17,10.311572356547202
14,18,10.136132102475516
14,19,8.599770557687773
14,20,5.8983949784223375
14,21,5.378603570020546
14,22,6.265534939834162
14,23,7.799356824338307
14,24,10.834564133591408
14,25,13.109223128665658
14,26,16.106649314755355
14,27,18.724507130169492
14,28,16.365812146853816
14,29,15.268156537623442
14,30,13.379502165616595
14,31,16.043563308375663
14,32,17.538007710665433
14,33,15.496820936944067
14,34,12.11492054346203
14,35,10.948961618424851
14,36,13.927716874055797
14,37,14.678734382768763
14,38,18.203857886412493
14,39,20.000594113583528
14,40,21.183110019162285
14,41,24.16209101516019
14,42,26.585037771647457
14,43,25.504533365118796
14,44,21.721859910527925
14,45,20.32135537402051
14,46,19.958769639369148
14,47,22.42252901655232
14,48,25.882635912285917
14,49,28.749821594929134
14,50,31.116181384434988
14,51,34.2712434717066
15,1,7.891418690719229
15,2,6.907202026245322
15,3,10.023886568800103
15,4,12.167758235902584
15,5,13.469226361333085
15,6,10.516954802363804
15,7,8.925816266056698
15,8,12.23325213323368
15,9,11.31309508618056
15,10,14.512342182171297
15,11,13.412305791143561
15,12,10.244377701774882
15,13,7.020524355643592
15,14,3.790877284747642
15,16,3.8751993316007205
15,17,7.048915918804547
15,18,6.434686317833503
15,19,5.71060031931271
15,20,4.627425019442166
15,21,6.04348535103764
15,22,8.629737132745923
15,23,10.831615935020855
15,24,14.224325593682618
15,25,16.670958130166195
15,26,19.4627952480134
15,27,22.041849682709984
15,28,19.581345238754288
15,29,18.00317610556045
15,30,15.766796190877557
15,31,18.116524927443894
15,32,18.925157872523872
15,33,16.66377411048466
15,34,13.412329598708192
15,35,12.954312395189238
15,36,16.394338979046758
15,37,17.604883698223997
15,38,21.087118309757535
15,39,23.18873271427307
15,40,24.24170819154114
15,41,27.423130908783968
15,42,29.97430048806903
15,43,29.088479627648084
15,44,25.31873709410977
15,45,24.055719319935665
15,46,23.723912291796285
15,47,26.10048442863534
15,48,29.568283631365315
15,49,32.423053153911304
15,50,34.68466596629897
15,51,37.787533846305564
16,1,11.001939389073161
16,2,10.667834802302078
16,3,13.775575266509216
16,4,15.756492638743628
16,5,17.084107937197384
16,6,14.169582188615651
16,7,12.183477283145699
16,8,15.201954261690975
16,9,14.061174301043593
16,10,17.17281579209438
16,11,16.106701205352792
16,12,12.876634275174775
16,13,10.09981910394894
16,14,6.705998438822161
16,15,3.8751993316007205
16,17,3.7649126135177893
16,18,5.268830716727847
16,19,5.4392684509668126
16,20,6.347264341104716
16,21,7.046871968351547
16,22,10.376021012427158
16,23,12.155906666467946
16,24,15.735978281876731
16,25,18.094295379928255
16,26,20.338393887801757
16,27,22.939440044532173
16,28,20.648267767493408
16,29,18.599732832559514
16,30,16.52034855721458
16,31,18.95249333884393
16,32,19.336783142581627
16,33,17.54960552372263
16,34,14.168554000080212
16,35,14.69047084696016
16,36,18.221350891267925
16,37,19.193758421307507
16,38,22.345606481456805
16,39,24.453949110375042
16,40,24.9813761570895
16,41,28.37713195134444
16,42,31.268802471023335
16,43,30.6457645094312
16,44,26.92866975743137
16,45,25.936256438388835
16,46,26.093728812847015
16,47,28.46595961690066
16,48,32.066572008319085
16,49,34.68749614249986
16,50,36.9927033434517
16,51,39.92938487671747
17,1,12.542164762936885
17,2,13.22353060349039
17,3,16.116431742277495
17,4,17.78273499571205
17,5,19.48752825252968
17,6,16.994406075463658
17,7,14.473133595734685
17,8,17.44126349350237
17,9,16.773421423277856
17,10,20.084504621500237
17,11,19.438610486661794
17,12,16.41557291846562
17,13,13.470177819300769
17,14,10.311572356547202
17,15,7.048915918804547
17,16,3.7649126135177893
17,18,3.831520726439745
17,19,5.444191563698242
17,20,8.238797168652384
17,21,9.561151570535491
17,22,13.240766855825045
17,23,15.285458517017211
17,24,18.966273786234098
17,25,21.48582920133079
17,26,23.542784027708713
17,27,25.973733720443352
17,28,23.58833229426037
17,29,21.16362367688981
17,30,18.879872048900232
17,31,20.938408142210985
17,32,20.69107515600204
17,33,18.921083563294673
17,34,15.864786392016017
17,35,16.990161637167674
17,36,20.670473566069752
17,37,21.921235469059308
17,38,24.924410648308893
17,39,27.271540619843154
17,40,27.665570928433144
17,41,31.21624315265798
17,42,34.21052612634559
17,43,33.84166501605266
17,44,30.17559069824958
17,45,29.4017319217197
17,46,29.64355541167317
17,47,31.869564019944338
17,48,35.506410185852644
17,49,38.045235479406294
17,50,40.221159832038886
17,51,43.050651207750796
18,1,9.527154214500989
18,2,11.041307246556578
18,3,13.500052083856891
18,4,14.939474625636654
18,5,17.118642299719635
18,6,15.160476764208347
18,7,12.44063339996545
18,8,15.65974385833642
18,9,15.770703901038402
18,10,19.374541805848732
18,11,19.094382445778855
18,12,16.321237071427245
18,13,12.87839374140465
18,14,10.136132102475516
18,15,6.434686317833503
18,16,5.268830716727847
18,17,3.831520726439745
18,19,3.8203017202459537
18,20,7.039551210105396
18,21,9.771761926482045
18,22,13.315910204176161
18,23,16.032533017212188
18,24,19.707596440677314
18,25,22.47795317924197
18,26,24.996954983149916
18,27,27.32959753362878
18,28,24.65360551157987
18,29,22.400796369564304
18,30,19.725848864449663
18,31,21.432619753968385
18,32,21.141212988078635
18,33,18.75108688540614
18,34,16.049896491635973
18,35,16.65600498311176
18,36,20.436749558598212
18,37,22.219978669568277
18,38,25.506616266753593
18,39,28.072795124976594
18,40,28.95872342233296
18,41,32.42981655988155
18,42,35.1406259230417
18,43,34.67031242211934
18,44,30.960922524148483
18,45,30.0521206054098
18,46,29.824317609074182
18,47,31.940037072497915
18,48,35.45626284438804
18,49,38.202689156813925
18,50,40.21982943746445
18,51,43.16137235003874
19,1,8.194034059844723
19,2,9.458389451119833
19,3,12.56424618879087
19,4,13.349856589705368
19,5,14.884066853402699
19,6,12.888677681996338
19,7,9.766030923559569
19,8,12.53776474445754
19,9,12.556209989989826
19,10,16.164227015702693
19,11,16.31239490521373
19,12,13.97256415741471
19,13,10.557268872102252
19,14,8.599770557687773
19,15,5.71060031931271
19,16,5.4392684509668126
19,17,5.444191563698242
19,18,3.8203017202459537
19,20,3.8320039644645387
19,21,6.659329241061644
19,22,10.182846940284694
19,23,13.245991101707734
19,24,16.938275384801152
19,25,20.048932459287748
19,26,22.636418835265925
19,27,24.619904496042057
19,28,21.679776303821544
19,29,19.29192859970559
19,30,16.35519474827219
19,31,17.795008160679828
19,32,17.434466461250068
19,33,14.9426712686053
19,34,12.336082083294283
19,35,13.035507567881966
19,36,16.84336365714367
19,37,18.82213790566921
19,38,22.069735416177775
19,39,24.837838909355124
19,40,25.88339554324875
19,41,29.391702460062746
19,42,32.01431705259857
19,43,31.750712947570555
19,44,28.104420959906157
19,45,27.47519549827784
19,46,27.26427702306209
19,47,29.085245908420557
19,48,32.63441864036745
19,49,35.25875158358322
19,50,37.09137290467123
19,51,39.922467350275554
20,1,6.731648697953681
20,2,6.748239362425398
20,3,10.36270968461443
20,4,11.021995884628643
20,5,11.84656011367905
20,6,9.460008488950413
20,7,6.5235178102954166
20,8,9.211577837719622
20,9,8.817745349615523
20,10,12.40618731810533
20,11,12.522365838956008
20,12,10.378815969038051
20,13,6.945402199977931
20,14,5.8983949784223375
20,15,4.627425019442166
20,16,6.347264341104716
20,17,8.238797168652384
20,18,7.039551210105396
20,19,3.8320039644645387
20,21,3.8088650364443057
20,22,6.72270931126736
20,23,10.055914377095764
20,24,13.603715667508341
20,25,16.810167832376933
20,26,19.670267949925808
20,27,21.567810776098014
20,28,18.531311000388918
20,29,16.474439941056136
20,30,13.518406096658282
20,31,15.088556064462102
20,32,15.334487117789516
20,33,12.67791437467325
20,34,9.863171107139463
20,35,9.752815846277606
20,36,13.493998532729828
20,37,15.453973033956457
20,38,18.895882115286504
20,39,21.58877405025194
20,40,22.929665693098915
20,41,26.28629955964581
20,42,28.717059066004722
20,43,28.310323089571558
20,44,24.650931101403657
20,45,23.946842003928772
20,46,23.56822014350405
20,47,25.34387098994732
20,48,28.857681996818375
20,49,31.53809685213128
20,50,33.374022803958866
20,51,36.27369584520094
21,1,9.959730127571632
21,2,8.76254798833578
21,3,12.57444771217819
21,4,13.284790638943454
21,5,13.139899049354318
21,6,10.165759607031418
21,7,7.999095791443941
21,8,9.677270987799822
21,9,7.821975025495584
21,10,10.760483147288609
21,11,10.501776395914602
21,12,8.342567723592769
21,13,5.916799865047243
21,14,5.378603570020546
21,15,6.04348535103764
21,16,7.046871968351547
21,17,9.561151570535491
21,18,9.771761926482045
21,19,6.659329241061644
21,20,3.8088650364443057
21,22,3.7723992546168073
21,23,6.633121195378456
21,24,10.330098272314714
21,25,13.577208838864028
21,26,16.176646713840096
21,27,18.006146444657286
21,28,15.039618428511472
21,29,12.84957814302638
21,30,10.127463367112268
21,31,12.22006043476718
21,32,12.914205191298654
21,33,10.934358314349446
21,34,7.463328933838063
21,35,7.659235116858707
21,36,11.216533423187938
21,37,12.521063104101872
21,38,15.78283813159219
21,39,18.30852823726659
21,40,19.362148273295542
21,41,22.79457905175149
21,42,25.41921993496368
21,43,25.12135980827766
21,44,21.483922631711344
21,45,20.99979858383385
21,46,21.061960116001586
21,47,22.82873271753516
21,48,26.482214743473257
21,49,28.931880730150663
21,50,30.876228269144338
21,51,33.66263325103421
22,1,11.270599717211244
22,2,9.150666365897363
22,3,12.708948191912585
22,4,13.090154333795189
22,5,11.904931929959217
22,6,8.771240368019672
22,7,7.658607877363691
22,8,8.166088091496993
22,9,5.145815971627925
22,10,7.305331776797437
22,11,6.966717789998109
22,12,5.569973585670879
22,13,4.533511990879979
22,14,6.265534939834162
22,15,8.629737132745923
22,16,10.376021012427158
22,17,13.240766855825045
22,18,13.315910204176161
22,19,10.182846940284694
22,20,6.72270931126736
22,21,3.7723992546168073
22,23,3.767947426789088
22,24,7.048574114676541
22,25,10.560988229001605
22,26,13.464900170236206
22,27,15.018972878212207
22,28,11.872707044399613
22,29,10.169322221457318
22,30,7.523391366940857
22,31,9.816470265189395
22,32,11.451833855923121
22,33,9.620128094004027
22,34,6.238154339152332
22,35,4.98896035875341
22,36,8.02309668262809
22,37,9.048653976069001
22,38,12.532227621836892
22,39,14.951292219759857
22,40,16.38901714371038
22,41,19.626344223339274
22,42,22.01714540229309
22,43,21.615273567300303
22,44,17.980843950659956
22,45,17.52750319754693
22,46,17.476324463417406
22,47,19.09760217796616
22,48,22.74683299108626
22,49,25.190336907046188
22,50,27.11445973018604
22,51,29.936837131661832
23,1,14.597808016011756
23,2,11.951124476164393
23,3,15.25828018456501
23,4,16.008624825009797
23,5,14.454313419605683
23,6,11.086971847215144
23,7,10.944008806968537
23,8,11.113080033669712
23,9,7.504010171114965
23,10,7.956850559336266
23,11,6.336816095902453
23,12,4.937042538723951
23,13,6.282336715532313
23,14,7.799356824338307
23,15,10.831615935020855
23,16,12.155906666467946
23,17,15.285458517017211
23,18,16.032533017212188
23,19,13.245991101707734
23,20,10.055914377095764
23,21,6.633121195378456
23,22,3.767947426789088
23,24,3.7534675460029048
23,25,7.041212524780607
23,26,9.740946941871456
23,27,11.544017602284928
23,28,8.768005757185831
23,29,7.513529228719741
23,30,6.168065575487606
23,31,9.493426482346127
23,32,11.983528234809734
23,33,11.248466830526436
23,34,7.899179284188894
23,35,6.8100336640242976
23,36,8.365706189808812
23,37,7.67441477239819
23,38,10.761856891875302
23,39,12.445778088067566
23,40,13.458903974287866
23,41,16.61731252894962
23,42,19.231317534946008
23,43,18.66867894600127
23,44,14.99051419404574
23,45,14.518808116564907
23,46,15.02807802277074
23,47,16.89497432275118
23,48,20.643508396225666
23,49,22.893533134381464
23,50,25.12124863353705
23,51,27.908151274611196
24,1,17.444244869671223
24,2,14.453282492872495
24,3,17.316425573128086
24,4,17.925365909433314
24,5,15.755551451277306
24,6,12.60261936939734
24,7,13.312656790620736
24,8,12.763428300673981
24,9,8.994633158521557
24,10,7.738499735711559
24,11,5.572633434195913
24,12,5.808946054670429
24,13,8.71485674720276
24,14,10.834564133591408
24,15,14.224325593682618
24,16,15.735978281876731
24,17,18.966273786234098
24,18,19.707596440677314
24,19,16.938275384801152
24,20,13.603715667508341
24,21,10.330098272314714
24,22,7.048574114676541
24,23,3.7534675460029048
24,25,3.8044374890669594
24,26,6.78435688715319
24,27,8.276884675188244
24,28,5.643258681186668
24,29,5.9578221335239965
24,30,6.214170795167461
24,31,9.460344238918758
24,32,12.759039011661947
24,33,12.619371555088604
24,34,9.971506110559734
24,35,8.325338975113947
24,36,8.142410643273134
24,37,5.948191889903019
24,38,8.557159624510762
24,39,9.381151255683017
24,40,10.601389084872404
24,41,13.357695666791189
24,42,15.786614717487982
24,43,14.98022028403643
24,44,11.268761079537716
24,45,10.814186112672413
24,46,11.57140261026759
24,47,13.401810058521447
24,48,17.17465710054361
24,49,19.29739080247384
24,50,21.66642200268561
24,51,24.464276586586617
25,1,20.379266921412157
25,2,17.079187590353623
25,3,19.603259187255187
25,4,20.58406933402542
25,5,18.37384312130832
25,6,15.171599721951623
25,7,16.460076251987363
25,8,16.05447903390583
25,9,12.343918655798912
25,10,10.638533449248389
25,11,7.8066341761649625
25,12,7.900089099670034
25,13,11.347348740396663
25,14,13.109223128665658
25,15,16.670958130166195
25,16,18.094295379928255
25,17,21.48582920133079
25,18,22.47795317924197
25,19,20.048932459287748
25,20,16.810167832376933
25,21,13.577208838864028
25,22,10.560988229001605
25,23,7.041212524780607
25,24,3.8044374890669594
25,26,3.7603416268481653
25,27,6.209758753028571
25,28,5.472695828411271
25,29,7.521455522520271
25,30,9.281409597971018
25,31,12.462997870557189
25,32,15.943569254686519
25,33,16.216224257549698
25,34,13.680170970992954
25,35,12.072941952353323
25,36,11.39450030318238
25,37,8.496343008969584
25,38,10.033122661502732
25,39,9.325946944493449
25,40,9.955945003457476
25,41,11.955721128267422
25,42,14.352194747052215
25,43,12.897405821332919
25,44,9.191397525374095
25,45,8.10932227792734
25,46,9.545613251958235
25,47,11.969308901554044
25,48,15.596481586682993
25,49,17.59812577524059
25,50,20.440214503495888
25,51,23.2859770885713
26,1,23.792542893149232
26,2,20.59390033641693
26,3,23.244614559845562
26,4,24.269916555710648
26,5,22.075555721362697
26,6,18.87363279679324
26,7,19.947649582633268
26,8,19.480538092052313
26,9,15.730393546148612
26,10,13.945375053168798
26,11,11.457151084994262
26,12,11.512038753223052
26,13,14.772690497393388
26,14,16.106649314755355
26,15,19.4627952480134
26,16,20.338393887801757
26,17,23.542784027708713
26,18,24.996954983149916
26,19,22.636418835265925
26,20,19.670267949925808
26,21,16.176646713840096
26,22,13.464900170236206
26,23,9.740946941871456
26,24,6.78435688715319
26,25,3.7603416268481653
26,27,3.787659186124193
26,28,5.331800713271399
26,29,7.666989798847854
26,30,10.616120708088927
26,31,13.704820275886627
26,32,17.089590793776452
26,33,18.12846900385857
26,34,15.725246051044081
26,35,14.771388335841413
26,36,13.809508821086526
26,37,10.398828308993382
26,38,10.674936425336243
26,39,9.002821567342913
26,40,8.228190178468328
26,41,9.94461562248961
26,42,12.832966230193632
26,43,11.59881534935737
26,44,8.383081775330679
26,45,8.043506859604062
26,46,10.75339262035096
26,47,12.852113100797979
26,48,16.253000094065893
26,49,17.556036994866496
26,50,20.497214754094728
26,51,22.959338578826465
27,1,25.71508745564843
27,2,22.68037054650163
27,3,25.351399357927153
27,4,25.88328549379237
27,5,23.31973746737008
27,6,20.4772004102414
27,7,21.435856019174903
27,8,20.3310783394601
27,9,16.694791995350386
27,10,14.360922992058795
27,11,12.686146679874682
27,12,13.696351637049752
27,13,16.932765747866185
27,14,18.724507130169492
27,15,22.041849682709984
27,16,22.939440044532173
27,17,25.973733720443352
27,18,27.32959753362878
27,19,24.619904496042057
27,20,21.567810776098014
27,21,18.006146444657286
27,22,15.018972878212207
27,23,11.544017602284928
27,24,8.276884675188244
27,25,6.209758753028571
27,26,3.787659186124193
27,28,3.8183524051488926
27,29,6.8845044895585445
27,30,10.3532759206599
27,31,12.632151066027593
27,32,16.067899473561408
27,33,17.638512670262124
27,34,15.927096868057147
27,35,15.106391605946573
27,36,13.311234153774617
27,37,9.539270075217361
27,38,8.49731959212272
27,39,5.947480590343556
27,40,4.683291918001541
27,41,6.2009588483638725
27,42,9.299512958238042
27,43,8.767910637560313
27,44,5.967644282649675
27,45,7.3413733039808795
27,46,10.494963249445767
27,47,11.476211186857764
27,48,14.762027436124649
27,49,15.419720802701768
27,50,18.00501669314922
27,51,20.08900612599108
28,1,22.661092085598543
28,2,19.851780050397018
28,3,22.655825245315487
28,4,22.857467322234722
28,5,20.254732974639886
28,6,17.556492123206013
28,7,18.201982495450753
28,8,16.86889228851847
28,9,13.30119253566018
28,10,11.038146859262277
28,11,9.953575469254131
28,12,11.324457395025945
28,13,14.25201265448421
28,14,16.365812146853816
28,15,19.581345238754288
28,16,20.648267767493408
28,17,23.58833229426037
28,18,24.65360551157987
28,19,21.679776303821544
28,20,18.531311000388918
28,21,15.039618428511472
28,22,11.872707044399613
28,23,8.768005757185831
28,24,5.643258681186668
28,25,5.472695828411271
28,26,5.331800713271399
28,27,3.8183524051488926
28,29,3.8050594366222765
28,30,6.784124931507927
28,31,9.012525693204472
28,32,12.58852368487434
28,33,13.89487114458769
28,34,12.288788340115905
28,35,11.387562694848025
28,36,9.5440119746109
28,37,5.804845008283568
28,38,5.35437763146314
28,39,4.453628056413794
28,40,4.9813881792639085
28,41,7.849756665077499
28,42,10.646462009983319
28,43,10.61015994991581
28,44,7.394288555312703
28,45,8.722050745172409
28,46,10.818603434532829
28,47,11.535477919006865
28,48,15.176874586158839
28,49,16.2812795515335
28,50,18.447642083591184
28,51,20.68464337840193
29,1,21.34466935253746
29,2,18.989938985354115
29,3,22.189027117700167
29,4,22.26573629152319
29,5,19.98393372989955
29,6,17.256858764424248
29,7,17.0950990021011
29,8,15.8996285906021
29,9,12.438839279754559
29,10,11.027405273968892
29,11,10.593535405191785
29,12,11.427700196999746
29,13,13.53687132973101
29,14,15.268156537623442
29,15,18.00317610556045
29,16,18.599732832559514
29,17,21.16362367688981
29,18,22.400796369564304
29,19,19.29192859970559
29,20,16.474439941056136
29,21,12.84957814302638
29,22,10.169322221457318
29,23,7.513529228719741
29,24,5.9578221335239965
29,25,7.521455522520271
29,26,7.666989798847854
29,27,6.8845044895585445
29,28,3.8050594366222765
29,30,3.769529459747143
29,31,6.392503689081633
29,32,9.537517404033874
29,33,11.192831707736104
29,34,9.404781273390203
29,35,9.555397352384901
29,36,8.451659675213403
29,37,5.49201093870314
29,38,5.4708610439546
29,39,6.68530479500589
29,40,6.634560068932323
29,41,10.339824523711924
29,42,13.419001837017873
29,43,14.059476737662079
29,44,11.090114308534012
29,45,12.491539593710472
29,46,14.331222950347739
29,47,14.965695327429707
29,48,18.635971603504725
29,49,19.724226071401304
29,50,21.563639295638193
29,51,23.599274154788066
30,1,18.36145329822701
30,2,16.408618000198373
30,3,19.722934051898672
30,4,19.462721736780043
30,5,17.325644009886094
30,6,14.822424004301949
30,7,14.099359179550898
30,8,12.794552858784284
30,9,9.620154900153585
30,10,8.91240058972676
30,11,9.402622713310377
30,12,10.244114362324586
30,13,11.486784157421416
30,14,13.379502165616595
30,15,15.766796190877557
30,16,16.52034855721458
30,17,18.879872048900232
30,18,19.725848864449663
30,19,16.35519474827219
30,20,13.518406096658282
30,21,10.127463367112268
30,22,7.523391366940857
30,23,6.168065575487606
30,24,6.214170795167461
30,25,9.281409597971018
30,26,10.616120708088927
30,27,10.3532759206599
30,28,6.784124931507927
30,29,3.769529459747143
30,31,3.7836804022639297
30,32,6.7477475028386475
30,33,7.64604558622515
30,34,5.667951020498025
30,35,6.10210369015318
30,36,5.773956224300345
30,37,4.5459011683410395
30,38,6.214980607239916
30,39,8.993516063864226
30,40,9.94176297573744
30,41,13.545740722768063
30,42,16.207970851265955
30,43,16.860335708803454
30,44,13.763351770806317
30,45,14.847461612482375
30,46,15.910847078512306
30,47,16.476347610676772
30,48,20.174176165159132
30,49,21.630353451810468
30,50,23.184917758602644
30,51,25.350941330321625
31,1,19.468337845256265
31,2,17.986581803529848
31,3,21.14000337045262
31,4,20.21010503255153
31,5,17.84491871413961
31,6,16.038596201263903
31,7,15.011843602840216
31,8,12.940655611831279
31,9,10.52319431414604
31,10,9.599515292763181
31,11,11.361116206287264
31,12,12.955184532460535
31,13,13.826911723608061
31,14,16.043563308375663
31,15,18.116524927443894
31,16,18.95249333884393
31,17,20.938408142210985
31,18,21.432619753968385
31,19,17.795008160679828
31,20,15.088556064462102
31,21,12.22006043476718
31,22,9.816470265189395
31,23,9.493426482346127
31,24,9.460344238918758
31,25,12.462997870557189
31,26,13.704820275886627
31,27,12.632151066027593
31,28,9.012525693204472
31,29,6.392503689081633
31,30,3.7836804022639297
31,32,3.775853666751566
31,33,5.373537796491388
31,34,5.57682730381341
31,35,6.398003492482839
31,36,5.035696747207366
31,37,5.215890874745944
31,38,5.820515739232027
31,39,9.470137966613313
31,40,10.917891050727327
31,41,14.279991590661066
31,42,16.44841675697963
31,43,17.706063624150083
31,44,15.074442812374716
31,45,16.7015055878908
31,46,17.496698300647804
31,47,17.277809405350457
31,48,20.734088485320083
31,49,21.919130981908644
31,50,22.86298503744309
31,51,24.711895037813907
32,1,19.921523881483832
32,2,19.1357571996008
32,3,22.38529124610089
32,4,21.168776328699785
32,5,19.171600848575014
32,6,17.70566061657071
32,7,15.935019997862971
32,8,13.94258540222532
32,9,12.279781885850852
32,10,12.19822175600761
32,11,14.371095734750794
32,12,15.61574734255816
32,13,15.723593472465422
32,14,17.538007710665433
32,15,18.925157872523872
32,16,19.336783142581627
32,17,20.69107515600204
32,18,21.141212988078635
32,19,17.434466461250068
32,20,15.334487117789516
32,21,12.914205191298654
32,22,11.451833855923121
32,23,11.983528234809734
32,24,12.759039011661947
32,25,15.943569254686519
32,26,17.089590793776452
32,27,16.067899473561408
32,28,12.58852368487434
32,29,9.537517404033874
32,30,6.7477475028386475
32,31,3.775853666751566
32,33,3.840239350076101
32,34,5.579272584718472
32,35,7.918295885748019
32,36,7.672343154891002
32,37,8.906835603866881
32,38,9.291500892395298
32,39,12.908430034382393
32,40,13.98417727722818
32,41,17.383871199131367
32,42,19.555734149687407
32,43,21.165034471823905
32,44,18.720667547133285
32,45,20.466051014723742
32,46,21.236260578499003
32,47,20.896915298823004
32,48,24.25757137187943
32,49,25.327329813858434
32,50,25.97989976736357
32,51,27.583776590367744
33,1,16.55463848061768
33,2,16.066718218871163
33,3,19.153080196957223
33,4,17.65784286775976
33,5,15.80334669184346
33,6,14.676032479658923
33,7,12.612577914923463
33,8,10.517745031852673
33,9,9.521560382025557
33,10,10.170510633375935
33,11,12.83319947631979
33,12,14.033423092643977
33,13,13.494916924897979
33,14,15.496820936944067
33,15,16.66377411048466
33,16,17.54960552372263
33,17,18.921083563294673
33,18,18.75108688540614
33,19,14.9426712686053
33,20,12.67791437467325
33,21,10.934358314349446
33,22,9.620128094004027
33,23,11.248466830526436
33,24,12.619371555088604
33,25,16.216224257549698
33,26,18.12846900385857
33,27,17.638512670262124
33,28,13.89487114458769
33,29,11.192831707736104
33,30,7.64604558622515
33,31,5.373537796491388
33,32,3.840239350076101
33,34,3.801724577992154
33,35,5.547849098095329
33,36,6.418016785538863
33,37,9.117544109707957
33,38,10.794663771105396
33,39,14.567975879796057
33,40,16.280156834347956
33,41,19.586013941570325
33,42,21.522918795943244
33,43,22.63591891619482
33,44,19.876009461384378
33,45,21.065508246139245
33,46,21.21762932855257
33,47,21.101311443509726
33,48,24.451982237713757
33,49,26.013500587564007
33,50,26.70819259100507
33,51,28.66593176019462
34,1,14.672263744950193
34,2,13.771598757104202
34,3,17.20574566679194
34,4,16.41636037767086
34,5,14.875822419173979
34,6,12.92870411394201
34,7,10.89171343156429
34,8,9.733155292849023
34,9,7.820144800106086
34,10,9.077963349224694
34,11,10.790709411945326
34,12,11.14961979331165
34,13,10.507517212740824
