1,2,3.7962432405518447
1,3,6.201557999105732
1,4,9.891745649801745
1,5,12.308724274685668
1,6,16.07445730196345
1,7,17.2934827452599
1,8,18.53071691453852
1,9,16.84822545968886
1,10,18.392168633708806
1,11,21.808093496317536
1,12,22.12279963859659
1,13,24.195107317945567
1,14,24.476617060180025
1,15,28.004308902402883
1,16,28.842240212155687
1,17,31.593531265157754
1,18,33.4729845692795
1,19,33.84780953083217
1,20,30.206268333403635
1,21,29.24420009345161
1,22,27.97742885988948
1,23,24.45265496921612
1,24,23.026099926389474
1,25,20.120586354827957
1,26,17.034719567513505
1,27,17.61538479082849
1,28,15.887649564153286
1,29,17.616826550680763
1,30,18.79730808147611
1,31,20.96531743477936
1,32,21.04891397663803
1,33,23.316134784778228
1,34,21.005927669950886
1,35,23.322329123975436
1,36,22.12663909662201
1,37,23.353532611513454
1,38,24.806810666826582
1,39,26.177536791103712
1,40,24.53684308979099
1,41,26.185639559501276
1,42,26.08285192473974
1,43,28.97249921984553
1,44,28.436471816473354
1,45,24.920331385168783
1,46,24.78155097279648
1,47,23.57243318046192
1,48,21.133369138279285
1,49,19.399414862525155
1,50,16.356947117731647
1,51,13.595544988077155
1,52,10.062416053406725
1,53,8.248487395454207
1,54,6.709709563861816
1,55,7.3290293707910035
1,56,10.966162454349737
1,57,11.502709149989656
1,58,12.441210400357072
1,59,13.325210285009087
1,60,15.937054419236537
1,61,16.643141683142247
1,62,19.230934273970625
1,63,22.027408336162996
1,64,21.69714302422056
1,65,23.598254093472203
1,66,25.0203181550458
1,67,28.3612166450857
1,68,30.577229632494376
2,1,3.7962432405518447
2,3,3.8056266482536563
2,4,6.92420055451669
2,5,9.698900665627361
2,6,13.273651768698592
2,7,14.688502173773335
2,8,15.779695382401012
2,9,14.27465961581259
2,10,16.415752044545396
2,11,19.69937307884971
2,12,19.47740810241638
2,13,21.291694555108755
2,14,21.227600620098386
2,15,24.644693617214266
2,16,25.32874997882653
2,17,27.98205825759847
2,18,29.75623420985105
2,19,30.16594952478614
2,20,26.51766801823476
2,21,25.526513187565662
2,22,24.207107399161778
2,23,20.686455202480673
2,24,19.383082557332862
2,25,16.64071002740469
2,26,13.46573610250445
2,27,14.321181881485876
2,28,12.990400182000398
2,29,14.882254235379442
2,30,16.575376728493115
2,31,18.784924037751548
2,32,19.33715162255145
2,33,21.855815817482846
2,34,19.55885515343453
2,35,21.46155359347446
2,36,19.938008674606206
2,37,20.671339525499448
2,38,22.125754729804743
2,39,23.13870992178509
2,40,21.207481274021657
2,41,22.647756939896528
2,42,22.396266127022272
2,43,25.23836023239418
2,44,24.77029892661357
2,45,21.319963490793068
2,46,21.4281725356083
2,47,20.44673145044891
2,48,18.196040455154968
2,49,16.096759511342718
2,50,12.892478331036292
2,51,10.15811437522536
2,52,6.530434950013135
2,53,5.745462810935497
2,54,4.809239006272395
2,55,7.2887456704228795
2,56,10.098625205036326
2,57,9.914411891796073
2,58,9.88777587753628
2,59,10.059007927697952
2,60,12.360365468457426
2,61,12.864452340107634
2,62,15.452845020675193
2,63,18.235735602869294
2,64,18.00021913531815
2,65,19.99667827082802
2,66,21.648033816329725
2,67,24.980572762490542
2,68,27.292830325734133
3,1,6.201557999105732
3,2,3.8056266482536563
3,4,3.8015432167567034
3,5,6.249573475900398
3,6,9.976722168658032
3,7,11.691443661991467
3,8,13.46407371954315
3,9,12.72712702982222
3,10,15.07853524361357
3,11,18.572832753422958
3,12,18.15934392954102
3,13,19.516697070532096
3,14,19.34688419576844
3,15,22.718231525853774
3,16,23.265724923677183
3,17,26.23366017911448
3,18,28.217411003091843
3,19,28.971085571266467
3,20,25.49718430938102
3,21,24.966363114500112
3,22,23.66988763821386
3,23,20.27190045452913
3,24,19.65416437219288
3,25,17.48337900809504
3,26,14.06625520918687
3,27,15.049187557521238
3,28,13.784017299061219
3,29,14.94038701959218
3,30,17.255927637474674
3,31,19.974568348455016
3,32,21.154256919629127
3,33,23.414022657187182
3,34,20.722144565759507
3,35,22.101112345777
3,36,19.995046333342962
3,37,20.53744651551485
3,38,21.36700501129375
3,39,22.095569888915392
3,40,20.110724768949108
3,41,21.293467822341693
3,42,20.90137582933076
3,43,23.653252502996786
3,44,22.773906097223925
3,45,19.13793403419119
3,46,18.703633740569792
3,47,17.512494753104576
3,48,15.122779416726386
3,49,13.532629195239656
3,50,10.510940526109415
3,51,8.280484802777718
3,52,5.569959714330125
3,53,5.1556382067662705
3,54,6.739130568409306
3,55,9.789670004315655
3,56,12.165272618313029
3,57,10.789481541529442
3,58,9.742634120568706
3,59,10.15186023210133
3,60,11.617998131012301
3,61,11.917447031630209
3,62,15.05463609840326
3,63,17.19464877299087
3,64,16.934962427108086
3,65,19.45954555251214
3,66,21.279601287126823
3,67,24.27786321439747
3,68,27.00286183529258
4,1,9.891745649801745
4,2,6.92420055451669
4,3,3.8015432167567034
4,5,3.78822126282074
4,6,6.9353667835392
4,7,9.472123301750909
4,8,11.620909527830952
4,9,11.814291589624801
4,10,14.807321826412862
4,11,18.075844499836336
4,12,16.961978864219834
4,13,17.63070032203483
4,14,16.87864609594709
4,15,19.974150417546536
4,16,20.11750489795358
4,17,23.14090059923625
4,18,25.039720685040933
4,19,26.10927194983603
4,20,22.76562227767875
4,21,22.419151029534515
4,22,20.970161694985215
4,23,17.666736346179373
4,24,17.64931311389154
4,25,16.11577855692913
4,26,12.788954970043536
4,27,14.252437738318797
4,28,13.672417165784879
4,29,14.59288707624534
4,30,17.55670124470196
4,31,20.336231262128646
4,32,22.06402614715619
4,33,24.391850138247413
4,34,21.705311114717013
4,35,22.490300002989994
4,36,19.92994336203902
4,37,19.83493326299285
4,38,20.322570420678186
4,39,20.428219118841554
4,40,18.059514882977144
4,41,18.697896565156952
4,42,17.89648219139888
4,43,20.40117147764959
4,44,19.23312293964283
4,45,15.582927564633202
4,46,15.079797298180699
4,47,14.194084776295316
4,48,12.036344208762896
4,49,10.375347665404504
4,50,7.169120417946583
4,51,6.018199511561802
4,52,4.9267702337028005
4,53,6.6024708867117265
4,54,9.15223911115764
4,55,12.714668051321599
4,56,14.359173687973122
4,57,12.332469928990834
4,58,10.114398278100772
4,59,9.675076304686016
4,60,9.835720719814626
4,61,9.368620150359948
4,62,12.645483519911888
4,63,14.268032208344085
4,64,14.329204627407755
4,65,17.31103899916179
4,66,19.543074887384808
4,67,22.274200785233166
4,68,25.281341006517167
5,1,12.308724274685668
5,2,9.698900665627361
5,3,6.249573475900398
5,4,3.78822126282074
5,6,3.8032588802548277
5,7,5.93609427442419
5,8,8.643071233360534
5,9,9.55184293902336
5,10,12.384076467536795
5,11,15.676452118069706
5,12,14.615358067334746
5,13,15.013901197815597
5,14,14.564570022413182
5,15,17.738650693819675
5,16,18.171168868465685
5,17,21.506594758433685
5,18,23.84659099312543
5,19,24.959408865306113
5,20,21.855380727056936
5,21,22.135507551259877
5,22,21.156847603909856
5,23,18.273354634219594
5,24,18.72648241691101
5,25,17.584833451017836
5,26,14.08447461846778
5,27,14.92606248933714
5,28,13.971459271113613
5,29,13.879073056123659
5,30,17.053782284597464
5,31,20.250670904426347
5,32,22.43215664311121
5,33,24.29585611268748
5,34,21.266274096199684
5,35,21.586377085920258
5,36,18.635333331695417
5,37,18.58728672799902
5,38,18.414804697037507
5,39,18.502712834249895
5,40,16.47883470332118
5,41,17.223706188353738
5,42,16.79037702713336
5,43,19.449054942881034
5,44,18.21009623228874
5,45,14.409641720550171
5,46,13.221370748243015
5,47,11.546114241442162
5,48,9.00376543683455
5,49,8.146612578839598
5,50,6.101290652314789
5,51,5.330291942194812
5,52,6.150502779161435
5,53,7.10028617629598
5,54,10.625998193598363
5,55,14.048483883281623
5,56,15.171143867343558
5,57,12.362751200089235
5,58,9.692880872538531
5,59,10.014497242652297
5,60,9.697865331549218
5,61,9.922640102382662
5,62,13.59941861203708
5,63,14.366570480559893
5,64,13.753347527660335
5,65,16.836998747093627
5,66,18.730978165277726
5,67,21.033825514562732
5,68,24.285103971050642
6,1,16.07445730196345
6,2,13.273651768698592
6,3,9.976722168658032
6,4,6.9353667835392
6,5,3.8032588802548277
6,7,3.7933047243340186
6,8,6.99581535707019
6,9,9.332700209256851
6,10,12.361416033199536
6,11,15.119355581175588
6,12,13.430373627299607
6,13,12.904811457894139
6,14,11.982071416849381
6,15,14.792967543273093
6,16,14.975241429859148
6,17,18.49138367973434
6,18,20.971973277080682
6,19,22.362971221112538
6,20,19.57489310946894
6,21,20.358248501217517
6,22,19.554423990344187
6,23,17.123173022358973
6,24,18.281826253840777
6,25,17.879121474585077
6,26,14.634246873708058
6,27,15.46930373847838
6,28,14.958576711431892
6,29,14.290635332948481
6,30,17.82114205138751
6,31,21.039226539144703
6,32,23.70525397024574
6,33,25.402670129701843
6,34,22.375031748644627
6,35,22.04679270743503
6,36,18.710945615865576
6,37,18.118125726291716
6,38,17.34894048418261
6,39,16.81057410009727
6,40,14.678483136878173
6,41,14.898880196789632
6,42,14.306648785319814
6,43,16.746731579053645
6,44,15.251695996698084
6,45,11.454307845344198
6,46,9.738607831212041
6,47,7.80512657381913
6,48,5.281422538026904
6,49,5.145728686183383
6,50,4.6383907419315165
6,51,5.917560691394035
6,52,8.552482966193264
6,53,10.104792507805918
6,54,13.739826612159803
6,55,17.21781175029947
6,56,17.766850694612586
6,57,14.5760105972336
6,58,11.332263180640673
6,59,11.253813211001377
6,60,9.715436924593002
6,61,9.635847145059113
6,62,13.163074137989804
6,63,12.890781070155489
6,64,12.18578050138062
6,65,15.538838231628425
6,66,17.522774051028414
6,67,19.265496828916817
6,68,22.79223086576682
7,1,17.2934827452599
7,2,14.688502173773335
7,3,11.691443661991467
7,4,9.472123301750909
7,5,5.93609427442419
7,6,3.7933047243340186
7,8,3.775951766700322
7,9,6.6037970082716235
7,10,9.120943084617876
7,11,11.730793442344869
7,12,10.327869450620971
7,13,9.977842108224898
7,14,9.98825236996286
7,15,13.168336442778264
7,16,14.245050500646235
7,17,17.822228692178175
7,18,20.784559478312747
7,19,21.740464282794107
7,20,19.091594243463206
7,21,20.3025744279602
7,22,20.20240581213981
7,23,18.181123356327966
7,24,19.213143518750524
7,25,18.736928163485956
7,26,15.357313721818091
7,27,15.271840821225494
7,28,14.158994980339239
7,29,12.576592753226311
7,30,15.93510424762121
7,31,19.397820603776108
7,32,22.291554951209587
7,33,23.48994811670684
7,34,20.250072600489343
7,35,19.59198936637052
7,36,16.097784631224304
7,37,15.767686826645923
7,38,14.516187656495717
7,39,14.339004272736576
7,40,12.927572824504885
7,41,13.817683016252033
7,42,14.175234142911101
7,43,17.051703958475837
7,44,16.12974455526379
7,45,12.500160293574085
7,46,10.736459227364506
7,47,7.738864075777485
7,48,4.887739455566175
7,49,5.398455601526528
7,50,6.622162409626005
7,51,6.706062493893085
7,52,9.551365254617846
7,53,10.220799168828727
7,54,13.963187340617242
7,55,17.06523235674416
7,56,17.020309297242306
7,57,13.434815817267566
7,58,10.22886393409819
7,59,10.990454811130816
7,60,9.746175039349751
7,61,10.929819031833798
7,62,14.491930730198867
7,63,13.97433345469732
7,64,12.22234445884581
7,65,15.03338659438363
7,66,16.24018209823926
7,67,17.705977302940273
7,68,21.191529357852744
8,1,18.53071691453852
8,2,15.779695382401012
8,3,13.46407371954315
8,4,11.620909527830952
8,5,8.643071233360534
8,6,6.99581535707019
8,7,3.775951766700322
8,9,3.7916368870235364
8,10,6.4299864865186835
8,11,8.367360997916974
8,12,6.56893498445311
8,13,6.565993636385047
8,14,7.316954940811521
8,15,10.927691638744509
8,16,12.837717765949382
8,17,16.11598014351445
8,18,19.27098563511363
8,19,19.628731099983522
8,20,16.951826577913913
8,21,18.288675136076513
8,22,18.7970398012433
8,23,17.14315361072192
8,24,17.94006567934719
8,25,17.454209406270895
8,26,14.174902007905335
8,27,13.297689111966257
8,28,11.988452458821536
8,29,9.704812862927293
8,30,13.006330929587348
8,31,16.435888880590795
8,32,19.59958662375597
8,33,20.536810135688278
8,34,17.364190256841503
8,35,16.27542798588025
8,36,12.645146895178444
8,37,12.162303993039405
8,38,10.742424008315494
8,39,10.746898199610133
8,40,9.774430643126095
8,41,11.381619500862566
8,42,12.634262529528325
8,43,15.95327186479848
8,44,15.873461059222684
8,45,12.5779216233792
8,46,11.56967313442388
8,47,8.593179184223061
8,48,6.514582202381312
8,49,5.891371173302793
8,50,7.745020658526034
8,51,7.04554443336601
8,52,10.01265274458135
8,53,10.581989932816946
8,54,13.941901597783152
8,55,16.770192740568675
8,56,15.882748098897737
8,57,12.147781197910406
8,58,8.836630237458696
8,59,9.665721552064493
8,60,8.418493932364008
8,61,10.596826300858142
8,62,13.854973809783129
8,63,13.234501933042916
8,64,10.5845920100045
8,65,12.669529521362323
8,66,13.194063419933846
8,67,14.56925430756492
8,68,17.911642332743323
9,1,16.84822545968886
9,2,14.27465961581259
9,3,12.72712702982222
9,4,11.814291589624801
9,5,9.55184293902336
9,6,9.332700209256851
9,7,6.6037970082716235
9,8,3.7916368870235364
9,10,3.8190504047899148
9,11,6.3345373210923945
9,12,5.531781691303521
9,13,7.591558146753299
9,14,9.167895712122075
9,15,12.980664382057144
9,16,15.294883385737581
9,17,18.130508929030835
9,18,21.130411380352683
9,19,20.908897663168094
9,20,17.93410439994549
9,21,18.779694135076507
9,22,19.45765097461932
9,23,17.609263616764345
9,24,17.609281750254485
9,25,16.431426934611334
9,26,12.983888712370836
9,27,11.34912705440941
9,28,9.179009504852823
9,29,6.6134560238069
9,30,9.562191600932932
9,31,13.173267338202052
9,32,16.144913895043302
9,33,17.00413848307102
9,34,13.731409022487888
9,35,13.009077918508732
9,36,9.611454335142353
9,37,9.866356038098408
9,38,9.268515552620523
9,39,10.425683436874344
9,40,9.937966222395225
9,41,12.49797659473198
9,42,14.234715625416568
9,43,17.866824295026337
9,44,18.344035059647563
9,45,15.152653761030821
9,46,14.79149652806425
9,47,12.176476148789535
9,48,10.150325570950463
9,49,8.703304136239492
9,50,9.367604554141142
9,51,7.081378707809109
9,52,8.8908640227852
9,53,8.654527328086242
9,54,11.459254537304004
9,55,13.83866435768915
9,56,12.479788351292937
9,57,8.723171609141648
9,58,5.733761580394785
9,59,7.451704097940214
9,60,7.608805514084941
9,61,10.795097728196096
9,62,13.961582475461055
9,63,14.183677818616488
9,64,11.229310280090669
9,65,12.528243453431934
9,66,12.46084724398897
9,67,14.462403246132183
9,68,17.29005113187427
10,1,18.392168633708806
10,2,16.415752044545396
10,3,15.07853524361357
10,4,14.807321826412862
10,5,12.384076467536795
10,6,12.361416033199536
10,7,9.120943084617876
10,8,6.4299864865186835
10,9,3.8190504047899148
10,11,3.791377095827256
10,12,5.515829322902002
10,13,8.469046182581401
10,14,11.250790384730468
10,15,14.872947727291397
10,16,17.723518746676092
10,17,20.44438893929585
10,18,23.672965966158273
10,19,23.129463780611655
10,20,20.41843553519905
10,21,21.508193091600436
10,22,22.612997965489843
10,23,21.024388644237252
10,24,20.858632668787774
10,25,19.524407676318116
10,26,16.159242973916506
10,27,13.950119475913953
10,28,11.154340448272531
10,29,7.981040868304925
10,30,9.610282557706613
10,31,13.327765352259528
10,32,16.135160592752094
10,33,16.15422377524544
10,34,12.559071506762328
10,35,11.718968526072114
10,36,8.520784156673852
10,37,9.957708566056278
10,38,8.896309737212999
10,39,11.129775753533659
10,40,11.896277393873586
10,41,14.931523754532947
10,42,17.225579704661296
10,43,20.879098919756093
10,44,21.545391901302494
10,45,18.507831007651752
10,46,17.900375238680834
10,47,14.903024590336079
10,48,12.83893741154306
10,49,12.112844876544719
10,50,13.087157148015722
10,51,10.729755724758851
10,52,11.956340516536368
10,53,10.679869671413147
10,54,13.055972116921064
10,55,14.567138593375779
10,56,12.874069444029146
10,57,9.23987701478214
10,58,7.63920953093566
10,59,10.33004397507039
10,60,11.164424693448717
10,61,14.538845060324125
10,62,17.577202929326138
10,63,17.77464105848039
10,64,14.567987712391977
10,65,15.301096988954399
10,66,14.404625080408147
10,67,16.033023149135378
10,68,18.471439162045094
11,1,21.808093496317536
11,2,19.69937307884971
11,3,18.572832753422958
11,4,18.075844499836336
11,5,15.676452118069706
11,6,15.119355581175588
11,7,11.730793442344869
11,8,8.367360997916974
11,9,6.3345373210923945
11,10,3.791377095827256
11,12,3.811647930501573
11,13,7.151984607773981
11,14,10.604930304108894
11,15,13.772767443052508
11,16,17.122735314671026
11,17,19.387055997030483
11,18,22.69205390468008
11,19,21.672819478072636
11,20,19.294104781097197
11,21,20.67775916752265
11,22,22.38666898651105
11,23,21.378471678356227
11,24,21.262703150225494
11,25,20.241347145257578
11,26,17.295856878014114
11,27,14.611532628914848
11,28,12.079203405076829
11,29,8.354840515400765
11,30,9.338693382019496
11,31,12.599908128458647
11,32,15.739342002289826
11,33,15.178161275358482
11,34,11.858610369206152
11,35,9.95816078228479
11,36,6.573543164413798
11,37,7.855830051559411
11,38,5.962503208025336
11,39,8.76045854519379
11,40,10.644251378390722
11,41,14.024188266242385
11,42,16.962138896677068
11,43,20.58712206057764
11,44,21.784350373212018
11,45,19.22381053018646
11,46,18.912296845913456
11,47,16.011286671495256
11,48,14.497896510522787
11,49,13.743881383240403
11,50,15.29471522471907
11,51,13.307435995399459
11,52,14.873766746877731
11,53,14.002968962466344
11,54,16.03506065320927
11,55,17.3265874173085
11,56,15.002931968972705
11,57,11.680108224884782
11,58,10.228042721787878
11,59,12.29813082360804
11,60,12.7076015283199
11,61,16.173457614405578
11,62,18.704359616266036
11,63,18.502358774929384
11,64,14.902921454031212
11,65,14.849847918398208
11,66,13.103457062222594
11,67,14.118685345733002
11,68,16.19476356770579
12,1,22.12279963859659
12,2,19.47740810241638
12,3,18.15934392954102
12,4,16.961978864219834
12,5,14.615358067334746
12,6,13.430373627299607
12,7,10.327869450620971
12,8,6.56893498445311
12,9,5.531781691303521
12,10,5.515829322902002
12,11,3.811647930501573
12,13,3.799738932099233
12,14,6.919750235735935
12,15,10.158408822761212
12,16,13.43762053533961
12,17,15.6611186864378
12,18,18.922862471438528
12,19,18.02610800075569
12,20,15.600430159059933
12,21,17.119912430855354
12,22,18.82824556849219
12,23,18.016805420039496
12,24,18.2747555873079
12,25,17.757234137807043
12,26,15.034859730656043
12,27,12.685852535684361
12,28,11.022369868279439
12,29,7.441771605401188
12,30,9.613385859429796
12,31,12.628349833659277
12,32,16.18590334608488
12,33,16.283431741254777
12,34,13.382239541712218
12,35,11.180488707873973
12,36,7.3911167795325925
12,37,6.70978198934814
12,38,4.362889000239053
12,39,5.691471467424901
12,40,6.992890719409758
12,41,10.235585403569107
12,42,13.179602438905047
12,43,16.786035612220683
12,44,18.091259393632082
12,45,15.71212668856922
12,46,15.713134935213281
12,47,13.155233634410772
12,48,12.106595286707874
12,49,10.954614216588341
12,50,12.86808095922324
12,51,11.515680813365268
12,52,13.797283779423768
12,53,13.93306495696187
12,54,16.23649026919036
12,55,18.200419949329383
12,56,15.971947805541655
12,57,12.540969659700842
12,58,10.079864284862841
12,59,11.019422315153545
12,60,10.365209871907618
12,61,13.519259267913963
12,62,15.782917943682133
12,63,15.125457564505387
12,64,11.450423377480906
12,65,11.482042777576384
12,66,10.01986394114299
12,67,10.88498137529796
12,68,13.486692648070816
13,1,24.195107317945567
13,2,21.291694555108755
13,3,19.516697070532096
13,4,17.63070032203483
13,5,15.013901197815597
13,6,12.904811457894139
13,7,9.977842108224898
13,8,6.565993636385047
13,9,7.591558146753299
13,10,8.469046182581401
13,11,7.151984607773981
13,12,3.799738932099233
13,14,3.8135498949620175
13,15,6.699125927024346
13,16,10.07703285978295
13,17,12.509110373635043
13,18,16.01309917071882
13,19,15.510148117784958
13,20,13.503002225305002
13,21,15.674770518782873
13,22,17.434869025675972
13,23,17.063757216258825
13,24,18.092748117766604
13,25,18.337272826201577
13,26,15.911039203414564
13,27,14.202546913621624
13,28,13.406441554742079
13,29,10.269653819018108
13,30,12.926766718501478
13,31,15.64806037545066
13,32,19.34206965829233
13,33,19.645971604026784
13,34,16.979134804072352
13,35,14.55717435544484
13,36,10.820746877595326
13,37,9.183224344088105
13,38,6.325522790125505
13,39,5.171222436621396
13,40,5.848208619327838
13,41,8.01403309230037
13,42,10.866979770474957
13,43,14.154959950971026
13,44,15.292011148131987
13,45,13.213103899949864
13,46,13.015464058310519
13,47,10.524501375515033
13,48,10.16620801391719
13,49,9.502833316176192
13,50,12.30949161302772
13,51,12.114733415391356
13,52,15.149433948610216
13,53,15.961332076045123
13,54,18.668653375539733
13,55,21.084599470029264
13,56,19.15261405945027
13,57,15.634467767796458
13,58,12.651146312972857
13,59,12.895996978022435
13,60,11.130986260590078
13,61,13.483969631480653
13,62,15.524520538771641
13,63,13.973966425229653
13,64,10.462038415855009
13,65,10.928264767445786
13,66,9.986614584929479
13,67,9.870981783833509
13,68,13.078908199661308
14,1,24.476617060180025
14,2,21.227600620098386
14,3,19.34688419576844
14,4,16.87864609594709
14,5,14.564570022413182
14,6,11.982071416849381
14,7,9.98825236996286
14,8,7.316954940811521
14,9,9.167895712122075
14,10,11.250790384730468
14,11,10.604930304108894
14,12,6.919750235735935
14,13,3.8135498949620175
14,15,3.8167972560384262
14,16,6.569234269495388
14,17,9.255092503448038
14,18,12.651000848667755
14,19,12.654334488643231
14,20,10.516507448015952
14,21,12.79959583369426
14,22,14.248291042569315
14,23,14.025258736751404
14,24,15.631021187941402
14,25,16.49794769865201
14,26,14.441094511922287
14,27,13.502356293551042
14,28,13.694259499841342
14,29,11.354628956472624
14,30,14.540441326917755
14,31,16.931624989297962
14,32,20.6268914238008
14,33,21.51324358572257
14,34,19.156432957054495
14,35,16.892616902900564
14,36,13.261075137473902
14,37,10.865681679265967
14,38,8.81898700804954
14,39,6.245359158046983
14,40,4.611138495267338
14,41,4.960371142136983
14,42,7.227873172295538
14,43,10.419979506020372
14,44,11.494006096702448
14,45,9.59789321591561
14,46,9.879017577752634
14,47,8.195465315436113
14,48,8.689506454463025
14,49,7.484760786323789
14,50,10.515258399519498
14,51,11.313233410781962
14,52,14.762418849236479
14,53,16.443936590833925
14,54,19.209271693882712
14,55,22.07674692691808
14,56,20.401652547161365
14,57,17.006945547580713
14,58,13.571046880186156
14,59,12.804666735240078
14,60,10.059932805869538
14,61,11.461144238407702
14,62,13.05620592133733
14,63,10.861084150183284
14,64,7.68620345443708
14,65,8.747004086584559
14,66,8.927527987421097
14,67,8.68545530470225
14,68,12.403909741150542
15,1,28.004308902402883
15,2,24.644693617214266
15,3,22.718231525853774
15,4,19.974150417546536
15,5,17.738650693819675
15,6,14.792967543273093
15,7,13.168336442778264
15,8,10.927691638744509
15,9,12.980664382057144
15,10,14.872947727291397
15,11,13.772767443052508
15,12,10.158408822761212
15,13,6.699125927024346
15,14,3.8167972560384262
15,16,3.8010295709688506
15,17,5.951305393096494
15,18,9.63897984752268
15,19,9.811742588671404
15,20,8.642665528138588
15,21,11.764466367700447
15,22,13.583001418227056
15,23,14.301764537063308
15,24,16.498764315206028
15,25,18.116744378805134
15,26,16.714255877930018
15,27,16.044289346515413
15,28,16.800000440047278
15,29,14.650629217126953
15,30,17.635742296437254
15,31,19.591219149061907
15,32,23.334590168766688
15,33,24.166297856774523
15,34,22.130327365551118
15,35,19.533022363988255
15,36,16.081905193912494
15,37,13.244880393429852
15,38,11.05252506333468
15,39,7.644330439181948
15,40,6.241508190200832
15,41,4.540649062282193
15,42,6.463983840624817
15,43,8.588745166927504
15,44,10.01840730372011
15,45,9.375866828384671
15,46,9.970054183128825
15,47,9.183801137783378
15,48,10.712614729080498
15,49,9.968754339868328
15,50,13.14672911052861
15,51,14.584660664360191
15,52,18.12869492775903
15,53,20.093063103596283
15,54,22.81386810837943
15,55,25.742044993946017
15,56,23.99947695310701
15,57,20.703193450464063
15,58,17.265272853704854
15,59,16.163113448830774
15,60,13.100098861789133
15,61,13.828815478275155
15,62,14.660688350646968
15,63,11.720263029892797
15,64,9.149800093098014
15,65,9.754581464871334
15,66,9.953246931645094
15,67,8.35288449735481
15,68,11.969961784031781
16,1,28.842240212155687
16,2,25.32874997882653
16,3,23.265724923677183
16,4,20.11750489795358
16,5,18.171168868465685
16,6,14.975241429859148
16,7,14.245050500646235
16,8,12.837717765949382
16,9,15.294883385737581
16,10,17.723518746676092
16,11,17.122735314671026
16,12,13.43762053533961
16,13,10.07703285978295
16,14,6.569234269495388
16,15,3.8010295709688506
16,17,3.807521914496179
16,18,7.116527562553562
16,19,8.684594335096984
16,20,7.847536898871609
16,21,10.9257738165616
16,22,12.020156114848612
16,23,12.951897306527904
16,24,15.836705760367487
16,25,18.040696962547532
16,26,17.032475785300097
16,27,17.17938047861711
16,28,18.546796971289332
16,29,17.009248461588722
16,30,20.263568833140134
16,31,22.091952368042193
16,32,25.722554096405275
16,33,26.956183958919215
16,34,25.040811365292942
16,35,22.67200107258552
16,36,19.270198627050487
16,37,16.292308479243488
16,38,14.541806837061095
16,39,11.072015096909139
16,40,8.803996724651178
16,41,5.6575720932430205
16,42,5.053564072328725
16,43,5.672532705388506
16,44,6.520892351983948
16,45,6.771262858154267
16,46,7.813193435190318
16,47,8.4567114767095
16,48,10.76947361802531
16,49,10.026775889961531
16,50,12.978055081439777
16,51,15.249708889733071
16,52,18.88606850451561
16,53,21.369592307616504
16,54,24.137142000995052
16,55,27.362295878158868
16,56,25.95263875698744
16,57,22.759359778425452
16,58,19.118922037715194
16,59,17.49476267347784
16,60,13.984274145438212
16,61,13.665686202721448
16,62,14.006500694993104
16,63,10.495620771792742
16,64,9.141326790584005
16,65,10.43620832021426
16,66,11.761460140126237
16,67,10.36105979104138
16,68,13.87617288163215
17,1,31.593531265157754
17,2,27.98205825759847
17,3,26.23366017911448
17,4,23.14090059923625
17,5,21.506594758433685
17,6,18.49138367973434
17,7,17.822228692178175
17,8,16.11598014351445
17,9,18.130508929030835
17,10,20.44438893929585
17,11,19.387055997030483
17,12,15.6611186864378
17,13,12.509110373635043
17,14,9.255092503448038
17,15,5.951305393096494
17,16,3.807521914496179
17,18,3.787325650147899
17,19,5.126603973043616
17,20,5.596419083320748
17,21,9.127668236929887
17,22,10.825254108111663
17,23,12.833836226743081
17,24,15.769818562744955
17,25,18.458116352972592
17,26,18.183719845039857
17,27,18.271342940175924
17,28,20.080529967358526
17,29,18.741373949078
17,30,21.67469176152724
17,31,22.937168669526553
17,32,26.518041809409986
17,33,27.749517832091197
17,34,26.28820250267409
17,35,23.696354799061837
17,36,20.610992824734605
17,37,17.244640959946526
17,38,15.781683891148448
17,39,12.015417231532364
17,40,9.942438870787365
17,41,6.454988570069619
17,42,5.898271982484809
17,43,5.027063807194845
17,44,7.3832200435177615
17,45,9.143745476995953
17,46,11.02782124952802
17,47,12.20100804009793
17,48,14.526812414672785
17,49,13.426527702470654
17,50,15.995066907385498
17,51,18.100512498642246
17,52,21.543115628768913
17,53,24.16639853644184
17,54,26.61736525542121
17,55,29.73880597066696
17,56,28.051614873445832
17,57,25.08856298577306
17,58,21.571883956820727
17,59,19.626545806818207
17,60,16.133117144764036
17,61,15.70587391285276
17,62,15.193535907517363
17,63,11.616148469039222
17,64,10.56370047677386
17,65,10.765960053765474
17,66,11.79116906606236
17,67,9.636586161220242
17,68,12.506288682110714
18,1,33.4729845692795
18,2,29.75623420985105
18,3,28.217411003091843
18,4,25.039720685040933
18,5,23.84659099312543
18,6,20.971973277080682
18,7,20.784559478312747
18,8,19.27098563511363
18,9,21.130411380352683
18,10,23.672965966158273
18,11,22.69205390468008
18,12,18.922862471438528
18,13,16.01309917071882
18,14,12.651000848667755
18,15,9.63897984752268
18,16,7.116527562553562
18,17,3.787325650147899
18,19,3.8240541137953796
18,20,5.451239617483228
18,21,8.158096444482386
18,22,9.44560675615641
18,23,12.215108701903365
18,24,15.363208140720376
18,25,18.57249700851553
18,26,19.023483519927247
18,27,19.54336593302162
18,28,21.898650338027668
18,29,21.081437388382493
18,30,23.930910819479987
18,31,24.775340534546253
18,32,28.166849913370882
18,33,29.67201479109268
18,34,28.567204319314495
18,35,26.082072871094315
18,36,23.251529342186302
18,37,19.695186999899335
18,38,18.728598066301025
18,39,14.969010223413777
18,40,12.623573488771177
18,41,8.996158944876717
18,42,7.459651277899611
18,43,4.833777089252246
18,44,7.516072689393276
18,45,10.418463239489391
18,46,12.961174349054687
18,47,14.938067488613273
18,48,17.377558406681292
18,49,15.95905462691638
18,50,17.999111993715672
18,51,20.262677296674987
18,52,23.50001570601061
18,53,26.43863160466696
18,54,28.63966517957855
18,55,31.813364967007054
18,56,30.16487022582272
18,57,27.46568353205849
18,58,23.97832171114808
18,59,21.588836644262546
18,60,18.01957834852873
18,61,17.027336076120427
18,62,15.711084728016177
18,63,12.141052966322487
18,64,12.05459914078917
18,65,11.973464319581534
18,66,13.407037523079582
18,67,11.411316204490461
18,68,13.589337802491274
19,1,33.84780953083217
19,2,30.16594952478614
19,3,28.971085571266467
19,4,26.10927194983603
19,5,24.959408865306113
19,6,22.362971221112538
19,7,21.740464282794107
19,8,19.628731099983522
19,9,20.908897663168094
19,10,23.129463780611655
19,11,21.672819478072636
19,12,18.02610800075569
19,13,15.510148117784958
19,14,12.654334488643231
19,15,9.811742588671404
19,16,8.684594335096984
19,17,5.126603973043616
19,18,3.8240541137953796
19,20,3.8097674666928776
19,21,6.738782653385375
19,22,9.407481929458552
19,23,12.530728082652878
19,24,14.978089976873584
19,25,17.977143715640477
19,26,18.64005862124742
19,27,18.551066756846858
19,28,20.848728414010594
19,29,19.918721603822085
19,30,22.313879307444388
19,31,22.73363588445184
19,32,26.08180481414103
19,33,27.37683555066237
19,34,26.604521303310854
19,35,23.91717722936276
19,36,21.414392969917497
19,37,17.71039794315503
19,38,16.979646892926247
19,39,13.282189481256047
19,40,11.434588892790552
19,41,8.42626033456381
19,42,8.273055898689254
19,43,7.106549206709536
19,44,10.580135453713945
19,45,12.815931275700601
19,46,15.485377420129032
19,47,16.886874409692574
19,48,18.984025191322353
19,49,17.228184823050295
19,50,19.203201283480006
19,51,20.84871934238047
19,52,23.878036634693192
19,53,26.59439942335154
19,54,28.497378462214645
19,55,31.383580370015004
19,56,29.33138164055593
19,57,26.80022899571208
19,58,23.568575490898223
19,59,21.240382559379032
19,60,17.99051760418031
19,61,17.604023509565785
19,62,16.136463912914618
19,63,13.008776772467163
19,64,12.169019137393565
19,65,10.901814037915871
19,66,11.417486665981018
19,67,8.896089486537006
19,68,10.336978705450042
20,1,30.206268333403635
20,2,26.51766801823476
20,3,25.49718430938102
20,4,22.76562227767875
20,5,21.855380727056936
20,6,19.57489310946894
20,7,19.091594243463206
20,8,16.951826577913913
20,9,17.93410439994549
20,10,20.41843553519905
20,11,19.294104781097197
20,12,15.600430159059933
20,13,13.503002225305002
20,14,10.516507448015952
20,15,8.642665528138588
20,16,7.847536898871609
20,17,5.596419083320748
20,18,5.451239617483228
20,19,3.8097674666928776
20,21,3.7906642762110323
20,22,6.649402842909986
20,23,9.25301891600659
20,24,11.499782422559576
20,25,14.310732900837765
20,26,14.836279710270654
20,27,14.8042915317435
20,28,17.225478526226993
20,29,16.579219596425943
20,30,19.11237765182588
20,31,19.593534613868453
20,32,22.893646356482815
20,33,24.470757014039936
20,34,23.626176917645136
20,35,21.240448483480307
20,36,18.712427660259145
20,37,15.027034172859588
20,38,14.769316295233413
20,39,11.260386641626006
20,40,8.684013069118535
20,41,5.6897417204640455
20,42,5.434227589721382
20,43,5.589213042303171
20,44,9.387221867796445
20,45,10.770197686427036
20,46,13.792169437257261
20,47,15.087134528229948
20,48,16.822643745110184
20,49,14.51350703089011
20,50,16.077493689549243
20,51,17.460695541135905
20,52,20.309801270713777
20,53,23.08456320298582
20,54,24.839923438497646
20,55,27.731196097129533
20,56,25.742035059937358
20,57,23.316253904270198
20,58,20.100712207510934
20,59,17.586697161227146
20,60,14.368092674132864
20,61,14.012105038587055
20,62,12.503713983168941
20,63,9.610699839363859
20,64,8.576383103429867
20,65,7.170464157452486
20,66,8.268094512949263
20,67,6.717873153929382
20,68,8.816089924712134
21,1,29.24420009345161
21,2,25.526513187565662
21,3,24.966363114500112
21,4,22.419151029534515
21,5,22.135507551259877
21,6,20.358248501217517
21,7,20.3025744279602
21,8,18.288675136076513
21,9,18.779694135076507
21,10,21.508193091600436
21,11,20.67775916752265
21,12,17.119912430855354
21,13,15.674770518782873
21,14,12.79959583369426
21,15,11.764466367700447
21,16,10.9257738165616
21,17,9.127668236929887
21,18,8.158096444482386
21,19,6.738782653385375
21,20,3.7906642762110323
21,22,3.7792143286617392
21,23,6.728808125571137
21,24,8.448082619357134
21,25,11.536390909621929
21,26,12.873251069645146
21,27,13.229746796297038
21,28,16.237537070304068
21,29,16.410459498421854
21,30,18.751013824811018
21,31,18.73811429126717
21,32,21.66079076215314
21,33,23.688817837460707
21,34,23.236764319864257
21,35,21.266882712394345
21,36,19.141808478186054
21,37,15.498769574361775
21,38,16.136941003413988
21,39,13.109593372027893
21,40,10.207590620277777
21,41,7.894293333449095
21,42,7.036858801308696
21,43,7.243522548195949
21,44,10.781570487677405
21,45,11.949534950004125
21,46,15.44231111912626
21,47,17.037024910813624
21,48,18.489471418506323
21,49,15.604948812145254
21,50,16.308062282713333
21,51,17.399584969343238
21,52,19.72776165307475
21,53,22.707273953506096
21,54,23.97548528405548
21,55,26.786128570232744
21,56,24.837231921998132
21,57,22.867420232432824
21,58,19.863224212343244
21,59,16.872688206830684
21,60,13.879871217160485
21,61,13.159030372832845
21,62,10.786873454579583
21,63,8.656450646889652
21,64,8.440811593049926
21,65,6.529914526962733
21,66,8.307184429352949
21,67,8.156499764510142
21,68,9.406160034450307
22,1,27.97742885988948
22,2,24.207107399161778
22,3,23.66988763821386
22,4,20.970161694985215
22,5,21.156847603909856
22,6,19.554423990344187
22,7,20.20240581213981
22,8,18.7970398012433
22,9,19.45765097461932
22,10,22.612997965489843
22,11,22.38666898651105
22,12,18.82824556849219
22,13,17.434869025675972
22,14,14.248291042569315
22,15,13.583001418227056
22,16,12.020156114848612
22,17,10.825254108111663
22,18,9.44560675615641
22,19,9.407481929458552
22,20,6.649402842909986
22,21,3.7792143286617392
22,23,3.7902760671681457
22,24,6.41702881872799
22,25,10.0788751696143
22,26,11.773198448776157
22,27,13.204669282564309
22,28,16.580111907754098
22,29,17.393247029130034
22,30,20.025787073101977
22,31,20.161619081190054
22,32,22.828838666663152
22,33,25.295850441537677
22,34,24.751557197250964
22,35,23.248753212426305
22,36,21.07062421804044
22,37,17.66550043419249
22,38,18.506381880432215
22,39,15.667646072747408
22,40,12.274358731992828
22,41,9.77887912138394
22,42,7.569744923350485
22,43,7.144970206704889
22,44,9.762127015183127
22,45,10.878933787038829
22,46,14.647981621723064
22,47,16.828307178249393
22,48,18.258081795313576
22,49,15.187304218521149
22,50,15.224529790281776
22,51,16.66155755208752
22,52,18.77595310784845
22,53,22.120825256794248
22,54,23.319081388498947
22,55,26.34648427222144
22,56,24.8558493320933
22,57,23.050717523774445
22,58,19.9692214971998
22,59,16.616918927194416
22,60,13.492670739155695
22,61,11.79947166626278
22,62,8.813324595185765
22,63,6.845175075827319
22,64,8.320126705478888
22,65,7.7341849104107485
22,66,10.661055767377784
22,67,11.357095181420291
22,68,12.911687639755355
23,1,24.45265496921612
23,2,20.686455202480673
23,3,20.27190045452913
23,4,17.666736346179373
23,5,18.273354634219594
23,6,17.123173022358973
23,7,18.181123356327966
23,8,17.14315361072192
23,9,17.609263616764345
23,10,21.024388644237252
23,11,21.378471678356227
23,12,18.016805420039496
23,13,17.063757216258825
23,14,14.025258736751404
23,15,14.301764537063308
23,16,12.951897306527904
23,17,12.833836226743081
23,18,12.215108701903365
23,19,12.530728082652878
23,20,9.25301891600659
23,21,6.728808125571137
23,22,3.7902760671681457
23,24,3.783552193498984
23,25,7.215257613591939
23,26,8.63800552333061
23,27,10.836192011455951
23,28,14.296551904508462
23,29,15.638968285294549
23,30,18.461429858529186
23,31,18.856090159797542
23,32,21.317547546593882
23,33,24.096952027264884
23,34,23.340876228354606
23,35,22.340544691667226
23,36,20.13954837755817
23,37,17.12662368184251
23,38,18.272458542800972
23,39,15.928289040959278
23,40,12.272693459339756
23,41,10.375018146806775
23,42,8.0342852835817
23,43,8.637075756637275
23,44,10.249645374929107
23,45,10.139797829861193
23,46,13.760402702799901
23,47,15.80420809193728
23,48,16.76099033876675
23,49,13.351166028830132
23,50,12.57379827652689
23,51,13.82095176703731
23,52,15.569596096758056
23,53,19.06266803765276
23,54,20.13093942790515
23,55,23.255738070141206
23,56,22.105439209256843
23,57,20.44486927074081
23,58,17.40574540239537
23,59,13.84769648539158
23,60,10.844323058434071
23,61,8.630205914849325
23,62,5.258010054952706
23,63,4.336937874245278
23,64,6.7922180855222924
23,65,7.266983900479463
23,66,10.838536347027045
23,67,12.597320939220944
23,68,14.518780598515324
24,1,23.026099926389474
24,2,19.383082557332862
24,3,19.65416437219288
24,4,17.64931311389154
24,5,18.72648241691101
24,6,18.281826253840777
24,7,19.213143518750524
24,8,17.94006567934719
24,9,17.609281750254485
24,10,20.858632668787774
24,11,21.262703150225494
24,12,18.2747555873079
24,13,18.092748117766604
24,14,15.631021187941402
24,15,16.498764315206028
24,16,15.836705760367487
24,17,15.769818562744955
24,18,15.363208140720376
24,19,14.978089976873584
24,20,11.499782422559576
24,21,8.448082619357134
24,22,6.41702881872799
24,23,3.783552193498984
24,25,3.7990387240959227
24,26,6.429669175769955
24,27,8.619081012604424
24,28,12.371866158764048
24,29,14.420576263195493
24,30,16.72927175618476
24,31,16.607285161964175
24,32,18.6081571323884
24,33,21.669917013752496
24,34,21.29040588341052
24,35,20.702441348731526
24,36,19.0198612424338
24,37,16.27272018290428
24,38,18.15980435410885
24,39,16.443905464008342
24,40,13.080050587054123
24,41,12.193784356084965
24,42,10.783599302202546
24,43,12.080262770225243
24,44,13.885367372103996
24,45,13.307708788088593
24,46,16.689399824866513
24,47,18.24240409535168
24,48,18.70730952246823
24,49,15.01731916540492
24,50,13.667995924038955
24,51,13.930791300293656
24,52,14.857099712068957
24,53,18.12593925021428
24,54,18.504523053707477
24,55,21.276523172733963
24,56,19.964102116226798
24,57,18.854056044218023
24,58,16.312703025868508
24,59,12.594349417170832
24,60,10.44773241716568
24,61,8.831592236731877
24,62,5.271979658603172
24,63,6.703948781575792
24,64,8.144395901071285
24,65,7.661711715425005
24,66,10.67871820455605
24,67,13.236492865702404
24,68,14.524624152403772
25,1,20.120586354827957
25,2,16.64071002740469
25,3,17.48337900809504
25,4,16.11577855692913
25,5,17.584833451017836
25,6,17.879121474585077
25,7,18.736928163485956
25,8,17.454209406270895
25,9,16.431426934611334
25,10,19.524407676318116
25,11,20.241347145257578
25,12,17.757234137807043
25,13,18.337272826201577
25,14,16.49794769865201
25,15,18.116744378805134
25,16,18.040696962547532
25,17,18.458116352972592
25,18,18.57249700851553
25,19,17.977143715640477
25,20,14.310732900837765
25,21,11.536390909621929
25,22,10.0788751696143
25,23,7.215257613591939
25,24,3.7990387240959227
25,26,3.7940484655865876
25,27,6.119963090254247
25,28,9.787057714354397
25,29,12.570528365102264
25,30,14.504773337951887
25,31,14.26895300862455
25,32,15.806668124510821
25,33,19.14451126505011
25,34,18.810800510783928
25,35,18.814237556840418
25,36,17.489677993393464
25,37,15.325835744001404
25,38,17.7339469446585
25,39,16.800025153299412
25,40,13.764811691912971
25,41,13.858964754365996
25,42,13.09450472610703
25,43,15.085914410071902
25,44,16.68206560283209
25,45,15.383116893566312
25,46,18.327865670855438
25,47,19.313353836327995
25,48,19.196511939170506
25,49,15.384973785392532
25,50,13.461401840013183
25,51,12.743112072282827
25,52,12.780909370802137
25,53,15.727406196162685
25,54,15.509099093835221
25,55,17.996285382150198
