1,2,3.8130813891196964
1,3,6.782192615824738
1,4,9.838865245385342
1,5,13.488708934304118
1,6,16.24861774695971
1,7,18.820594719867668
1,8,18.965944293912436
1,9,22.28981058470234
1,10,24.416305438151735
1,11,28.21576285851208
1,12,29.88696222705407
1,13,33.53396243140972
1,14,35.153618068328555
1,15,35.53248005924161
1,16,33.08922625667328
1,17,30.172779885302482
1,18,26.638455245236706
1,19,23.238451250692325
1,20,20.09712565681401
1,21,16.93040679959812
1,22,13.238194858253394
1,23,11.133136211966876
1,24,8.062828887503942
1,25,7.712294275260963
1,26,10.340542547532383
1,27,12.131606645008059
1,28,15.694020443744318
1,29,16.761846849586505
1,30,15.178330971117616
1,31,15.475381870876063
1,32,16.809931562282852
1,33,17.48944137031574
1,34,13.853664915880932
1,35,13.012782166687233
1,36,13.487219676668792
1,37,14.128637440518894
1,38,16.218011526859446
1,39,18.006609835507028
1,40,20.109711216147247
1,41,21.98111496946711
1,42,23.097547959572918
1,43,25.096571868691463
1,44,25.009358580512433
1,45,23.140905320942718
1,46,23.099346095797582
1,47,21.075612694025665
1,48,20.194392048072032
1,49,18.479561082138424
1,50,17.640695715422563
1,51,17.37260733303587
1,52,18.878297721450256
1,53,21.82585010150607
1,54,22.5108128615439
1,55,24.782345002126274
1,56,26.49891231063417
1,57,28.961325558892014
1,58,26.37584841274318
1,59,26.476940163061254
1,60,28.387129634685234
1,61,31.83458158119328
1,62,31.069058728037113
1,63,28.9624487092849
1,64,31.02900314548228
1,65,31.34652496842289
1,66,30.158759207122422
1,67,26.37357216247548
1,68,24.593081773272047
1,69,21.424669379810993
1,70,21.966161624378824
1,71,21.134589457951666
1,72,21.831650692922832
1,73,19.271667186180053
1,74,16.493583000944884
1,75,17.01755686590888
1,76,16.029224512109927
1,77,12.50471118221681
1,78,14.53212420735417
1,79,15.08658530821231
1,80,18.341701730541093
1,81,20.579960539440062
1,82,24.256155107258298
1,83,26.681672801719333
1,84,30.33021945749313
1,85,33.25890101447863
1,86,31.5840555660433
1,87,33.585039084852916
1,88,33.59563508798085
1,89,32.23417750082366
1,90,28.93132825964975
1,91,28.423819267653002
1,92,25.8781349264728
1,93,22.274876980368827
1,94,20.01177969992861
1,95,16.569029312323003
1,96,13.942345647878017
1,97,12.035147454283885
1,98,9.819024248801483
1,99,8.929164504405927
1,100,8.450982666874392
1,101,7.831448269965158
1,102,5.368311624160079
1,103,6.210475160467272
1,104,6.6971935753647065
1,105,10.065665756436497
1,106,12.150877585790955
1,107,15.946679159405223
1,108,18.60389199228869
1,109,22.293134141721286
1,110,25.025337403736494
1,111,28.696533455267012
1,112,31.40714320688457
1,113,34.611188690077704
1,114,37.91805832908762
1,115,40.10677565348402
1,116,42.01372729900453
2,1,3.8130813891196964
2,3,3.8009762205208286
2,4,6.305729256126273
2,5,9.94334346541909
2,6,12.734928140565064
2,7,15.14624033422748
2,8,15.217746653732231
2,9,18.623080434965026
2,10,20.88533932993278
2,11,24.670556352769328
2,12,26.5288720086742
2,13,30.234578813221802
2,14,32.02244496974336
2,15,32.625404110923
2,16,30.15030381676561
2,17,27.43058027701588
2,18,23.77815033381246
2,19,20.53128538971689
2,20,17.18512932500251
2,21,14.114070714274225
2,22,10.618890150096467
2,23,8.818037803516248
2,24,6.839366042703619
2,25,7.7320320706863495
2,26,11.18363070594329
2,27,13.623546506285814
2,28,16.924286364654467
2,29,18.050265795085267
2,30,16.346296745325642
2,31,17.285724306040223
2,32,18.137570408777556
2,33,19.310489913453413
2,34,15.929521423537148
2,35,14.218636874907695
2,36,14.194307692633666
2,37,13.789572906131749
2,38,15.358238745483078
2,39,16.37392067730726
2,40,18.344756313995497
2,41,19.829050895135502
2,42,21.142621029950355
2,43,23.538587449146267
2,44,23.44807737144374
2,45,21.87900581759986
2,46,21.567320807535516
2,47,19.98488737661373
2,48,19.77818209594811
2,49,18.50785083889665
2,50,18.413505700981126
2,51,18.767524996571016
2,52,19.86692462265615
2,53,22.478915246877346
2,54,22.590428508988808
2,55,24.773747402522705
2,56,25.964793577271447
2,57,28.582840706023756
2,58,25.876542365663983
2,59,25.458621625988542
2,60,27.02892562137734
2,61,30.293833895936327
2,62,29.1182087189503
2,63,27.076190232520382
2,64,29.464158644515674
2,65,29.814188043525096
2,66,28.224102101275435
2,67,24.472390040250907
2,68,23.058181325396305
2,69,20.07385570766777
2,70,20.69469384456386
2,71,20.50809834169259
2,72,21.265826436203035
2,73,18.273082065229264
2,74,15.995751906329033
2,75,16.98378870505279
2,76,15.380403469025682
2,77,11.798505774825381
2,78,12.997386343181601
2,79,13.506547231499278
2,80,16.269348615738924
2,81,18.43849347989366
2,82,22.02327459161771
2,83,24.26086721073707
2,84,27.918334834170697
2,85,30.641827208103603
2,86,28.76026294836887
2,87,30.710970426696754
2,88,30.605027393666745
2,89,29.512307842291932
2,90,26.1875463375787
2,91,25.399894697686655
2,92,22.927645489390493
2,93,19.345060017203288
2,94,17.28387053773214
2,95,14.134741318166437
2,96,11.828719762219645
2,97,10.875023689646255
2,98,9.460345940940096
2,99,10.067181389867596
2,100,10.357923034021105
2,101,10.88094208731519
2,102,8.35680208560888
2,103,7.47665765065034
2,104,5.899589620591451
2,105,8.103565420586765
2,106,9.174071641496145
2,107,12.873315200111765
2,108,15.26338866088267
2,109,18.92005629634995
2,110,21.69262491062255
2,111,25.28430543395933
2,112,28.09550938105439
2,113,31.192831476960514
2,114,34.55892983247226
2,115,36.828075467932806
2,116,38.63223215634965
3,1,6.782192615824738
3,2,3.8009762205208286
3,4,3.78796669976424
3,5,6.943085238439868
3,6,10.133823594185083
3,7,12.40645492118783
3,8,12.781336663512839
3,9,15.857346523946534
3,10,17.718739688040948
3,11,21.529681380962337
3,12,23.11780377172148
3,13,26.7647616538402
3,14,28.469910717551116
3,15,28.933620862090944
3,16,26.447876804492793
3,17,23.669388206188824
3,18,20.046892210625664
3,19,16.78055442129452
3,20,13.460696298088056
3,21,10.434929112552759
3,22,6.873693940637707
3,23,5.719387475072337
3,24,4.756892140140345
3,25,7.427461581360709
3,26,10.76293778224467
3,27,13.943611215283878
3,28,16.766155939786593
3,29,17.392627138987663
3,30,15.280876312556124
3,31,16.580722667865224
3,32,16.763174769583202
3,33,18.334889979814903
3,34,15.382430175411136
3,35,12.87000007070747
3,36,12.498669004243002
3,37,11.24065588063089
3,38,12.619797963036865
3,39,13.157133012794487
3,40,15.393094280654324
3,41,17.003644836383057
3,42,18.816558339947196
3,43,21.216173695412824
3,44,20.711393495822374
3,45,19.035510940008006
3,46,18.31560486676977
3,47,16.82149746734507
3,48,17.09205868626724
3,49,16.01769240571766
3,50,16.607693526911895
3,51,17.4234944669723
3,52,18.041363188411484
3,53,20.304390982046115
3,54,19.992999155883712
3,55,22.187476167055415
3,56,23.026029474960172
3,57,25.837024965238086
3,58,23.237511822272143
3,59,22.447917657477657
3,60,23.991182943714755
3,61,27.099222656053303
3,62,25.78138524638073
3,63,23.589990229049775
3,64,26.007355334018136
3,65,26.244332247136576
3,66,24.533746242412384
3,67,20.796576041133292
3,68,19.457276865800754
3,69,16.558720189408124
3,70,17.2752480256587
3,71,17.48712487172504
3,72,18.470992375208866
3,73,15.356562412148982
3,74,13.3257837146778
3,75,14.922867763926691
3,76,13.264630179119917
3,77,9.641480708990818
3,78,9.933788060966556
3,79,10.03719420030943
3,80,12.56487616631377
3,81,14.672473766109839
3,82,18.23363429029668
3,83,20.484929897519013
3,84,24.127257508344787
3,85,26.88259135423339
3,86,25.0932903440412
3,87,27.176909924142794
3,88,27.285802204962476
3,89,26.24666474933777
3,90,22.799192774656934
3,91,22.225920060867402
3,92,20.028464989517836
3,93,16.62506366105319
3,94,14.208716920462985
3,95,11.22993597021565
3,96,8.639012480838812
3,97,8.478911156386369
3,98,7.391079078001084
3,99,9.334317595861757
3,100,10.108505050348905
3,101,11.879969292978357
3,102,9.889532304592803
3,103,7.93078848932687
3,104,5.730851100200841
3,105,6.378565138394373
3,106,6.8030513982429435
3,107,10.374803756162768
3,108,12.349135230861773
3,109,16.137734035516644
3,110,18.56738110463363
3,111,22.21553644449228
3,112,24.801603796132888
3,113,27.94121816760255
3,114,31.300890018043027
3,115,33.41218244845289
3,116,35.25489094651158
4,1,9.838865245385342
4,2,6.305729256126273
4,3,3.78796669976424
4,5,3.803598678612349
4,6,6.5111643304807005
4,7,9.047280557129021
4,8,9.901762534074544
4,9,13.149654649627678
4,10,15.08456314757791
4,11,18.876582641667948
4,12,20.704837134077135
4,13,24.412164767054012
4,14,26.502344375253436
4,15,27.190393721590265
4,16,24.501158800066566
4,17,21.95262106361263
4,18,18.203159012257018
4,19,15.10484750066293
4,20,11.716572271178011
4,21,8.666823597223507
4,22,6.043093697125108
4,23,5.042494158628489
4,24,6.404295872722954
4,25,8.911159826627722
4,26,12.382097284945075
4,27,15.498446927558273
4,28,17.957788929475196
4,29,18.909882206283925
4,30,17.153965509546154
4,31,19.074931167560372
4,32,19.20875569610167
4,33,21.24440261131749
4,34,18.578624504360935
4,35,15.811727439063423
4,36,15.50654884620683
4,37,13.644517312172376
4,38,14.630922485902378
4,39,14.231423379300546
4,40,16.343031234244656
4,41,17.4483025893517
4,42,19.545311152107374
4,43,22.30448973720486
4,44,21.70760803640378
4,45,20.336704181810163
4,46,19.152908649301683
4,47,18.104687400184243
4,48,19.09007335002359
4,49,18.27125477405746
4,50,19.445462473751824
4,51,20.430061152550763
4,52,20.55855899915088
4,53,22.624618568486948
4,54,21.9920191455507
4,55,24.210374977226337
4,56,24.565312184724082
4,57,27.560893415132785
4,58,25.04192484209614
4,59,23.713473536288443
4,60,24.937120311284943
4,61,27.70927871193452
4,62,25.912367258558113
4,63,23.707094440289126
4,64,26.377958696161755
4,65,26.440268717358084
4,66,24.263350686272602
4,67,20.672664047884
4,68,19.668918757923755
4,69,16.967990078883208
4,70,17.36542978101849
4,71,18.1869634043292
4,72,18.829769906095834
4,73,15.320485859354822
4,74,14.188958288150872
4,75,15.753954235552238
4,76,13.331213247156471
4,77,10.274398602356811
4,78,9.755886316882606
4,79,10.400135069495882
4,80,11.998020334720948
4,81,14.255436013761948
4,82,17.422355681332295
4,83,19.57092226809829
4,84,23.06470679756594
4,85,25.580712891926584
4,86,23.664640533697405
4,87,25.82674026205402
4,88,25.914321817032008
4,89,25.38866057737153
4,90,21.889729767026914
4,91,20.96624476669888
4,92,19.087767985015567
4,93,15.904693759419493
4,94,13.840435864999591
4,95,11.6702951336862
4,96,9.72006842372115
4,97,10.89686569746573
4,98,10.460772123626809
4,99,12.910212133478195
4,100,13.529845117673494
4,101,15.441484975112905
4,102,13.59153740471591
4,103,11.688875337286406
4,104,9.091459728503212
4,105,8.59149015744163
4,106,7.161014451407471
4,107,9.869515335535837
4,108,10.822477650346862
4,109,14.441317708582087
4,110,16.715439447854084
4,111,20.135885597987542
4,112,22.768607626441693
4,113,25.61917053245217
4,114,29.133498001622893
4,115,31.25139810656767
4,116,32.79900885897288
5,1,13.488708934304118
5,2,9.94334346541909
5,3,6.943085238439868
5,4,3.803598678612349
5,6,3.8231910365798067
5,7,5.500172763452664
5,8,6.747674627615291
5,9,9.61735082887087
5,10,11.311103449191181
5,11,15.100533845955816
5,12,16.93578283011301
5,13,20.656536958587502
5,14,22.847232961152567
5,15,23.677501570114114
5,16,20.990217371180773
5,17,18.669297401238012
5,18,14.87262560637821
5,19,12.100581605279624
5,20,8.590805955536057
5,21,6.170599886643318
5,22,5.139238487116351
5,23,6.146238055530246
5,24,8.960122546865119
5,25,11.914469483604481
5,26,15.007312890549061
5,27,18.3173123634994
5,28,20.335079099320442
5,29,20.990464987061475
5,30,19.085934551189784
5,31,21.22143585985107
5,32,20.820325440482655
5,33,23.058326243288665
5,34,20.789627602761392
5,35,17.596335921113354
5,36,16.880269566071448
5,37,14.271319977062257
5,38,14.560268587421978
5,39,13.18463454694574
5,40,15.043337494256361
5,41,15.709664654255482
5,42,18.15245300937364
5,43,21.068577314849254
5,44,20.269743354847755
5,45,19.204499759328392
5,46,17.63174567168553
5,47,17.160596502662283
5,48,18.87066473921997
5,49,18.57950778151764
5,50,20.408134540807524
5,51,21.877472789489413
5,52,21.634883486804814
5,53,23.18474489689017
5,54,21.993527899596486
5,55,23.985000605813095
5,56,23.747954964208837
5,57,26.797570531503577
5,58,24.345658359892333
5,59,22.4882523639479
5,60,23.334908132548783
5,61,25.75011137866775
5,62,23.56477800717721
5,63,21.424601563151747
5,64,24.31719181075442
5,65,24.36400588486094
5,66,21.808346582060775
5,67,18.420641539196254
5,68,17.928263116941874
5,69,15.71417516756079
5,70,16.25262678238554
5,71,17.848591272899608
5,72,18.664764041681117
5,73,15.079813217950402
5,74,14.666270731508778
5,75,16.73253318965909
5,76,14.205919690069312
5,77,11.685532286772297
5,78,9.890057935333685
5,79,10.012647489346959
5,80,10.354310700546291
5,81,12.152001992626426
5,82,14.912238127235716
5,83,16.71299003120409
5,84,20.094476852678543
5,85,22.346737152883616
5,86,20.290473377101065
5,87,22.446686217364846
5,88,22.55434827587198
5,89,22.347451723996766
5,90,18.834611166496313
5,91,17.777870309227506
5,92,16.272963674339284
5,93,13.462071581112136
5,94,11.569413356897027
5,95,10.34291627388222
5,96,9.148549436977358
5,97,11.556395699596788
5,98,12.004055574809328
5,99,15.127712003694745
5,100,16.15770130455629
5,101,18.529443480047316
5,102,16.773804062423736
5,103,14.380978658110957
5,104,11.475320907792767
5,105,9.730089399407325
5,106,7.053285498380867
5,107,8.314019015050107
5,108,7.993599625439321
5,109,11.389675871607086
5,110,13.28543821954068
5,111,16.580901018086777
5,112,19.12353252519504
5,113,21.877515036909514
5,114,25.429263005156265
5,115,27.518171575996213
5,116,29.008441755292086
6,1,16.24861774695971
6,2,12.734928140565064
6,3,10.133823594185083
6,4,6.5111643304807005
6,5,3.8231910365798067
6,7,3.845215203880419
6,8,6.863068478608678
6,9,9.31513310692437
6,10,10.583849998406818
6,11,14.088574974478918
6,12,15.993478682333368
6,13,19.610622426233125
6,14,22.2916459807437
6,15,23.19261364546402
6,16,20.180617432944107
6,17,18.088521724905686
6,18,14.368145484032715
6,19,11.869293026948071
6,20,9.00508166717403
6,21,6.871307203557258
6,22,7.500798193346692
6,23,7.869754900484251
6,24,11.209451441002132
6,25,13.538727221504494
6,26,16.434966627652962
6,27,19.454979811967206
6,28,21.059563655474133
6,29,22.026215970470247
6,30,20.60178938238091
6,31,23.215875829484222
6,32,22.972614710504093
6,33,25.592143589135723
6,34,23.541202381517333
6,35,20.35823426564216
6,36,20.025989903785707
6,37,17.39130587832678
6,38,17.806615434211345
6,39,16.121266651068357
6,40,18.016595109843056
6,41,18.463123655135504
6,42,21.09161911350635
6,43,24.069202759523762
6,44,23.087557576773175
6,45,22.098263849093865
6,46,20.108849033777283
6,47,19.757653867939652
6,48,21.800671092017485
6,49,21.402711333163822
6,50,23.475736798090974
6,51,24.77299818330969
6,52,24.112759290787924
6,53,25.668470240128933
6,54,24.4833911330088
6,55,26.641735618282095
6,56,26.178909578975304
6,57,29.40246313078675
6,58,27.200891361351953
6,59,25.035506614286216
6,60,25.78342928886954
6,61,27.83740038945582
6,62,25.357473832509147
6,63,23.110851604505637
6,64,25.99009094485922
6,65,25.66740691141935
6,66,22.824148794326575
6,67,19.72297174864866
6,68,19.328207090592716
6,69,17.234945661493565
6,70,17.134822391346738
6,71,18.996943124380063
6,72,19.22556750016452
6,73,15.495538085108846
6,74,15.94290001630683
6,75,17.598970809291313
6,76,14.534437721178598
6,77,12.852641705039774
6,78,10.872401469678564
6,79,11.827550091368828
6,80,11.431978493349328
6,81,13.495941968489227
6,82,15.51897343539994
6,83,17.346335447587368
6,84,20.306455934109486
6,85,22.34043823723097
6,86,20.420889176289133
6,87,22.77971053756082
6,88,23.06217530450945
6,89,23.461666100299734
6,90,19.970699786145214
6,91,18.753531365330858
6,92,17.846863290593113
6,93,15.561907927754719
6,94,14.038655296649734
6,95,13.557013405840825
6,96,12.599187251937277
6,97,15.22171638977391
6,98,15.450333924767985
6,99,18.50399245977206
6,100,19.092270034006404
6,101,21.46084804003027
6,102,19.95818004371131
6,103,17.886884351511643
6,104,15.134271342346944
6,105,13.548662259742688
6,106,10.724059150596101
6,107,11.341581625959385
6,108,9.96165897824603
6,109,12.59712722461945
6,110,13.859678141814014
6,111,16.59007712669932
6,112,18.89666846231352
6,113,21.117804718798627
6,114,24.818737228290487
6,115,26.721454261548114
6,116,27.732863328032696
7,1,18.820594719867668
7,2,15.14624033422748
7,3,12.40645492118783
7,4,9.047280557129021
7,5,5.500172763452664
7,6,3.845215203880419
7,8,3.814597947783992
7,9,5.54748918729469
7,10,7.093864329806609
7,11,10.554074528551197
7,12,12.896913087817772
7,13,16.61025019272064
7,14,19.333044735083234
7,15,20.688389446667603
7,16,17.959520613201047
7,17,16.414462476421647
7,18,12.739161222439861
7,19,11.107985879988012
7,20,8.191271325382617
7,21,7.743454628591411
7,22,9.24176176693524
7,23,10.84275668606439
7,24,14.177152527785879
7,25,16.929525617088743
7,26,19.832152105377563
7,27,23.024828878114644
7,28,24.642473064198096
7,29,25.345594981219048
7,30,23.627137029501128
7,31,26.059438817136964
7,32,25.40931048962995
7,33,27.86333452973096
7,34,25.900053730665803
7,35,22.51272683336644
7,36,21.606017421482175
7,37,18.54931195388579
7,38,18.17366458409576
7,39,15.824023435223157
7,40,17.02583692903952
7,41,16.760654075402595
7,42,19.304045927748394
7,43,22.45321091372655
7,44,21.633876817372506
7,45,21.211477528175667
7,46,19.274772357271754
7,47,19.661918630015485
7,48,22.127248343386036
7,49,22.37964625305864
7,50,24.734058705385024
7,51,26.526475386788153
7,52,25.93259587237008
7,53,27.025568170184247
7,54,25.33993276752206
7,55,27.048078724733074
7,56,26.10156744123196
7,57,29.120139796983086
7,58,26.796318659776286
7,59,24.309832126375536
7,60,24.501824355502585
7,61,26.262670444547982
7,62,23.440558596985195
7,63,21.590415037233093
7,64,24.773664318780263
7,65,24.764306509907694
7,66,21.6096765915741
7,67,18.80706669512554
7,68,19.16098127521833
7,69,17.75706932643766
7,70,18.190606151295277
7,71,20.607183803312335
7,72,21.279468828451375
7,73,17.717639469788356
7,74,18.300694059473376
7,75,20.442851235373457
7,76,17.645285587615614
7,77,15.953185923392866
7,78,13.448632238332156
7,79,13.516331070980833
7,80,12.301176550606009
7,81,13.336356954512611
7,82,14.928329815356628
7,83,15.935968749809534
7,84,18.778263523273324
7,85,20.280153717412354
7,86,17.927882785824217
7,87,19.914199448426814
7,88,19.854916404244978
7,89,20.52952641379913
7,90,17.258098875569612
7,91,15.599912081899156
7,92,14.860736962154673
7,93,12.968900400661147
7,94,12.136572720541944
7,95,12.599853520328622
7,96,12.712180845007492
7,97,15.89221608041084
7,98,16.97795520741363
7,99,20.3523891891003
7,100,21.523584302759144
7,101,24.01336157636516
7,102,22.230232730415644
7,103,19.685146580630864
7,104,16.545480381420223
7,105,14.183823554888166
7,106,10.741782880699494
7,107,10.024450830928382
7,108,7.621865399874691
7,109,9.41556553623779
7,110,10.497252487296127
7,111,12.967909640176448
7,112,15.47486612219304
7,113,17.63919646202249
7,114,21.32451450198493
7,115,23.463763145787386
7,116,24.545956159431256
8,1,18.965944293912436
8,2,15.217746653732231
8,3,12.781336663512839
8,4,9.901762534074544
8,5,6.747674627615291
8,6,6.863068478608678
8,7,3.814597947783992
8,9,3.803687226508704
8,10,7.108932883670798
8,11,10.377432265440945
8,12,13.30665754216237
8,13,17.070635695065846
8,14,19.483122048777613
8,15,21.306978462053277
8,16,19.120075665846944
8,17,17.950464958549503
8,18,14.37092011093447
8,19,13.194609644570058
8,20,9.938814816370677
8,21,10.052348173714849
8,22,10.837568606631207
8,23,12.809709711560005
8,24,15.622984426057057
8,25,18.58922575143243
8,26,21.753730506172058
8,27,25.029763887758744
8,28,27.02040121590779
8,29,27.65696226048363
8,30,25.66050973327536
8,31,27.699044807298247
8,32,26.94204977318871
8,33,28.9938249246867
8,34,26.794347071156448
8,35,23.45843517145232
8,36,22.036835567115634
8,37,18.942450154594663
8,38,17.981495290297925
8,39,15.537064755083835
8,40,15.949340114549392
8,41,15.019182209250278
8,42,17.008266634142114
8,43,20.4194868662439
8,44,20.18448525356899
8,45,20.32918521385093
8,46,18.96919107773603
8,47,19.833861193929135
8,48,22.201383311837937
8,49,22.927535808455907
8,50,25.098918116739085
8,51,27.210666106839238
8,52,27.07295222321073
8,53,28.006664878095677
8,54,26.116190878810876
8,55,27.400052250832097
8,56,26.37560329175946
8,57,29.044538131140396
8,58,26.36232358876923
8,59,23.974175855934327
8,60,23.743610439267336
8,61,25.59856462290697
8,62,22.731157637920358
8,63,21.42604331876734
8,64,24.880605580046097
8,65,25.449552557376222
8,66,22.310267885662867
8,67,19.54581750777037
8,68,20.338823769518534
8,69,19.24910531495583
8,70,20.34208382328608
8,71,22.759997875473108
8,72,23.900423684295248
8,73,20.446829004562492
8,74,20.538633328297013
8,75,22.956858193933172
8,76,20.43314760347631
8,77,18.241138267444818
8,78,15.89101538750963
8,79,15.321377330160042
8,80,14.323325126529307
8,81,14.657862864008775
8,82,16.480980442649596
8,83,16.858031795626975
8,84,19.864958993080357
8,85,21.028431658219244
8,86,18.16496026597651
8,87,19.48979543035346
8,88,18.735548275073356
8,89,19.19768984600844
8,90,16.257501092194193
8,91,14.01010014624482
8,92,12.610501359791645
8,93,10.425141638208215
8,94,10.474458316676936
8,95,11.147361331911506
8,96,12.22213008302223
8,97,15.355453982642336
8,98,17.122056544722938
8,99,20.476805837896524
8,100,22.19498164576739
8,101,24.467685216872603
8,102,22.207596736842824
8,103,19.35225126810344
8,104,15.841649403994506
8,105,13.069987817906107
8,106,9.30316619315598
8,107,7.727266135208688
8,108,5.429308123861954
8,109,6.775663639343819
8,110,8.955866026751574
8,111,11.543161956504077
8,112,14.727179318917035
8,113,17.137378833957115
8,114,20.630231954770398
8,115,23.264500279183487
8,116,24.66815270436593
9,1,22.28981058470234
9,2,18.623080434965026
9,3,15.857346523946534
9,4,13.149654649627678
9,5,9.61735082887087
9,6,9.31513310692437
9,7,5.54748918729469
9,8,3.803687226508704
9,10,3.8135555388959284
9,11,6.694223058202857
9,12,9.803683917867478
9,13,13.500248303876068
9,14,15.901598856736696
9,15,18.001730047592627
9,16,16.068823362666436
9,17,15.44176921107338
9,18,12.194282140311545
9,19,12.002810400936893
9,20,9.417142593264032
9,21,10.897848163693743
9,22,12.644949077942062
9,23,15.221247731888589
9,24,18.303627850398232
9,25,21.48616366204923
9,26,24.379026965778998
9,27,27.784138115351432
9,28,29.500089858532732
9,29,29.834400016185867
9,30,27.69635234135083
9,31,29.76717896196504
9,32,28.614025707887635
9,33,30.718356044829875
9,34,28.856771102735372
9,35,25.318183959947195
9,36,23.654639072103514
9,37,20.23159596331571
9,38,18.79597568293662
9,39,15.767215971855482
9,40,15.757351879697227
9,41,14.347361211429545
9,42,16.51914228082123
9,43,19.801492174164103
9,44,19.351908772754715
9,45,19.859606362962918
9,46,18.253541639503034
9,47,19.699968657956457
9,48,22.53638064745892
9,49,23.69357471397641
9,50,26.259767068149714
9,51,28.677023251164258
9,52,28.290175563364063
9,53,28.760056223125805
9,54,26.4660999267279
9,55,27.4484932766792
9,56,25.91359071246987
9,57,28.479526989032323
9,58,25.966394049853296
9,59,23.1809139142304
9,60,22.51642238292497
9,61,23.870605855676153
9,62,20.671229264333924
9,63,19.60828249698462
9,64,23.164357345893723
9,65,23.780616607323857
9,66,20.38255241185966
9,67,18.09553303072082
9,68,19.50305983847918
9,69,19.090924547060066
9,70,20.35404788351113
9,71,23.244564643183022
9,72,24.56829272239538
9,73,21.34261692002533
9,74,21.833912437610387
9,75,24.531075396468868
9,76,22.182582883836407
9,77,20.33344027347467
9,78,17.469009856700506
9,79,16.48205179567299
9,80,14.657902538031598
9,81,14.212449973210159
9,82,15.267959837786096
9,83,14.910037600085966
9,84,17.526714060096523
9,85,18.156630874148988
9,86,15.085980002735383
9,87,16.178007151417926
9,88,15.347906010371554
9,89,16.261377365303737
9,90,13.522707092062502
9,91,11.047344394468134
9,92,10.410198909398725
9,93,9.313981551019733
9,94,9.923854148136924
9,95,11.826184740084834
9,96,13.50215737188492
9,97,17.029777692412775
9,98,19.162148958486835
9,99,22.74860162218744
9,100,24.658668895970145
9,101,27.224493056544752
9,102,25.120637757710696
9,103,22.04285948872813
9,104,18.60742751254642
9,105,15.444909161048134
9,106,11.726440179566817
9,107,9.196534753468724
9,108,5.712415759216
9,109,5.0006068635100025
9,110,5.846224616010737
9,111,7.902181749924255
9,112,11.021836153353965
9,113,13.337921456862707
9,114,16.831843938573652
9,115,19.48959068964608
9,116,20.936711418194836
10,1,24.416305438151735
10,2,20.88533932993278
10,3,17.718739688040948
10,4,15.08456314757791
10,5,11.311103449191181
10,6,10.583849998406818
10,7,7.093864329806609
10,8,7.108932883670798
10,9,3.8135555388959284
10,11,3.8184087027970843
10,12,6.203578390885184
10,13,9.984847230033122
10,14,12.52020764467575
10,15,14.408739948067586
10,16,12.300836024780484
10,17,11.835492865634063
10,18,8.8315921742568
10,19,9.44954430193115
10,20,7.920380130399686
10,21,10.437236177500477
10,22,13.117578301433726
10,23,16.003354053563086
10,24,19.37536889071166
10,25,22.639365449023924
10,26,25.1204751654403
10,27,28.587443578126756
10,28,29.891264541539336
10,29,29.92033430232757
10,30,27.758426634660832
10,31,29.974662662565414
10,32,28.509257210796815
10,33,30.813823241662863
10,34,29.38836162684101
10,35,25.68678723053679
10,36,24.082218426086108
10,37,20.45812686886273
10,38,18.97608724698607
10,39,15.612266601277023
10,40,15.789387714797234
10,41,14.585327303290114
10,42,17.274040043861774
10,43,20.15419514661436
10,44,19.082754593967934
10,45,19.4309265634447
10,46,17.263519954147164
10,47,18.858186962794928
10,48,22.0907904547605
10,49,23.328065848790036
10,50,26.29276445142947
10,51,28.779821186171368
10,52,27.954530281598238
10,53,28.08969782227857
10,54,25.58207072376245
10,55,26.534158917768867
10,56,24.638986805635348
10,57,27.31245185124092
10,58,25.194016756721414
10,59,22.060426901513445
10,60,21.362227506678842
10,61,22.24873509303116
10,62,18.872903568209644
10,63,17.596877862275964
10,64,21.008113341652585
10,65,21.287091417140825
10,66,17.691804480933854
10,67,15.810116686681505
10,68,17.48555475295229
10,69,17.533528814880498
10,70,18.639126872468946
10,71,21.897185634460264
10,72,23.203213033983726
10,73,20.238567958595425
10,74,21.240729788846636
10,75,24.056281824670638
10,76,21.87352889528342
10,77,20.53291676827067
10,78,17.230466749501318
10,79,16.090713704236958
10,80,13.502118306560364
10,81,12.632533123625498
10,82,12.80439879794763
10,83,12.114097724031419
10,84,14.280388078358458
10,85,14.715466016318482
10,86,11.830966377123703
10,87,13.329996692941252
10,88,13.150195325138515
10,89,14.491278698192763
10,90,11.61361058168744
10,91,9.727434140772273
10,92,10.373206526823243
10,93,10.338029898106793
10,94,10.444664997673877
10,95,12.914954741961106
10,96,14.378355950604714
10,97,18.134057776607612
10,98,20.16927160480749
10,99,23.90868916682451
10,100,25.707492010104882
10,101,28.619942685049658
10,102,26.908117413091883
10,103,23.807061634342425
10,104,20.654332243551124
10,105,17.430669453914938
10,106,13.967719591974356
10,107,11.447198153368227
10,108,7.641905422933558
10,109,6.593857478408048
10,110,4.962294317120046
10,111,6.364680826171087
10,112,8.411151700227686
10,113,10.65013507593739
10,114,14.296479712361863
10,115,16.49476978253522
10,116,17.90133277213418
11,1,28.21576285851208
11,2,24.670556352769328
11,3,21.529681380962337
11,4,18.876582641667948
11,5,15.100533845955816
11,6,14.088574974478918
11,7,10.554074528551197
11,8,10.377432265440945
11,9,6.694223058202857
11,10,3.8184087027970843
11,12,3.79279043836809
11,13,7.062223226133234
11,14,9.89196353506618
11,15,12.444028784851236
11,16,10.835725011975812
11,17,11.582174135547316
11,18,9.614185525365238
11,19,11.506858913615904
11,20,10.983450161119483
11,21,13.893845085302063
11,22,16.80111350151101
11,23,19.7141368632637
11,24,23.136502095462035
11,25,26.383536569544834
11,26,28.775897553212427
11,27,32.22625559647616
11,28,33.378954137417004
11,29,33.33362288882128
11,30,31.189135831514317
11,31,33.43794536449366
11,32,31.809559141851675
11,33,34.12712647931562
11,34,32.87973782822721
11,35,29.13136789828161
11,36,27.42119617603931
11,37,23.710821082255187
11,38,21.969180354633576
11,39,18.396693102614837
11,40,18.157017175969184
11,41,16.52196975886463
11,42,19.004378470065213
11,43,21.695723783141762
11,44,20.6344192883006
11,45,21.396865432130404
11,46,19.204651835849504
11,47,21.241351896436463
11,48,24.688116052555067
11,49,26.208735820113663
11,50,29.34048706197247
11,51,31.976219879273184
11,52,31.023822620724985
11,53,30.858417635155757
11,54,28.117377428493608
11,55,28.797256884407364
11,56,26.51612167697999
11,57,28.99408528782296
11,58,27.057131458791407
11,59,23.680406144813798
11,60,22.523280537455463
11,61,22.80689780180772
11,62,19.160381026036024
11,63,18.31985252862862
11,64,21.683344864533353
11,65,21.99548371558231
11,66,18.234999393833196
11,67,17.099633668072585
11,68,19.309386147942345
11,69,19.952789630752576
11,70,21.059139989829696
11,71,24.55210233904778
11,72,25.858715485398033
11,73,23.116742046547756
11,74,24.414260729485598
11,75,27.255861313661626
11,76,25.129229551870946
11,77,24.050127642473544
11,78,20.621215124167737
11,79,19.41661276603113
11,80,16.48822666292564
11,81,15.183572508130316
11,82,14.539362761473503
11,83,13.05714442126106
11,84,14.341721673796277
11,85,13.790991490692484
11,86,10.769202980707371
11,87,11.691498322865945
11,88,11.318421910038097
11,89,13.565829399957499
11,90,11.424016714306283
11,91,9.31372142155371
11,92,11.023645742857319
11,93,12.15275153389138
11,94,12.94495362145092
11,95,15.939589848096459
11,96,17.74896213975818
11,97,21.526389108948255
11,98,23.73207491523426
11,99,27.500403435071906
11,100,29.379280901752832
11,101,32.35079323678988
11,102,30.646098690519604
11,103,27.473904254067392
11,104,24.30417279186876
11,105,20.96135967764985
11,106,17.508914438468498
11,107,14.656212680985375
11,108,10.85823094411218
11,109,8.704038019401047
11,110,5.953817569197692
11,111,4.7575201692282505
11,112,5.816344005095229
11,113,7.122689829848286
11,114,10.841725132562964
11,115,13.097143137755271
11,116,14.301453008736857
12,1,29.88696222705407
12,2,26.5288720086742
12,3,23.11780377172148
12,4,20.704837134077135
12,5,16.93578283011301
12,6,15.993478682333368
12,7,12.896913087817772
12,8,13.30665754216237
12,9,9.803683917867478
12,10,6.203578390885184
12,11,3.79279043836809
12,13,3.80271659377704
12,14,6.6386024049508325
12,15,8.764341690523734
12,16,7.077940242176947
12,17,8.304873526000403
12,18,7.303634172688442
12,19,10.215927031637158
12,20,10.914195893231605
12,21,14.322554058611324
12,22,17.59215116098713
12,23,20.68195370921473
12,24,24.133747468525982
12,25,27.432291613006466
12,26,29.42281394826098
12,27,32.90403976541552
12,28,33.723444980620364
12,29,33.32903237647748
12,30,31.11897636575868
12,31,33.36868952777097
12,32,31.436194383003084
12,33,33.824231816910846
12,34,32.99274514590409
12,35,29.178180371437904
12,36,27.49391232951043
12,37,23.71843368978929
12,38,21.948819368974853
12,39,18.26961193668375
12,40,18.177007514881826
12,41,16.863580445161563
12,42,19.67901000809911
12,43,21.87191889083294
12,44,20.252815188098705
12,45,20.806646643552465
12,46,18.217516337066918
12,47,20.321234969092146
12,48,23.982734390020536
12,49,25.57590917488203
12,50,28.971936740112547
12,51,31.65223001974965
12,52,30.36446972261529
12,53,29.846070654373715
12,54,26.94144700071594
12,55,27.520206861434122
12,56,24.944434645215537
12,57,27.431272017857545
12,58,25.92062567131016
12,59,22.328533896793136
12,60,21.184930678282306
12,61,20.994952147891286
12,62,17.33454280866865
12,63,16.30930483317808
12,64,19.36205766976165
12,65,19.34504733615013
12,66,15.52543595949389
12,67,14.973855812759806
12,68,17.422341935063002
12,69,18.587218889489982
12,70,19.612460486932452
12,71,23.30684640403416
12,72,24.674241329976116
12,73,22.342733628343538
12,74,23.948037171570984
12,75,26.88412855206629
12,76,25.080524757654242
12,77,24.383013413015966
12,78,20.723440453633323
12,79,19.30228353962347
12,80,15.934868443909714
12,81,14.190952514956106
12,82,12.656224403972159
12,83,10.715030500776537
12,84,11.218384952337681
12,85,10.290972211957117
12,86,7.635755007143287
12,87,9.105402317268256
12,88,9.828989746161422
12,89,12.303397935381197
12,90,10.184129027682538
12,91,9.258050785136787
12,92,11.922287465187422
12,93,13.626855284496601
12,94,13.845959514225388
12,95,16.985451165577764
12,96,18.547738328167096
12,97,22.32339668154798
12,98,24.42821875877409
12,99,28.226063732482224
12,100,30.037236214127233
12,101,33.26014678211827
12,102,31.899452617231347
12,103,28.7183230632424
12,104,25.842555919668342
12,105,22.49898969524245
12,106,19.358214935767414
12,107,16.61993231952076
12,108,12.896851499780187
12,109,11.036419394090986
12,110,7.54911195051432
12,111,6.223365369445988
12,112,4.796630948722719
12,113,5.905284114877592
12,114,9.412955427433207
12,115,10.7611824675895
12,116,12.150780948508967
13,1,33.53396243140972
13,2,30.234578813221802
13,3,26.7647616538402
13,4,24.412164767054012
13,5,20.656536958587502
13,6,19.610622426233125
13,7,16.61025019272064
13,8,17.070635695065846
13,9,13.500248303876068
13,10,9.984847230033122
13,11,7.062223226133234
13,12,3.80271659377704
13,14,3.8048255106901405
13,15,6.295144738394001
13,16,5.59942928082641
13,17,8.45055447994715
13,18,9.127031905955944
13,19,12.663267031374067
13,20,14.10808416178113
13,21,17.618892264162614
13,22,21.006228146215697
13,23,24.10640626749424
13,24,27.562703048226258
13,25,30.839748088578816
13,26,32.62818652556595
13,27,36.08278042738704
13,28,36.67978999944412
13,29,36.11552501149759
13,30,33.919774638251056
13,31,36.17330966135329
13,32,34.05039920642961
13,33,36.45381149173235
13,34,35.89913383349033
13,35,32.07147133778663
13,36,30.365403258216595
13,37,26.578568848510347
13,38,24.70123160059187
13,39,20.97858396726899
13,40,20.72477434633474
13,41,19.349329207377316
13,42,22.06460327960423
13,43,23.88626593453276
13,44,22.101318400389474
13,45,22.79833603753895
13,46,20.13540913962317
13,47,22.438818044681636
13,48,26.203180722036613
13,49,27.950476031832522
13,50,31.490082347954697
13,51,34.235189635243856
13,52,32.748939022557444
13,53,31.913115161515286
13,54,28.853664049204088
13,55,29.2094751637034
13,56,26.31723408803929
13,57,28.61593382742155
13,58,27.459581120217578
13,59,23.719535081290367
13,60,22.32137978439579
13,61,21.48005925043413
13,62,17.79715649218711
13,63,17.062727305356955
13,64,19.737714670154226
13,65,19.56274634836927
13,66,15.814193246706433
13,67,16.160527841055572
13,68,18.90732604030647
13,69,20.600398844961127
13,70,21.536000309543482
13,71,25.330259955073004
13,72,26.674894606587454
13,73,24.698901144276103
13,74,26.561001101451094
13,75,29.48561326704977
13,76,27.857470634028747
13,77,27.456547010658873
13,78,23.717369686640627
13,79,22.23794803558604
13,80,18.669447160178603
13,81,16.659067177687454
13,82,14.433987843285205
13,83,12.000696048487537
13,84,11.27818523302198
13,85,9.213641945160244
13,86,7.229777037378104
13,87,8.183105600812324
13,88,9.443064494038977
13,89,12.545789071740776
13,90,11.305074559337593
13,91,10.948021396546434
13,92,14.244156306236487
13,93,16.56215580860416
13,94,16.91308222721259
13,95,20.21618416318278
13,96,21.826198168473393
13,97,25.550302630000374
13,98,27.67586435712271
13,99,31.461523019973143
13,100,33.2708827307438
13,101,36.59704861445393
13,102,35.372185836904976
13,103,32.16909963894521
13,104,29.3965232280791
13,105,26.0185307125288
13,106,22.98962502042601
13,107,20.170991254628397
13,108,16.515468533033946
13,109,14.407934350413441
13,110,10.728841968064376
13,111,8.569187048908983
13,112,5.53744235610635
13,113,4.6021311508196945
13,114,7.165587366494312
13,115,7.434443476187693
13,116,8.656451327679106
14,1,35.153618068328555
14,2,32.02244496974336
14,3,28.469910717551116
14,4,26.502344375253436
14,5,22.847232961152567
14,6,22.2916459807437
14,7,19.333044735083234
14,8,19.483122048777613
14,9,15.901598856736696
14,10,12.52020764467575
14,11,9.89196353506618
14,12,6.6386024049508325
14,13,3.8048255106901405
14,15,3.7905383607581804
14,16,5.5725988481821815
14,17,8.789379228721694
14,18,10.379685445008688
14,19,14.077971540832559
14,20,15.722752339315678
14,21,19.449224433275187
14,22,22.65301670955456
14,23,26.00436639015249
14,24,29.250341567958248
14,25,32.68289709377261
14,26,34.3022010294071
14,27,37.84604830105801
14,28,38.42045223849138
14,29,37.52460781410434
14,30,35.08880929497814
14,31,37.06770860623219
14,32,34.62972115781336
14,33,36.79621374254601
14,34,36.47200299378062
14,35,32.66107203800221
14,36,30.688664411556445
14,37,26.901548747690228
14,38,24.69199369834384
14,39,20.948360766467122
14,40,20.308777240286453
14,41,18.846585036515773
14,42,21.400969207300314
14,43,22.71684583864331
14,44,20.789641604289393
14,45,21.712526134054542
14,46,19.193281296845967
14,47,21.849635190212013
14,48,25.624899392230585
14,49,27.734245648004734
14,50,31.3247994318822
14,51,34.28288109590362
14,52,32.82288778655178
14,53,31.56032061455978
14,54,28.256136776994897
14,55,28.16364340469956
14,56,24.967062431714567
14,57,26.899365774198525
14,58,25.952395867076923
14,59,22.156027652148868
14,60,20.40271730508672
14,61,19.026508148545883
14,62,15.387641248251889
14,63,15.129163417610087
14,64,17.55643736801621
14,65,17.652513312683585
14,66,14.110322350405461
14,67,15.190049627625822
14,68,18.383946554794594
14,69,20.688277095930307
14,70,22.026506630737476
14,71,25.817215386287447
14,72,27.53911814234738
14,73,25.95358652274847
14,74,27.63415661409643
14,75,30.781496837258448
14,76,29.57031357994363
14,77,29.103146109612236
14,78,25.320115420521844
14,79,23.376806238934023
14,80,19.797971773000643
14,81,17.191330975894708
14,82,14.703202497150576
14,83,11.569293883328282
14,84,10.200912549260421
14,85,7.18730708146442
14,86,5.368476004184686
14,87,5.256580612663621
14,88,7.202003681473244
14,89,10.285839372218565
14,90,9.853321176653719
14,91,10.363628109923159
14,92,14.060032265695602
14,93,16.922629470391026
14,94,17.29045457984155
14,95,20.75806451224879
14,96,22.5610400585124
14,97,26.132620089452193
14,98,28.468817440206376
14,99,32.20263929942796
14,100,34.233578347067755
14,101,37.63792912155225
14,102,36.48626538059207
14,103,33.151640095239934
14,104,30.534728151184108
14,105,27.047836929871693
14,106,24.310036947981096
14,107,21.345262588094993
14,108,17.959200791355215
14,109,15.7051772711089
14,110,11.901112812826
14,111,9.727026202240038
14,112,5.965577568177449
14,113,5.491418279389911
14,114,6.222469167819693
14,115,5.702760924394864
14,116,8.267543885376416
15,1,35.53248005924161
15,2,32.625404110923
15,3,28.933620862090944
15,4,27.190393721590265
15,5,23.677501570114114
15,6,23.19261364546402
15,7,20.688389446667603
15,8,21.306978462053277
15,9,18.001730047592627
15,10,14.408739948067586
15,11,12.444028784851236
15,12,8.764341690523734
15,13,6.295144738394001
15,14,3.7905383607581804
15,16,3.7971616801904142
15,17,6.875659004730362
15,18,9.656845237981877
15,19,13.370091016586166
15,20,15.754033855058026
15,21,19.42612963450339
15,22,22.692752136362174
15,23,25.991907390217584
15,24,29.147440679120745
15,25,32.50308934195543
15,26,33.726876561625964
15,27,37.20882408605569
15,28,37.480001640405156
15,29,36.29848807463534
15,30,33.87416774527636
15,31,35.82744755209836
15,32,33.207520935896575
15,33,35.428117648552934
15,34,35.482288738768496
15,35,31.71374589030356
15,36,29.9068240486874
15,37,26.21981162646682
15,38,24.21443756364542
15,39,20.638712455195297
15,40,20.397079680249917
15,41,19.540063690429946
15,42,22.398316315847453
15,43,23.294276658897
15,44,20.838573522294983
15,45,21.253892983067765
15,46,18.38391907647517
15,47,20.74969817938515
15,48,24.521889782061947
15,49,26.481733815278115
15,50,30.195022009900626
15,51,33.03655846684626
15,52,31.266044940443553
15,53,29.77915521532947
15,54,26.49030431624814
15,55,26.435076868304886
15,56,23.1474309514694
15,57,25.163185687800244
