1,2,3.7828298745115916
1,3,7.151668427974224
1,4,10.735050788456501
1,5,12.181640301023714
1,6,14.938535793147821
1,7,16.19972658211315
1,8,17.612656692422558
1,9,21.12320104543905
1,10,23.222652205365595
1,11,25.732345725643388
1,12,29.066161400884134
1,13,31.362225929201855
1,14,31.355453495330725
1,15,30.938642502396824
1,16,27.717396474780056
1,17,26.783026389314415
1,18,29.206250531189
1,19,29.26215115466438
1,20,32.21744599174852
1,21,32.16607515838607
1,22,30.497611911952077
1,23,28.51688878073544
1,24,25.261262202499527
1,25,22.92319925294137
1,26,21.78038743162383
1,27,23.62292296717166
1,28,22.06783556692896
1,29,24.68414484276758
1,30,23.189878962854895
1,31,22.448972745067536
1,32,24.7617302739528
1,33,26.79849309108082
1,34,25.876805903569263
1,35,22.2805350662325
1,36,23.316418284038015
1,37,22.397156754797933
1,38,19.756291426853203
1,39,19.38489271047411
1,40,18.929563214327754
1,41,17.471689644947485
1,42,19.066401719044848
1,43,17.664686957640523
1,44,20.428737155676057
1,45,20.572027046325285
1,46,23.666627954061035
1,47,25.810550857202106
1,48,29.485796379952784
1,49,31.900414861868434
1,50,35.19842041567718
1,51,36.965937349479105
1,52,34.59522175138363
1,53,33.22438608599598
1,54,29.540525412081408
1,55,28.917963051054567
1,56,26.320544836331276
1,57,25.307495512999235
1,58,25.325820612238015
1,59,22.583156579172172
1,60,19.860032275713305
1,61,18.864909305962595
1,62,15.760976600119912
1,63,16.338188958455646
1,64,14.644215195304039
1,65,16.50278027217955
1,66,18.387252430725056
1,67,16.78875622061694
1,68,13.098118952558904
1,69,10.831474761185463
1,70,11.927848586863153
1,71,15.402601933522249
1,72,15.004935133077234
1,73,17.963848411621342
1,74,20.31174896793067
1,75,22.975735251004224
1,76,23.948874488268213
1,77,26.319364153236382
1,78,25.56655825711295
1,79,26.61483974541294
1,80,24.234817170427718
1,81,24.427015572367328
1,82,21.924429752538412
1,83,21.349074362839602
1,84,23.29951765477051
1,85,23.68320350902332
1,86,24.6127947252609
1,87,25.84466346352144
1,88,27.94133103872729
1,89,31.1837614235763
1,90,30.76311539991359
1,91,27.094729482890923
1,92,26.562000253301292
1,93,25.658869932877057
1,94,23.183023352077125
1,95,19.44029429938582
1,96,17.634446042089483
1,97,15.680566548587091
1,98,16.117666169000792
1,99,14.633770340194923
1,100,11.473911449098694
1,101,8.846948694045555
1,102,8.07217073268035
1,103,5.62013913640386
1,104,7.198088730292701
1,105,7.92725966041438
1,106,10.064408780924525
1,107,11.478567361180874
1,108,12.87792799524097
1,109,13.514556034270496
1,110,16.677493691837913
1,111,19.516096468591485
1,112,20.18777052774885
1,113,23.792830677690027
1,114,25.994359489508625
1,115,29.158748591940608
1,116,32.51036551388129
1,117,35.1641128664702
1,118,38.863892901513736
1,119,40.23698146396866
1,120,42.198659529284605
1,121,41.938151755417216
1,122,44.137494308288645
1,123,45.05606714387457
1,124,44.11996622111853
1,125,42.49939923756697
2,1,3.7828298745115916
2,3,3.790647369412531
2,4,7.12887234830982
2,5,8.968464177322758
2,6,11.727436462377293
2,7,13.279587923616171
2,8,14.524296666895784
2,9,17.878603617615852
2,10,20.236663429468784
2,11,22.630068876297027
2,12,26.091600420607342
2,13,28.32747848516391
2,14,28.394964503443656
2,15,27.727391984148085
2,16,24.39577256755017
2,17,23.274945542337598
2,18,25.56160752476261
2,19,25.521317771495276
2,20,28.445082209789675
2,21,28.388364530536077
2,22,26.7508376816561
2,23,24.76298391560037
2,24,21.50698483979461
2,25,19.213051955866675
2,26,18.223049546809268
2,27,20.286332789061472
2,28,19.002708620089617
2,29,21.887122226220097
2,30,20.64331108332275
2,31,19.574476233962887
2,32,21.860256667163736
2,33,23.607929019999553
2,34,22.788002492888797
2,35,19.09267319715085
2,36,19.83166180054882
2,37,18.807047616167843
2,38,16.094066856655033
2,39,15.68978282055189
2,40,15.264084946169104
2,41,14.094521795943008
2,42,16.00487105616383
2,43,15.096625493256177
2,44,18.231670071869416
2,45,18.928796165588064
2,46,22.327921678288874
2,47,24.77082549523888
2,48,28.529925441314834
2,49,30.594178362154214
2,50,33.91768588527518
2,51,35.79280106388065
2,52,33.7332866643109
2,53,32.18442542409861
2,54,28.455328230167805
2,55,27.375692027859532
2,56,24.450109343646318
2,57,23.27662591462043
2,58,22.838497625316823
2,59,19.881189614018755
2,60,16.977179359261598
2,61,15.554716017410254
2,62,12.25664398899204
2,63,12.586155534277617
2,64,10.891787611991024
2,65,12.94310874519035
2,66,15.01909134479577
2,67,13.856585864821211
2,68,10.043701162004325
2,69,7.6177696497365455
2,70,9.243979949926139
2,71,12.56220219242396
2,72,12.277917519414942
2,73,15.604864008807317
2,74,17.509098813200755
2,75,20.01443237041411
2,76,20.63851155050642
2,77,22.934571298270164
2,78,22.43604638997746
2,79,23.489751840829065
2,80,21.281593903989663
2,81,21.510840682427478
2,82,18.86298043112131
2,83,17.999597710378804
2,84,19.70926937010626
2,85,20.0175604263074
2,86,20.856054672653368
2,87,22.15289216777599
2,88,24.301839426598132
2,89,27.61236208472486
2,90,27.376266064939475
2,91,23.726351694582462
2,92,23.421396923284913
2,93,22.53022282722974
2,94,20.352550298396878
2,95,16.715802630464477
2,96,14.859696247233957
2,97,13.539951967608959
2,98,14.189079889361253
2,99,12.116195046819318
2,100,8.932919131822741
2,101,5.748654496076656
2,102,5.571947610562301
2,103,5.074399749977467
2,104,6.876340065377175
2,105,9.19818688903881
2,106,10.558115124184472
2,107,10.711185806141689
2,108,11.611880284954847
2,109,11.24618565008773
2,110,14.077735639740395
2,111,16.775488083031156
2,112,16.976082063070336
2,113,20.52274531285212
2,114,22.494054942778508
2,115,25.651097037017433
2,116,29.016570892319965
2,117,31.56995317402251
2,118,35.2679569179354
2,119,36.58705671260852
2,120,38.49361431328215
2,121,38.248180759286456
2,122,40.51929916217924
2,123,41.5329745277987
2,124,40.617209993024
2,125,38.89285153539008
3,1,7.151668427974224
3,2,3.790647369412531
3,4,3.767614469368809
3,5,6.2281080320135835
3,6,8.26284065427296
3,7,9.563654858606473
3,8,10.762070863368342
3,9,14.154248899169055
3,10,16.603829025939106
3,11,19.139852698609367
3,12,22.56412539096611
3,13,24.95415024849201
3,14,25.296672787425884
3,15,24.65880784499025
3,16,21.400903627692646
3,17,20.046558626019323
3,18,22.41365173483938
3,19,22.36998249285807
3,20,25.392581157273245
3,21,25.677277247054455
3,22,24.156142414243938
3,23,21.84203294444867
3,24,18.41983098790882
3,25,16.37710334592337
3,26,15.114573558392301
3,27,17.370966521343263
3,28,16.54842679554146
3,29,19.72654376985584
3,30,19.080298799087444
3,31,18.023330395598197
3,32,20.575701004167268
3,33,22.016854064990873
3,34,21.68194178576152
3,35,17.869279234724303
3,36,17.9342722535155
3,37,16.997190644439982
3,38,14.22750645031258
3,39,13.494224441005786
3,40,12.48758948082715
3,41,11.623278283084867
3,42,13.349663405328556
3,43,12.586836207739115
3,44,15.788720500605306
3,45,16.683832876592618
3,46,20.308828375636537
3,47,22.752641479806847
3,48,26.530136101099206
3,49,28.252829803393798
3,50,31.4697024742761
3,51,33.56672667923821
3,52,31.797919556605567
3,53,30.308918522947092
3,54,26.63460430860395
3,55,25.183669687836343
3,56,22.046566946969023
3,57,20.496833556465045
3,58,19.704836595596433
3,59,16.82559023981668
3,60,13.648632532739809
3,61,12.215807615731022
3,62,8.851832840689253
3,63,9.515901900946329
3,64,8.74723324904067
3,65,11.436187839696371
3,66,14.077710939904636
3,67,13.868264979004895
3,68,10.134848305561253
3,69,7.537605326634824
3,70,9.269213957210935
3,71,12.30893761055737
3,72,12.606409293922946
3,73,16.191413408661965
3,74,17.305288944265573
3,75,19.617216523001847
3,76,19.591392711302326
3,77,21.542350848274033
3,78,21.40272330031715
3,79,22.144506896026595
3,80,19.975403547716017
3,81,19.81327367020431
3,82,16.758701881217743
3,83,15.93676831032627
3,84,17.267174523129267
3,85,17.82898702597478
3,86,18.404369711290414
3,87,19.96510273135725
3,88,22.03521260276824
3,89,25.552994667827186
3,90,25.764598851144946
3,91,22.267584104792483
3,92,22.53828502474128
3,93,21.83194245191422
3,94,20.202727249904083
3,95,16.871173859553842
3,96,14.835344571243294
3,97,14.465649741111921
3,98,14.960640365170748
3,99,12.081762399631229
3,100,9.5358618516395
3,101,5.789554270161162
3,102,5.018855597228995
3,103,6.260147857344621
3,104,6.6279150499576005
3,105,10.06789129795143
3,106,11.125454339081143
3,107,9.961471908959428
3,108,9.739507981140482
3,109,8.377150593082026
3,110,11.12374598515569
3,111,13.395944688095742
3,112,13.41642389968969
3,113,17.049297247082887
3,114,19.07550953628406
3,115,22.391492800549024
3,116,25.62456553476968
3,117,28.29575286739199
3,118,31.945604962922758
3,119,33.19158145163517
3,120,35.26378630723356
3,121,35.203931809448086
3,122,37.45982760767746
3,123,38.58480451875359
3,124,37.90211050929819
3,125,36.145338047248316
4,1,10.735050788456501
4,2,7.12887234830982
4,3,3.767614469368809
4,5,3.779203615980545
4,6,5.250993345358494
4,7,7.28496146869263
4,8,8.417863030509121
4,9,11.42791367161679
4,10,14.39698941018244
4,11,16.829452832135992
4,12,20.337522617267627
4,13,22.719368023831873
4,14,23.314613006721178
4,15,22.32494446460135
4,16,18.97051673007769
4,17,17.157996894634337
4,18,19.228455512121187
4,19,18.87394256078056
4,20,21.78285340171036
4,21,22.11285378844615
4,22,20.52540821949772
4,23,18.11722679736846
4,24,14.711499442250634
4,25,12.648242719031463
4,26,11.405092395378691
4,27,13.872225386072815
4,28,13.441231821335482
4,29,16.879173890861548
4,30,16.645567040683293
4,31,15.31487092564001
4,32,17.861834181513892
4,33,18.947031693168594
4,34,18.922512205621807
4,35,15.101860367814618
4,36,14.655019908021325
4,37,13.830235525731466
4,38,11.220513420860966
4,39,10.61792902268956
4,40,9.61337157441747
4,41,9.737992486480062
4,42,11.871483093246564
4,43,12.026888245326786
4,44,15.45563747027592
4,45,16.959024015694293
4,46,20.748845586260725
4,47,23.337052381251834
4,48,27.064385293749204
4,49,28.3145140541841
4,50,31.429449379158235
4,51,33.67808337651891
4,52,32.30569502883837
4,53,30.72974098417899
4,54,27.129641789880832
4,55,25.186275566461994
4,56,21.75712306572546
4,57,19.93088314550896
4,58,18.465655177822438
4,59,15.487117200698506
4,60,12.0425881302961
4,61,9.907140396230824
4,62,6.173850408580622
4,63,6.042592617655119
4,64,5.863557057436761
4,65,8.72767366459937
4,66,11.827536835062002
4,67,12.579883082391477
4,68,9.280022291885128
4,69,7.4126773316686965
4,70,9.661402889730851
4,71,11.764126039169739
4,72,12.070856177857346
4,73,15.783942952918775
4,74,16.189222454102865
4,75,17.994282906131478
4,76,17.321412570582687
4,77,19.1405460130832
4,78,19.543088001980088
4,79,20.31710324562377
4,80,18.562198716043152
4,81,18.445889082482218
4,82,15.235361857904662
4,83,13.916148000376154
4,84,14.549230331974739
4,85,14.880833770504632
4,86,15.021047455297602
4,87,16.555585235085395
4,88,18.50262775748405
4,89,22.103095955748362
4,90,22.572572642067822
4,91,19.219198126153344
4,92,19.926487067697533
4,93,19.4551368103888
4,94,18.31106004527734
4,95,15.39483507999798
4,96,13.240305124702665
4,97,13.826533030914485
4,98,14.247247068600245
4,99,10.848311367943813
4,100,9.136459954316393
4,101,5.869223113856338
4,102,5.78750864627968
4,103,8.655205280579336
4,104,9.007801137473802
4,105,12.693098620287447
4,106,12.901616019070847
4,107,10.740854406134048
4,108,9.990050146985693
4,109,7.353773402414524
4,110,8.986599155434032
4,111,10.909927294439063
4,112,10.209560617046693
4,113,13.674303133183509
4,114,15.440932993830279
4,115,18.713195469902075
4,116,21.98225293385424
4,117,24.57047653252983
4,118,28.232239280604137
4,119,29.507970012398253
4,120,31.526984539773903
4,121,31.43673436286647
4,122,33.703567184075716
4,123,34.86979112437724
4,124,34.217142822280714
4,125,32.41615273756563
5,1,12.181640301023714
5,2,8.968464177322758
5,3,6.2281080320135835
5,4,3.779203615980545
5,6,3.833231267721597
5,7,7.169008321620773
5,8,9.625313009367146
5,9,12.468425397152966
5,10,15.808555651242388
5,11,18.527816220516403
5,12,21.83123494669311
5,13,24.48218663922502
5,14,25.536170892038186
5,15,24.423632919543685
5,16,21.134243969394575
5,17,18.77748352713718
5,18,20.416476207151014
5,19,19.403846584673804
5,20,21.898002526693162
5,21,22.213136277948546
5,22,20.109974690530656
5,23,17.626661119317017
5,24,14.548655893806055
5,25,11.891478518339465
5,26,9.910409109245547
5,27,11.48885187270143
5,28,10.358248906297632
5,29,13.533507355718031
5,30,13.210573335309888
5,31,12.387996606733006
5,32,15.361746022276778
5,33,16.911482110358243
5,34,17.344819549394295
5,35,13.616664394413
5,36,13.37541382756988
5,37,13.557632156062256
5,38,11.877116244044103
5,39,12.277551599797235
5,40,11.74531460659078
5,41,12.795789420234529
5,42,15.00015103089351
5,43,15.35949562896134
5,44,18.628757684921304
5,45,19.989216052445457
5,46,23.78452448446572
5,47,26.110325348983288
5,48,29.791041706258977
5,49,30.888389230126776
5,50,33.79282713205249
5,51,36.29270199721184
5,52,35.04047358517394
5,53,33.694062769460196
5,54,30.18828787043594
5,55,28.15603799190634
5,56,24.709858342389676
5,57,22.51619473938552
5,58,20.778237372589903
5,59,18.10416531341983
5,60,14.437157544613914
5,61,12.289132878497373
5,62,8.662814361722923
5,63,7.521762510910485
5,64,7.382037485477606
5,65,8.925556277867402
5,66,12.55934479037754
5,67,13.725112364049794
5,68,10.696133804306891
5,69,9.993393191793269
5,70,12.91351243765181
5,71,14.638416575987915
5,72,14.210965516621782
5,73,18.010615879872073
5,74,18.448107752402603
5,75,19.667802727680304
5,76,18.64741134055742
5,77,20.74207007440174
5,78,21.7033868568286
5,79,22.805355284134105
5,80,21.4865346054059
5,81,21.550461490476778
5,82,18.33563702018193
5,83,16.640206385540093
5,84,16.569181664254636
5,85,16.30010391309114
5,86,15.572136225363092
5,87,16.39050493515125
5,88,17.60906183667082
5,89,21.10653317983555
5,90,21.39589527934835
5,91,18.247763682183173
5,92,19.23225270908595
5,93,19.486760427560856
5,94,18.289822620714308
5,95,15.645579105237326
5,96,12.763655764414008
5,97,13.501727568838897
5,98,12.931670161529796
5,99,9.249205618622945
5,100,8.784946954670424
5,101,6.090259065732194
5,102,4.88605874269435
5,103,8.319941562241512
5,104,8.750619843300484
5,105,12.1716031449689
5,106,11.314355655164551
5,107,8.5159220193901
5,108,8.042520599088455
5,109,5.398750067267306
5,110,6.079601063354504
5,111,8.861953245545557
5,112,8.77979938349572
5,113,11.977246111235493
5,114,14.169886720195697
5,115,17.132012752812397
5,116,20.55870368641788
5,117,23.282724858470452
5,118,27.004478944650742
5,119,28.72465797617532
5,120,30.711416513935383
5,121,30.32704608371575
5,122,32.262025767216684
5,123,33.065139059139675
5,124,32.3383649779556
5,125,30.89338113295044
6,1,14.938535793147821
6,2,11.727436462377293
6,3,8.26284065427296
6,4,5.250993345358494
6,5,3.833231267721597
6,7,3.7707844050227965
6,8,6.456580110485867
6,9,9.091072330009284
6,10,12.470390875211278
6,11,15.39077320757187
6,12,18.477366088918796
6,13,21.338257182534477
6,14,22.756776331163284
6,15,21.818537827651195
6,16,18.80325002378685
6,17,16.232848177505076
6,18,18.018249009810212
6,19,17.1044249452807
6,20,19.761440174335856
6,21,20.672135519428384
6,22,18.88562640197818
6,23,15.895178418676633
6,24,12.58410780970657
6,25,10.62912398124399
6,26,8.018094014869753
6,27,9.912329339278145
6,28,9.899059055512899
6,29,13.362263196982113
6,30,14.10949268539729
6,31,13.463031220372205
6,32,16.56416028202745
6,33,17.553136517281775
6,34,18.589971670778684
6,35,15.007463336704216
6,36,13.78003836561713
6,37,14.006910988815807
6,38,12.359304140885905
6,39,12.12263620897501
6,40,10.687435821651485
6,41,12.048837100731046
6,42,13.592516369170468
6,43,14.0162303451928
6,44,16.92550782458508
6,45,18.30114213160224
6,46,22.05973549582999
6,47,24.21474771732325
6,48,27.763267266167002
6,49,28.49455222738001
6,50,31.197213592024593
6,51,33.88191357120924
6,52,32.9271623952116
6,53,31.713712252832245
6,54,28.377289530537396
6,55,26.07867280851742
6,56,22.587120860262836
6,57,20.03717420100562
6,58,17.98127250238536
6,59,15.663493186141402
6,60,11.9029767718125
6,61,10.066778870377517
6,62,7.078161298585288
6,63,6.664332172124274
6,64,8.41308948324726
6,65,10.485428691989567
6,66,14.125004439159236
6,67,15.959899412004606
6,68,13.27260860130674
6,69,12.236987528429989
6,70,14.537891581674907
6,71,16.056609822659798
6,72,16.332965843129482
6,73,20.000542642177
6,74,19.797367737713444
6,75,20.941426555448306
6,76,19.402067421942633
6,77,20.898122142209566
6,78,22.070896734044243
6,79,22.662941894812946
6,80,21.319848121010136
6,81,20.847322838995257
6,82,17.364574903385545
6,83,15.996740996757493
6,84,15.503320733724648
6,85,15.731393291298579
6,86,14.737030966602635
6,87,16.001737460313347
6,88,17.0820709302672
6,89,20.764291599690818
6,90,21.7102011960755
6,91,18.90776171596786
6,92,20.522731716980417
6,93,20.8470012005634
6,94,20.29389118583688
6,95,18.046722286924307
6,96,15.420451885561844
6,97,16.750634534258506
6,98,16.30322830568166
6,99,12.511919695694687
6,100,12.328533481609227
6,101,9.682415425451175
6,102,8.437478371247906
6,103,11.40916687872464
6,104,10.733777338839396
6,105,14.318402379149386
6,106,13.755651013904991
6,107,10.435223985615195
6,108,8.538325460184529
6,109,4.814980226902281
6,110,4.544804145485431
6,111,5.761042733310577
6,112,5.28189817651282
6,113,8.86757823634861
6,114,11.344731584881266
6,115,14.67496190120374
6,116,17.796467436536297
6,117,20.77752864155135
6,118,24.390871797460672
6,119,25.94588215240767
6,120,28.24059298603381
6,121,28.21019582616529
6,122,30.126038225519643
6,123,31.12819394644575
6,124,30.798759978004746
6,125,29.29921517475612
7,1,16.19972658211315
7,2,13.279587923616171
7,3,9.563654858606473
7,4,7.28496146869263
7,5,7.169008321620773
7,6,3.7707844050227965
7,8,3.7929457752827394
7,9,6.892765662705279
7,10,9.65097987184809
7,11,13.027653275198746
7,12,15.800873122652327
7,13,18.96242749669055
7,14,20.596399657278653
7,15,20.21181683270713
7,16,17.61491374278558
7,17,15.28883958046938
7,18,17.609451767340946
7,19,17.25706936920566
7,20,20.240232898980228
7,21,21.748351823440288
7,22,20.478959151161668
7,23,17.148106557809594
7,24,13.629612967409436
7,25,12.639636626926137
7,26,9.939434325147081
7,27,11.95843627232422
7,28,12.668080471861876
7,29,16.01698670837088
7,30,17.277213456175392
7,31,16.88345497100774
7,32,20.01229837045348
7,33,20.733996096535304
7,34,21.96523584988739
7,35,18.452656546250047
7,36,16.807806262523894
7,37,16.781056974599508
7,38,14.851911517072054
7,39,13.786253305236825
7,40,11.383912765412347
7,41,12.171648980110282
7,42,12.625668204315721
7,43,12.44030887350022
7,44,14.721705721604136
7,45,15.691518047749936
7,46,19.31820635930426
7,47,21.157796921533734
7,48,24.59495045718954
7,49,25.194965315224536
7,50,27.742851811682762
7,51,30.5683588724131
7,52,29.701548984812725
7,53,28.711227910838684
7,54,25.523994393725765
7,55,23.212781390366686
7,56,19.845068902234544
7,57,16.990870651022664
7,58,15.033508409873154
7,59,13.241287741303339
7,60,9.500142065987486
7,61,8.796843660080487
7,62,6.944573905444512
7,63,8.270684886292676
7,64,10.913339829989843
7,65,13.585678914386767
7,66,16.996110332046968
7,67,18.820489340176398
7,68,16.06572567673157
7,69,14.360496984711926
7,70,15.902308452977458
7,71,17.678004319659685
7,72,18.644568215117324
7,73,22.17457284241276
7,74,21.748017562217147
7,75,23.188840665777608
7,76,21.59796352684997
7,77,22.577856621864143
7,78,23.534893414053318
7,79,23.536340883987187
7,80,21.838599515296803
7,81,20.707056538159854
7,82,17.004641932706285
7,83,16.405841055299565
7,84,16.08099020340566
7,85,17.10760059626295
7,86,16.376620911428084
7,87,18.21013174610947
7,88,19.39554767538294
7,89,23.151906362697474
7,90,24.532097024424075
7,91,21.901388488541432
7,92,23.71576737932766
7,93,23.84598363900901
7,94,23.536692639571044
7,95,21.29215165041996
7,96,18.923468200248113
7,97,20.214688817141177
7,98,19.956336824751368
7,99,16.193757680918246
7,100,15.66038798859787
7,101,12.625874999241669
7,102,11.037446552973408
7,103,13.294207069602997
7,104,11.615811886713805
7,105,15.17895411954114
7,106,15.288571310320073
7,107,11.999665543880559
7,108,9.104361113340419
7,109,5.56370217927551
7,110,6.089682875300806
7,111,5.317538928513395
7,112,5.328225485797981
7,113,9.068235014050378
7,114,11.786152069567622
7,115,15.438800476565898
7,116,17.993183196103352
7,117,21.22343823471611
7,118,24.604139375417503
7,119,25.824958770609175
7,120,28.49756344467698
7,121,28.94660526744182
7,122,30.863372947527687
7,123,32.09915585907714
7,124,32.192519334998664
7,125,30.630903776714586
8,1,17.612656692422558
8,2,14.524296666895784
8,3,10.762070863368342
8,4,8.417863030509121
8,5,9.625313009367146
8,6,6.456580110485867
8,7,3.7929457752827394
8,9,3.7737059751801962
8,10,6.310811285722393
8,11,9.472563235360099
8,12,12.505640754707203
8,13,15.464113321621806
8,14,16.88286793103136
8,15,16.575647723036884
8,16,14.055767253191235
8,17,12.056378562238919
8,18,14.81104829230945
8,19,15.135284856963608
8,20,18.49369734805993
8,21,20.22411394326418
8,22,19.582305596926115
8,23,16.257921696260123
8,24,12.543141652885422
8,25,12.494271501363837
8,26,10.620902830321366
8,27,13.416735019333544
8,28,14.903158284174532
8,29,18.47998412883107
8,30,19.92904379454472
8,31,18.998273082784447
8,32,21.738021611537366
8,33,21.875863039966664
8,34,22.923793718527858
8,35,19.46885630603219
8,36,17.384970932380146
8,37,16.669285074971743
8,38,14.317958093708516
8,39,12.37843990306751
8,40,9.2474204251891
8,41,9.66459184353344
8,42,9.3845449166313
8,43,9.406780263361068
8,44,11.507456641110332
8,45,12.951022785600319
8,46,16.55385655910893
8,47,18.67929508704039
8,48,22.050725225052044
8,49,22.41167634899657
8,50,25.07332747102587
8,51,27.743540823652804
8,52,27.067961987224255
8,53,25.814443735807362
8,54,22.646820827190954
8,55,20.063859553877574
8,56,16.547845962540585
8,57,13.792387411699552
8,58,11.55522320759009
8,59,9.556576059880934
8,60,5.826550862768174
8,61,5.373446556901232
8,62,4.96559519573323
8,63,7.504549416149221
8,64,10.816501201414784
8,65,13.948259333559651
8,66,16.85631894747265
8,67,18.789749038776918
8,68,16.34672047660124
8,69,14.306746191562338
8,70,15.062986789301775
8,71,16.530871304337513
8,72,18.190445749019457
8,73,21.389706395060784
8,74,20.491792210655262
8,75,22.08316805916621
8,76,20.41738321484936
8,77,20.826123009565613
8,78,21.56515526718686
8,79,21.049528632333626
8,80,19.185947543263897
8,81,17.632921687912255
8,82,13.878419926010256
8,83,13.760119197629706
8,84,13.559813793408408
8,85,15.28361829005497
8,86,15.065330358059125
8,87,17.564895096652133
8,88,19.22315616734901
8,89,23.015727819910527
8,90,24.763925456187398
8,91,22.17273923311879
8,92,24.01802804124389
8,93,23.700132701140518
8,94,23.7737319259889
8,95,21.668797124475205
8,96,19.8782970153083
8,97,21.42805899087944
8,98,21.778819467581457
8,99,18.08517834016945
8,100,17.190218803864028
8,101,14.233196511329457
8,102,13.41005443733148
8,103,15.71140697381669
8,104,14.200395716155896
8,105,17.879697649663026
8,106,18.446770802867587
8,107,15.421924170184074
8,108,12.624360106760152
8,109,9.187845238885654
8,110,9.70160632679077
8,111,8.308099182143899
8,112,6.878410663591888
8,113,10.048969328730358
8,114,11.811283014177052
8,115,15.616349474620609
8,116,17.829293768137273
8,117,20.804813574836082
8,118,24.02061346838966
8,119,24.699072640907076
8,120,27.415160096038672
8,121,28.23810603878159
8,122,30.47852355519143
8,123,32.13447225035153
8,124,32.37982326400925
8,125,30.4475298564171
9,1,21.12320104543905
9,2,17.878603617615852
9,3,14.154248899169055
9,4,11.42791367161679
9,5,12.468425397152966
9,6,9.091072330009284
9,7,6.892765662705279
9,8,3.7737059751801962
9,10,3.785922099563974
9,11,6.406809041257677
9,12,9.419116159255218
9,13,12.292714963090452
9,14,14.063329912112541
9,15,13.533897337828423
9,16,11.285621640310763
9,17,8.927662940916253
9,18,11.626253215151268
9,19,12.15311252820761
9,20,15.57392179203988
9,21,17.74965442630981
9,22,17.6048060774786
9,23,14.164211740124436
9,24,10.610538988673403
9,25,11.660475258005336
9,26,10.283848470968943
9,27,13.236658203333507
9,28,15.581394624773251
9,29,19.11261854772957
9,30,21.058055155049814
9,31,19.899954035762505
9,32,22.32441456824457
9,33,21.846336860630053
9,34,23.131902475994174
9,35,19.998818967975648
9,36,17.311439568253515
9,37,16.492251751790505
9,38,14.434074600080876
9,39,12.240208226153133
9,40,8.918602248796354
9,41,9.980283372531579
9,42,9.250233472610647
9,43,10.2048104976922
9,44,11.795304046645484
9,45,13.764395023312726
9,46,17.04567038461742
9,47,19.203312936018197
9,48,22.252472970642476
9,49,21.999614299870775
9,50,24.456301095299484
9,51,27.127784149149573
9,52,26.956758119367336
9,53,25.586508175346207
9,54,22.67120800721364
9,55,19.635739021152993
9,56,16.03490700156564
9,57,13.21853544811018
9,58,10.173013913914462
9,59,8.492533816287176
9,60,5.514319364574406
9,61,4.993471889977087
9,62,6.542164491574469
9,63,8.4946321080757
9,64,12.248981728734435
9,65,15.054884525478538
9,66,17.595459491384904
9,67,20.017242165376313
9,68,18.17047863485283
9,69,16.4642265340848
9,70,16.9829999696837
9,71,17.75320081716389
9,72,19.643397639009148
9,73,22.52124423837741
9,74,21.00081313614632
9,75,22.22741727702403
9,76,20.100711502802206
9,77,19.91345090073052
9,78,20.947285817100564
9,79,20.066787887213938
9,80,18.54959950083116
9,81,16.751645739198846
9,82,13.14502917338517
9,83,13.079410395208424
9,84,12.154203784225407
9,85,14.143582290835658
9,86,13.724859796021276
9,87,16.492733911790268
9,88,18.062291166284215
9,89,21.747167809092492
9,90,23.99144663373483
9,91,21.792967709110382
9,92,24.008472261709578
9,93,23.69752434055413
9,94,24.365562343074867
9,95,22.75501971888131
9,96,21.28390557434789
9,97,23.341154721571318
9,98,23.850069234781657
9,99,20.175078610862233
9,100,19.599090928515423
9,101,17.051191388053105
9,102,16.659823376707354
9,103,19.249979578297282
9,104,17.918056104077245
9,105,21.60917914783527
9,106,21.99948276188483
9,107,18.812883424969094
9,108,15.991062877756404
9,109,12.426404312564145
9,110,12.067375985300767
9,111,9.840577898619603
9,112,7.412792910827078
9,113,9.323100522099404
9,114,10.092688727952078
9,115,13.777045520950692
9,116,15.46548583112382
9,117,18.2355098290214
9,118,21.214347678889347
9,119,21.518261279903832
9,120,24.321928949474906
9,121,25.466232196153452
9,122,27.830095798974263
9,123,29.7792380848429
9,124,30.27050783163735
9,125,28.146050715822703
10,1,23.222652205365595
10,2,20.236663429468784
10,3,16.603829025939106
10,4,14.39698941018244
10,5,15.808555651242388
10,6,12.470390875211278
10,7,9.65097987184809
10,8,6.310811285722393
10,9,3.785922099563974
10,11,3.805791861743908
10,12,6.232047512082697
10,13,9.445351932599502
10,14,11.414173049447136
10,15,11.793417582135262
10,16,10.446221094667132
10,17,9.017144413033979
10,18,12.230133692789053
10,19,13.647133708894824
10,20,17.150467824611106
10,21,19.72023851928502
10,22,20.164598832723815
10,23,16.78604586083467
10,24,13.470766619124404
10,25,15.09784946681831
10,26,13.91449637454335
10,27,16.73191340247646
10,28,19.214082665485307
10,29,22.646661886055092
10,30,24.732124349636965
10,31,23.66215661076949
10,32,26.066540054181953
10,33,25.45704985289904
10,34,26.73877829436381
10,35,23.660843213637897
10,36,20.881506671728083
10,37,19.844403696808566
10,38,17.627582038065473
10,39,14.990886282275225
10,40,11.384273799975338
10,41,11.602739531059504
10,42,9.60018485912043
10,43,9.904106269774
10,44,10.214980548102979
10,45,11.851991680948295
10,46,14.634854991655304
10,47,16.492501670099713
10,48,19.229961874747822
10,49,18.61292775325438
10,50,20.90596565770221
10,51,23.622065882262394
10,52,23.69864323857472
10,53,22.436026235526008
10,54,19.78082731110264
10,55,16.591549556095224
10,56,13.155920732089461
10,57,10.086099021120743
10,58,6.811255098759028
10,59,6.2719202325015955
10,60,4.683286335150933
10,61,6.44583265728262
10,62,9.216978578650028
10,63,11.818738821129257
10,64,15.47723144903743
10,65,18.493365555508404
10,66,20.776273167630983
10,67,23.03187343144795
10,68,21.17934064400154
10,69,19.095748641225228
10,70,18.999609686874383
10,71,19.869513351386818
10,72,22.22816221496994
10,73,24.856451441703086
10,74,23.198523239365826
10,75,24.659835188390574
10,76,22.63787522896399
10,77,21.980214883735936
10,78,22.68340862359378
10,79,21.210336575804927
10,80,19.39927086884017
10,81,16.948079386604647
10,82,13.472607810838666
10,83,14.376363625588858
10,84,13.81088363995962
10,85,16.447004050335
10,86,16.45551955193891
10,87,19.51765807250041
10,88,21.192859394965513
10,89,24.76886178630145
10,90,27.239647859438758
10,91,25.16281871381187
10,92,27.37886830590181
10,93,26.846303147958718
10,94,27.640608250664556
10,95,26.01563567066666
10,96,24.766222429032197
10,97,26.72684874027682
10,98,27.404167010500462
10,99,23.76047951345068
10,100,22.920668770815052
10,101,20.17756197130496
10,102,19.667398361579618
10,103,21.888537827878718
10,104,20.1763968776845
10,105,23.747934163758114
10,106,24.561787094198962
10,107,21.517657105985467
10,108,18.42705072740472
10,109,15.15757670405034
10,110,15.191514438166456
10,111,12.669309537734366
10,112,10.77956415706406
10,113,12.34315374474863
10,114,12.943222363760931
10,115,16.400113290019117
10,116,17.410793441995004
10,117,20.07761376290557
10,118,22.627091622534174
10,119,22.410066097415687
10,120,25.43854885911574
10,121,27.073484152056196
10,122,29.465664247342396
10,123,31.66951514835046
10,124,32.50126911528706
10,125,30.283216901025785
11,1,25.732345725643388
11,2,22.630068876297027
11,3,19.139852698609367
11,4,16.829452832135992
11,5,18.527816220516403
11,6,15.39077320757187
11,7,13.027653275198746
11,8,9.472563235360099
11,9,6.406809041257677
11,10,3.805791861743908
11,12,3.7955207632093138
11,13,6.009649786015209
11,14,7.803070107112499
11,15,8.036251334175823
11,16,7.215734745653039
11,17,6.493525811808969
11,18,9.868542030357467
11,19,12.141856329541236
11,20,15.675682351344753
11,21,18.360399095720457
11,22,19.497705992057103
11,23,16.45044374613906
11,24,13.499498545486235
11,25,15.87339197581247
11,26,15.52157503086248
11,27,18.555250794730835
11,28,21.387789121062692
11,29,24.841341220407042
11,30,26.98849306497862
11,31,25.536336279926154
11,32,27.53647335489205
11,33,26.442248229443223
11,34,27.572529508865784
11,35,24.737681623455043
11,36,21.711876327959406
11,37,20.25842988351873
11,38,18.054211466207427
11,39,15.080672076777375
11,40,11.57700062408538
11,41,11.74864168887952
11,42,9.352846544087535
11,43,10.44009909263453
11,44,10.28431165064921
11,45,12.565159260291784
11,46,14.83554997416178
11,47,16.951905739704472
11,48,19.31619214905404
11,49,18.230936192540483
11,50,20.49311035286253
11,51,22.865506430739043
11,52,23.347920248781314
11,53,21.70927017133064
11,54,19.267773607189902
11,55,15.72057914142899
11,56,12.287718036416113
11,57,9.85886439186037
11,58,6.093625735754776
11,59,5.685792628980053
11,60,6.153469502914829
11,61,7.436274549299697
11,62,10.971468260660403
11,63,13.263224967110515
11,64,16.804666516804147
11,65,19.659578772308475
11,66,21.372416422534833
11,67,23.726288257163958
11,68,22.370854741049207
11,69,20.413111632539575
11,70,19.883669535687762
11,71,20.177715824764196
11,72,22.84097418348182
11,73,25.008887381554892
11,74,22.87907402924826
11,75,24.191644304190532
11,76,22.053607957128992
11,77,20.77775717992449
11,78,21.399318516703804
11,79,19.44517988068945
11,80,17.81910108188561
11,81,15.083878328287874
11,82,12.06183212942338
11,83,13.315424742452466
11,84,12.57170217892785
11,85,15.603538323703035
11,86,15.979692578620789
11,87,19.33562895535117
11,88,21.234907683056278
11,89,24.588095974135612
11,90,27.322091448004855
11,91,25.452647143070617
11,92,27.673947390475554
11,93,26.8558761609313
11,94,28.054330884315966
11,95,26.74541268722143
11,96,25.983503375218284
11,97,28.186908869997996
11,98,29.230698052972787
11,99,25.72927694303073
11,100,24.845042365854525
11,101,22.39605523157649
11,102,22.401139936166143
11,103,24.78839078698666
11,104,23.37892784271536
11,105,27.02282904904293
11,106,27.873772634545272
11,107,24.89033390181494
11,108,21.967701688542842
11,109,18.57493179334849
11,110,18.44178691425593
11,111,15.959939695747982
11,112,13.541074522546007
11,113,14.527314516701631
11,114,14.168595437972039
11,115,17.227007645036494
11,116,17.831839281267065
11,117,19.925062902543594
11,118,22.14344059888264
11,119,21.32714913146064
11,120,24.20111602876514
11,121,26.14628706100652
11,122,28.81719714570049
11,123,31.382313965387326
11,124,32.29343089741664
11,125,29.75650097255813
12,1,29.066161400884134
12,2,26.091600420607342
12,3,22.56412539096611
12,4,20.337522617267627
12,5,21.83123494669311
12,6,18.477366088918796
12,7,15.800873122652327
12,8,12.505640754707203
12,9,9.419116159255218
12,10,6.232047512082697
12,11,3.7955207632093138
12,13,3.8110513517333104
12,14,6.963756880558483
12,15,8.330455989493625
12,16,9.174817962583552
12,17,8.936113353828254
12,18,11.672204811303347
12,19,14.031105856972987
12,20,17.1551707038697
12,21,20.26105832923173
12,22,21.714984622635274
12,23,18.663474501193015
12,24,16.138445549538034
12,25,18.81874741955954
12,26,18.304749363208852
12,27,20.980452494260888
12,28,24.011441825858366
12,29,27.255292568370834
12,30,29.70682451697214
12,31,28.473240330810608
12,32,30.511399839812952
12,33,29.299100736063412
12,34,30.6875446787013
12,35,28.008203149550784
12,36,24.813856140331584
12,37,23.558820553900198
12,38,21.59329018628136
12,39,18.709698633474304
12,40,15.29973991938125
12,41,15.48419621951537
12,42,12.86147015495562
12,43,13.547196429946071
12,44,12.534345344592166
12,45,14.184415720155352
12,46,15.701491952329786
12,47,17.161052920754575
12,48,18.898730212102564
12,49,17.13181808796028
12,50,18.801797805881392
12,51,21.318633913275
12,52,22.355847896216183
12,53,21.038980721507713
12,54,19.17201174531876
12,55,15.522621534080006
12,56,12.65342786175969
12,57,10.110359963200874
12,58,6.5741770987487005
12,59,8.109816871808881
12,60,9.352481216401621
12,61,11.182142395960534
12,62,14.649473784912422
12,63,16.919604978494053
12,64,20.526900584028983
12,65,23.294917630244456
12,66,25.026729412856607
12,67,27.473534021507326
12,68,26.15426084143385
12,69,24.18591706636239
12,70,23.593845481724887
12,71,23.899486573995922
12,72,26.617320027040503
12,73,28.709726163919218
12,74,26.473030726012546
12,75,27.692680706342745
12,76,25.43747198880495
12,77,23.900641384792678
12,78,24.581765331590955
12,79,22.374056954041063
12,80,20.85997736143094
12,81,17.896885694800517
12,82,15.230722775106639
12,83,16.744786602436807
12,84,15.854891984278723
12,85,18.858166175433002
12,86,19.03810304601776
12,87,22.281911181453772
12,88,23.882835083501565
12,89,27.0572869967616
12,90,30.036260204479508
12,91,28.468895227467723
12,92,30.89915392958807
12,93,30.20139455374738
12,94,31.583288872344465
12,95,30.41524471635064
12,96,29.622556446973423
12,97,31.89492624654136
12,98,32.82616122160174
12,99,29.269597929458392
12,100,28.507764402001392
12,101,25.998405625778688
12,102,25.776483323927398
12,103,28.04980356259356
12,104,26.35290209294254
12,105,29.891782814284408
12,106,30.784200340519266
12,107,27.716975202423626
12,108,24.556301286724132
12,109,21.31219506528763
12,110,21.041947834994154
12,111,18.145085076747584
12,112,16.02588946232677
12,113,16.507643713130065
12,114,16.078380319314288
12,115,18.773213068278125
12,116,18.644227286363783
12,117,20.64510297100234
12,118,22.325925769831176
12,119,21.1116862030242
12,120,24.222289665907994
12,121,26.611455604106137
12,122,29.110363345026595
12,123,31.812720671561475
12,124,33.13736521127637
12,125,30.669996249050634
13,1,31.362225929201855
13,2,28.32747848516391
13,3,24.95415024849201
13,4,22.719368023831873
13,5,24.48218663922502
13,6,21.338257182534477
13,7,18.96242749669055
13,8,15.464113321621806
13,9,12.292714963090452
13,10,9.445351932599502
13,11,6.009649786015209
13,12,3.8110513517333104
13,14,3.7714068035499473
13,15,5.5189046278999285
13,16,7.796494665083508
13,17,8.770459741708704
13,18,11.07974387057452
13,19,14.10421761129861
13,20,17.024107983547008
13,21,20.020852088925658
13,22,22.069173167750687
13,23,19.476246268125866
13,24,17.33672254442174
13,25,20.392396239491724
13,26,20.520608367622863
13,27,23.370637448932364
13,28,26.54626692400623
13,29,29.82500867011486
13,30,32.224692746446216
13,31,30.664086507696908
13,32,32.359322747995265
13,33,30.79891247818653
13,34,31.97070675044462
13,35,29.492261990933486
13,36,26.209260599931373
13,37,24.586268815492108
13,38,22.61457598581612
13,39,19.536251028380473
13,40,16.374308502184086
13,41,16.406907711095712
13,42,13.67854336971907
13,43,14.795484061034044
13,44,13.533233720771443
13,45,15.563198302065434
13,46,16.578183101996384
13,47,18.247179465562404
13,48,19.589348302004588
13,49,17.501545719602
13,50,19.12159145096257
13,51,21.110333796545564
13,52,22.496854080843054
13,53,20.785092424836094
13,54,19.19197992301757
13,55,15.393112976613255
13,56,12.790403367163766
13,57,11.247405001320688
13,58,8.116562265830677
13,59,9.411560800845727
13,60,11.570401108224013
13,61,13.009975243694264
13,62,16.710269315033443
13,63,18.782791116016554
13,64,22.170664883814993
13,65,24.80676324566783
13,66,26.033575910202423
13,67,28.447205485798325
13,68,27.523190335377713
13,69,25.63998667859939
13,70,24.67827114155187
13,71,24.545039440859888
13,72,27.476032250097077
13,73,29.123899950954033
13,74,26.560298481745157
13,75,27.67418194070679
13,76,25.43925158823841
13,77,23.392911687617705
13,78,23.896433695067525
13,79,21.27494942140752
13,80,19.953383862494906
13,81,16.838931515834236
13,82,14.859381828404807
13,83,16.645872721230745
13,84,15.776927341189184
13,85,18.962861923795362
13,86,19.538351425746608
13,87,22.925098978965025
13,88,24.738742892972372
13,89,27.65312757192938
13,90,30.75884645149444
13,91,29.341818891443346
13,92,31.67051295689735
13,93,30.681040674366347
13,94,32.34559324619939
13,95,31.415795296253684
13,96,31.05895795067179
13,97,33.4550442204332
13,98,34.7151387949962
13,99,31.314987809011182
13,100,30.4554829778956
13,101,28.170758746834704
13,102,28.355889319645513
13,103,30.722805361736842
13,104,29.280703434041698
13,105,32.881758085678534
13,106,33.84405147282731
13,107,30.864689514432893
13,108,27.859683676130615
13,109,24.515864465341657
13,110,24.237422250339435
13,111,21.49047285904865
13,112,19.036441334297262
13,113,19.331255854123505
13,114,18.316302393361468
13,115,20.67425554438086
13,116,20.332105565011897
13,117,21.742888747320112
13,118,23.093220991459965
13,119,21.326623836051287
13,120,24.138624728087333
13,121,26.757864468718928
13,122,29.50608777049895
13,123,32.508250963408535
13,124,33.83892974916763
13,125,31.087968180087255
14,1,31.355453495330725
14,2,28.394964503443656
14,3,25.296672787425884
14,4,23.314613006721178
14,5,25.536170892038186
14,6,22.756776331163284
14,7,20.596399657278653
14,8,16.88286793103136
14,9,14.063329912112541
14,10,11.414173049447136
14,11,7.803070107112499
14,12,6.963756880558483
14,13,3.7714068035499473
14,15,3.811732629780182
14,16,6.700454754189547
14,17,9.230375931570727
14,18,11.64563185020488
14,19,15.1963737531798
14,20,18.208144072547864
14,21,20.735240621329215
14,22,23.034821219677347
14,23,20.835783612218684
14,24,18.66487781007161
14,25,21.65145592317553
14,26,22.235876108255205
14,27,25.403668206305596
14,28,28.440161217597407
14,29,31.884823572926
14,30,33.99385464461268
14,31,32.12630467032714
14,32,33.61597213744102
14,33,31.98334035750332
14,34,32.738667848702896
14,35,30.239028014475426
14,36,27.122665337671105
14,37,25.021338080591885
14,38,22.741906212849244
14,39,19.36714137534141
14,40,16.346408855917037
14,41,15.781836313652596
14,42,12.83465023100716
14,43,14.026797643413602
14,44,12.51984275994114
14,45,14.866913106951163
14,46,15.51955321388215
14,47,17.5906642019366
14,48,18.827105566046836
14,49,16.902296072425447
14,50,18.87761997555001
14,51,20.252980526647672
14,52,21.525988873319875
14,53,19.279870187700773
14,54,17.638739081660187
14,55,13.853676177807726
14,56,11.363159926096392
