1,2,3.8230476851079294
1,3,6.236318546962111
1,4,9.964462552212694
1,5,12.601552693900588
1,6,15.379445015465892
1,7,18.67530992405011
1,8,22.05024917652237
1,9,25.094900409739086
1,10,27.90153725463021
1,11,27.97695541593845
1,12,31.60086418557221
1,13,33.41094935309831
1,14,37.326339905055114
1,15,38.63268676680992
1,16,42.22247466432408
1,17,42.70570924766625
1,18,43.10004501392085
1,19,40.66043434556554
1,20,37.12257708989625
1,21,34.42043674562461
1,22,31.274138087998136
1,23,27.921528912886046
1,24,25.021898917877632
1,25,21.406149799633113
1,26,19.03633706745294
1,27,15.41368212780462
1,28,13.32502263465101
1,29,11.32854932636351
1,30,8.38199911582123
1,31,10.181891637564444
1,32,13.692682375790659
1,33,12.960549307416166
1,34,13.871364775308749
1,35,17.145737894407812
1,36,18.547452576893328
1,37,20.896079498817727
1,38,23.66946297498353
1,39,24.82706769988577
1,40,28.07404369231706
1,41,28.87441122004238
1,42,31.92498658208391
1,43,34.69711720171743
1,44,33.06314728699449
1,45,29.961574922524083
1,46,27.28068230651518
1,47,25.705643323574666
1,48,28.05298566991298
1,49,26.443216575893288
1,50,28.512049684088705
1,51,26.958142474745006
1,52,23.81302313695752
1,53,22.689068836677393
1,54,23.56207346163414
1,55,26.85432138213679
1,56,33.23516593732146
1,57,35.5362790523697
1,58,35.44060292042404
1,59,31.626156857227947
1,60,30.303189839859105
1,61,26.850493702993912
1,62,26.769151816948703
1,63,24.184580263742202
1,64,25.217538385766908
1,65,25.093287897396078
1,66,23.07056599887252
1,67,19.756216478168312
1,68,18.68737709489316
1,69,21.373642910322896
1,70,23.00331847258522
1,71,26.524647757140055
1,72,27.19635821997845
1,73,30.951901559493344
1,74,33.69609718628815
1,75,36.73800205562443
1,76,40.11455309231454
1,77,38.59633386699012
1,78,40.795236660924346
1,79,41.6852464683204
1,80,39.97367396070399
1,81,36.68611326968454
1,82,36.120513726996506
1,83,33.42315312959193
1,84,29.782515056538923
1,85,27.194881054643982
1,86,23.427715039642862
1,87,20.758529857155008
1,88,17.655460711811592
1,89,14.713238424234131
1,90,14.256407387800804
1,91,11.341578568062282
1,92,12.679865931806514
1,93,10.087289226946305
1,94,9.172360034516046
1,95,9.550805682062721
1,96,11.847410007092364
1,97,11.501819001519943
1,98,13.723639623764164
1,99,13.431690913078059
1,100,16.966713010195146
1,101,18.42396314602743
1,102,21.10242477942881
1,103,24.367119458033706
1,104,27.06823165529055
1,105,30.81135051596167
1,106,33.18253139110058
1,107,36.93638194236628
1,108,39.49564818670918
1,109,42.884215948430274
1,110,46.05016677832176
1,111,48.18220778371038
2,1,3.8230476851079294
2,3,3.806706757875704
2,4,6.914908208712224
2,5,9.91632876920337
2,6,13.051161532788072
2,7,16.00811535552455
2,8,19.506542189098614
2,9,22.4862871902864
2,10,25.18228917072555
2,11,24.969017329083478
2,12,28.664601395247253
2,13,30.74682095404825
2,14,34.63933445990759
2,15,36.21733027810023
2,16,39.88206260933366
2,17,40.558203631379
2,18,41.226887801182755
2,19,38.77048155146232
2,20,35.36652401957242
2,21,32.426309032570295
2,22,29.39020766703478
2,23,25.8597541443448
2,24,23.071141515410755
2,25,19.4987348258013
2,26,17.201285341170728
2,27,13.900928427931708
2,28,12.054030060529026
2,29,11.022651837816015
2,30,8.993043729720455
2,31,11.706008502792526
2,32,15.138870968072984
2,33,14.595199536963486
2,34,14.579311649754526
2,35,17.33309565824235
2,36,17.94751020759352
2,37,19.939731763384312
2,38,22.249200498050033
2,39,23.121372986573803
2,40,26.092183082304217
2,41,26.659126534788125
2,42,29.848208477748315
2,43,32.41790712866581
2,44,30.92063027637525
2,45,27.61448849599844
2,46,25.255049507078525
2,47,23.90131658097248
2,48,26.54800185343262
2,49,25.27297671743792
2,50,27.339105726744652
2,51,26.14721031446663
2,52,23.32788806732401
2,53,22.512145553842373
2,54,23.82265837597612
2,55,27.12610072234392
2,56,32.52153146839984
2,57,34.79286030233797
2,58,34.314261043120084
2,59,30.486021765377746
2,60,29.422013320335797
2,61,26.021904284045
2,62,26.140692731702558
2,63,23.746688307502648
2,64,24.521401665616366
2,65,24.835928188545964
2,66,22.567857998641674
2,67,19.531390230231608
2,68,17.76144792078116
2,69,20.124263265317513
2,70,21.857645848030803
2,71,25.19163649244127
2,72,25.75472994623497
2,73,29.42657022286546
2,74,32.07047527995282
2,75,35.29942654191417
2,76,38.509341122555604
2,77,36.7358476305355
2,78,38.83922016271892
2,79,39.45319612099423
2,80,37.77579983096376
2,81,34.57239187077302
2,82,33.68092143399539
2,83,30.886838591372907
2,84,27.171544471862326
2,85,24.81650390549364
2,86,21.09772912648921
2,87,18.839829767665695
2,88,16.020475168707396
2,89,13.648891454542103
2,90,13.985672160198444
2,91,11.899390034445034
2,92,14.185769087712808
2,93,12.38781595353731
2,94,11.927380754616388
2,95,11.356486298057732
2,96,12.917122781300963
2,97,11.40132550111345
2,98,12.71111017348764
2,99,11.4457481605864
2,100,14.668651402850651
2,101,15.744003694851372
2,102,18.03079773918531
2,103,21.4628099363314
2,104,24.20297563296339
2,105,27.96248222575595
2,106,30.567620237056598
2,107,34.259460610011715
2,108,37.02203137148624
2,109,40.31612676770359
2,110,43.60037935097475
2,111,45.83423332818131
3,1,6.236318546962111
3,2,3.806706757875704
3,4,3.804492981813911
3,5,6.728251346388497
3,6,9.440820809459346
3,7,12.518382673467418
3,8,16.00896058979021
3,9,18.96082198743983
3,10,21.73161879106668
3,11,21.804105558626762
3,12,25.46110262895918
3,13,27.341623666807774
3,14,31.258771884555692
3,15,32.70228617419853
3,16,36.35651295239224
3,17,37.05702980968426
3,18,37.63312362691282
3,19,35.09996075519625
3,20,31.6676954988386
3,21,28.77822963002775
3,22,25.66860903071053
3,23,22.1784139564612
3,24,19.310317456273165
3,25,15.753939230656153
3,26,13.407133869765778
3,27,10.104778901675141
3,28,8.496214750254227
3,29,7.789524093031464
3,30,6.796584812403167
3,31,9.8465585924017
3,32,12.95204982411334
3,33,12.796970411778618
3,34,12.170875969547152
3,35,14.57495898282556
3,36,14.784021411701868
3,37,16.921290394117467
3,38,19.057865040185888
3,39,20.23807788638031
3,40,23.245189659590153
3,41,24.160801538368382
3,42,27.516129978590346
3,43,30.248757520076463
3,44,29.102380444805583
3,45,25.732204626139428
3,46,23.392122533020988
3,47,21.66706296289796
3,48,24.11185028861271
3,49,22.62384364352362
3,50,24.356013787362393
3,51,23.04724117554662
3,52,20.27636735260663
3,53,19.340274694762584
3,54,20.83440616069295
3,55,24.229500476690056
3,56,29.447668214308035
3,57,31.523004653461303
3,58,30.911400349057516
3,59,27.082519925626162
3,60,25.91652535778603
3,61,22.466885979621672
3,62,22.517355291351627
3,63,20.15617826760099
3,64,20.856572963858433
3,65,21.380788405976695
3,66,19.158394691314125
3,67,16.18728346074203
3,68,14.160209683999955
3,69,16.360553710997152
3,70,18.09406810415091
3,71,21.418245465062515
3,72,22.0884291785583
3,73,25.765045358800418
3,74,28.511975459283807
3,75,31.693140746303555
3,76,34.92647286007358
3,77,33.24229239087844
3,78,35.48736131190037
3,79,36.216122727515675
3,80,34.721320657444
3,81,31.400409165121854
3,82,30.58250021293344
3,83,27.991363528789545
3,84,24.34291178774079
3,85,21.748657276070503
3,86,17.98483802700346
3,87,15.568094129297435
3,88,13.019889413009937
3,89,10.620742305743486
3,90,11.693850498266764
3,91,10.07205039990405
3,92,13.021022735012055
3,93,11.798655191779513
3,94,12.495974456890872
3,95,12.019225597379766
3,96,12.511728779177664
3,97,10.631724888809966
3,98,11.008415115883377
3,99,9.246288487128387
3,100,12.111737535133402
3,101,12.759856038359674
3,102,15.286196952636113
3,103,18.691872719231984
3,104,21.151701531366605
3,105,24.933335859884185
3,106,27.342256340402987
3,107,31.050946678783422
3,108,33.693354312358174
3,109,36.97883610563622
3,110,40.24460055879443
3,111,42.357681877425094
4,1,9.964462552212694
4,2,6.914908208712224
4,3,3.804492981813911
4,5,3.820711484648623
4,6,6.602253067552748
4,7,9.14546581265413
4,8,12.738288767710285
4,9,15.605125169325492
4,10,18.27457979999782
4,11,18.15028330510964
4,12,21.857305434689447
4,13,23.922033421851225
4,14,27.818297601646147
4,15,29.467951017914707
4,16,33.177076299592926
4,17,34.057972845002425
4,18,34.86288718143714
4,19,32.310197698371
4,20,29.023608301879648
4,21,25.931668468606716
4,22,22.9476726981502
4,23,19.317927694866512
4,24,16.609613344401154
4,25,13.181162112948762
4,26,11.055300889045615
4,27,8.464029342986656
4,28,7.732017294875334
4,29,8.507149848602785
4,30,9.06675892237151
4,31,12.176010805393421
4,32,14.726814336625496
4,33,14.775642466506739
4,34,13.270063818791474
4,35,14.812136092344126
4,36,14.03235940249889
4,37,15.69635265810491
4,38,17.15651505929376
4,39,18.12926820287824
4,40,20.792166076085916
4,41,21.61832772981634
4,42,25.13896690791434
4,43,27.71825605192263
4,44,26.879806481680436
4,45,23.336147831788406
4,46,21.367175794019897
4,47,19.726237647353454
4,48,22.31310257008679
4,49,21.104756308785408
4,50,22.649918985131553
4,51,21.697883571304335
4,52,19.37527668143968
4,53,18.762342462977813
4,54,20.685786341428706
4,55,23.984756586687062
4,56,28.056754844637922
4,57,30.003652298029884
4,58,28.981720611191466
4,59,25.197616013937488
4,60,24.289269641108984
4,61,20.969060860342577
4,62,21.230636996898472
4,63,19.19343113455043
4,64,19.613753778793065
4,65,20.691220630179494
4,66,18.37757738522502
4,67,15.858635115381789
4,68,13.089620513838401
4,69,14.645034275647337
4,70,16.364680523293643
4,71,19.357532770196325
4,72,19.903761562320692
4,73,23.425594065280663
4,74,26.06225618017061
4,75,29.38356647731772
4,76,32.43141795467558
4,77,30.53805238749981
4,78,32.72461554844917
4,79,33.22962411741953
4,80,31.844810283384973
4,81,28.578968360941353
4,82,27.478492317169277
4,83,24.895317111447426
4,84,21.230077405005158
4,85,18.792786748784522
4,86,15.12096010820524
4,87,13.18276717029168
4,88,11.273015101711353
4,89,9.818933412908311
4,90,11.949091787797721
4,91,11.498101209628635
4,92,14.993975419282034
4,93,14.550521852580253
4,94,15.618889350739133
4,95,14.67191358036345
4,96,14.409040078659979
4,97,11.779026612156759
4,98,10.875500495826094
4,99,7.98981230317056
4,100,9.860831783616936
4,101,9.660481663999295
4,102,11.790458015048596
4,103,15.344985168768769
4,104,17.685176373584174
4,105,21.480517341243285
4,106,24.029960367207703
4,107,27.67436531521519
4,108,30.456759818935392
4,109,33.645603857954384
4,110,37.00478595399495
4,111,39.16952529582963
5,1,12.601552693900588
5,2,9.91632876920337
5,3,6.728251346388497
5,4,3.820711484648623
5,6,3.814069743775162
5,7,6.7212164092196405
5,8,9.802023217549428
5,9,13.136185189532785
5,10,15.79128600737535
5,11,15.545811696545746
5,12,19.083124475467663
5,13,20.983101017054242
5,14,24.86581390144516
5,15,26.392092883913122
5,16,30.036502180068705
5,17,30.70453987431397
5,18,31.54248918834784
5,19,29.175159056310225
5,20,25.925541822511835
5,21,22.785638261223134
5,22,20.002926865167726
5,23,16.34346838020045
5,24,14.045640037108042
5,25,10.46251235098896
5,26,9.2980209496082
5,27,7.251137880083576
5,28,8.338705132501786
5,29,9.123223085696717
5,30,10.770496948452447
5,31,13.118038306715064
5,32,14.842236898649988
5,33,14.511067696873056
5,34,12.110737342241144
5,35,12.734763079070355
5,36,11.24064586106052
5,37,12.33695839786161
5,38,13.514541033429166
5,39,14.32920237823093
5,40,16.97667525716756
5,41,17.899562127693674
5,42,21.440246014262712
5,43,24.129809319187146
5,44,23.427085342702846
5,45,19.92814211082455
5,46,17.91237798723203
5,47,16.078380165367186
5,48,18.590286687280262
5,49,17.442637770762015
5,50,18.975213545708893
5,51,18.269747867031896
5,52,16.258991779775645
5,53,16.13095190934897
5,54,18.332070156838597
5,55,21.36779272790966
5,56,24.573224122347167
5,57,26.603045054191753
5,58,25.50482000567949
5,59,21.74232975753959
5,60,21.141750496418826
5,61,18.046129541660697
5,62,18.815081780079172
5,63,17.332976813252913
5,64,18.118004731858846
5,65,19.80254799367758
5,66,17.995989655116563
5,67,15.54083773468655
5,68,12.545617451796854
5,69,13.17336694755476
5,70,14.137630190945304
5,71,16.77223062015851
5,72,16.79028221208606
5,73,20.239147850547205
5,74,22.65058147803208
5,75,26.07110681176482
5,76,29.053018988280336
5,77,27.05298589861751
5,78,29.118259147375536
5,79,29.639572944763078
5,80,28.14717185086156
5,81,24.888375292890004
5,82,23.903057266051334
5,83,21.301315047498377
5,84,17.65862171707968
5,85,15.111935640882736
5,86,11.396356223576246
5,87,9.463213547229419
5,88,7.661162297238905
5,89,7.022479923435509
5,90,9.761979993251847
5,91,10.513448658485796
5,92,14.290150182000504
5,93,14.836571641544767
5,94,16.29400033167355
5,95,14.908569235971207
5,96,13.691400914185454
5,97,10.647040435786135
5,98,8.591725176660523
5,99,5.224504755625172
5,100,6.245523972921088
5,101,6.0511620329444495
5,102,8.774866340524614
5,103,12.0341513943906
5,104,14.486102872127958
5,105,18.24874430901468
5,106,20.685965909663253
5,107,24.401318525561823
5,108,27.108204592804817
5,109,30.421107044835086
5,110,33.68512508092165
5,111,35.943776688796625
6,1,15.379445015465892
6,2,13.051161532788072
6,3,9.440820809459346
6,4,6.602253067552748
6,5,3.814069743775162
6,7,3.7914373593042456
6,8,6.706735726657129
6,9,9.933735960572605
6,10,12.75876689706278
6,11,13.207148850976647
6,12,16.60720394975936
6,13,18.08334432615682
6,14,22.007113689731074
6,15,23.284564746485856
6,16,26.921768772099284
6,17,27.666284732979605
6,18,28.31936665025286
6,19,25.77344125345724
6,20,22.450879044925298
6,21,19.409222301025537
6,22,16.429888883302382
6,23,12.827402790901125
6,24,10.292928386929404
6,25,6.717760003403072
6,26,5.641842316153365
6,27,4.546575514702816
6,28,7.053648959275425
6,29,8.652417368692046
6,30,11.42518430674093
6,31,13.423459667803424
6,32,14.40298548956995
6,33,14.665893210156577
6,34,11.917301331723575
6,35,11.773495068312798
6,36,9.552853221252692
6,37,10.794162849293183
6,38,11.414674665820044
6,39,12.900347177126234
6,40,15.479865366252913
6,41,17.050724560945422
6,42,20.725841055383363
6,43,23.5873274355283
6,44,23.447523737496166
6,45,20.024510586703702
6,46,18.15834998492566
6,47,15.826446911984046
6,48,17.798299235567512
6,49,16.295234748555067
6,50,17.099689978333807
6,51,16.155797024349198
6,52,14.326428832994852
6,53,13.938789747434539
6,54,16.336132472130544
6,55,19.396623721470945
6,56,22.33505594797637
6,57,23.96358936204805
6,58,22.653627286342907
6,59,18.924308859215014
6,60,18.08711689713624
6,61,14.920965035677046
6,62,15.496334762370392
6,63,14.123226932742414
6,64,14.672481998926465
6,65,16.69620516926618
6,66,15.047876983705764
6,67,12.9901717090025
6,68,9.70185069033891
6,69,9.650460608469933
6,70,10.549833054890566
6,71,13.088486424029885
6,72,13.387052878670609
6,73,16.844020059358666
6,74,19.500959545122107
6,75,22.807425451092918
6,76,25.848329881283718
6,77,24.04253126043331
6,78,26.392914158633765
6,79,27.130174331529535
6,80,25.99524458292765
6,81,22.54447183065586
6,82,21.700873416115602
6,83,19.54292713816457
6,84,16.13814430020089
6,85,13.170611211414117
6,86,9.526554495100052
6,87,7.344468325619815
6,88,6.834194907803134
6,89,6.691336262962083
6,90,10.283741763231017
6,91,11.565625436362497
6,92,15.297323882231796
6,93,16.167930266254654
6,94,18.33428405562591
6,95,17.36018218957572
6,96,15.636996239570852
6,97,12.936507856737148
6,98,10.38892831756176
6,99,7.466467154006053
6,100,6.980786349966837
6,101,5.314389115727239
6,102,8.116791995432836
6,103,10.929295261470058
6,104,12.528530280447704
6,105,16.232321298005782
6,106,18.22894923841101
6,107,21.935606150541382
6,108,24.40559270369478
6,109,27.674850752516697
6,110,30.912568086720075
6,111,32.93604718574981
7,1,18.67530992405011
7,2,16.00811535552455
7,3,12.518382673467418
7,4,9.14546581265413
7,5,6.7212164092196405
7,6,3.7914373593042456
7,8,3.807106909909601
7,9,6.503716229749142
7,10,9.238574264527688
7,11,9.692966518094831
7,12,13.21380913651161
7,13,14.912939586549227
7,14,18.83306628124519
7,15,20.40977644284197
7,16,24.148441385481764
7,17,25.27170825332241
7,18,26.197875269900024
7,19,23.52185340361637
7,20,20.43722851737667
7,21,17.15773864439092
7,22,14.320295554400566
7,23,10.589778342262322
7,24,8.2884443317974
7,25,5.641730682393115
7,26,5.2912771797964675
7,27,6.617246498515193
7,28,9.160989542022596
7,29,11.669983712909998
7,30,14.619636305412104
7,31,16.78384390829716
7,32,17.600538230394655
7,33,18.182442337819825
7,34,15.34863180332731
7,35,14.708027866566004
7,36,11.891680054544139
7,37,12.483255134701128
7,38,11.926743691083455
7,39,13.137840307816193
7,40,14.929117785105692
7,41,16.432433979273018
7,42,20.214753348983088
7,43,22.774206260530676
7,44,23.1600501040871
7,45,19.64549628582921
7,46,18.431779174359782
7,47,16.311314071893996
7,48,18.23810909726597
7,49,17.126702589034537
7,50,17.44041567682264
7,51,16.93570837451032
7,52,15.822006933136077
7,53,15.668336089416892
7,54,18.276810908401544
7,55,21.092125329035287
7,56,22.676760470803856
7,57,23.938440133710028
7,58,22.067056401834257
7,59,18.562029861351157
7,60,17.980478661832166
7,61,15.140419511856523
7,62,15.733729423734475
7,63,14.780374418521905
7,64,14.653468661765114
7,65,17.120618875590175
7,66,15.354620528706505
7,67,14.188189906743945
7,68,10.510558933792364
7,69,9.514581543126829
7,70,10.488671984154044
7,71,12.215983621967448
7,72,12.569011944888995
7,73,15.565253362660483
7,74,18.100991426807063
7,75,21.464100118401742
7,76,24.200616488668153
7,77,22.20082409660247
7,78,24.559615500599257
7,79,25.010039522814694
7,80,24.201657797251084
7,81,20.82883520906799
7,82,19.551738468612985
7,83,17.605595127663378
7,84,14.34526053547631
7,85,11.668314817057881
7,86,8.574266335912432
7,87,7.726728906097254
7,88,8.884901008050914
7,89,9.908842067641725
7,90,13.631750072832414
7,91,15.266713369373077
7,92,18.972418476834488
7,93,19.933071720536756
7,94,22.119933389693273
7,95,21.062047540696245
7,96,19.271081313987732
7,97,16.397379030787956
7,98,13.501364663076542
7,99,10.318827002624095
7,100,8.621179634945177
7,101,5.3533740652135675
7,102,6.4240179217578595
7,103,9.057216962070678
7,104,9.834000495393138
7,105,13.496204242239154
7,106,15.585499775581217
7,107,19.13226430667549
7,108,21.764605462012
7,109,24.81352314483413
7,110,28.212584833177754
7,111,30.201500049068226
8,1,22.05024917652237
8,2,19.506542189098614
8,3,16.00896058979021
8,4,12.738288767710285
8,5,9.802023217549428
8,6,6.706735726657129
8,7,3.807106909909601
8,9,3.81950034848941
8,10,6.353461628768766
8,11,7.055267329468399
8,12,10.095053894872544
8,13,11.38139202163647
8,14,15.308438249691822
8,15,16.734649422522487
8,16,20.442929647546308
8,17,21.482903830215218
8,18,22.483978931628407
8,19,19.911256561481
8,20,16.942706528199572
8,21,13.529936484814966
8,22,10.983703360264652
8,23,7.1909274690440155
8,24,5.921065053182661
8,25,4.4067682266674995
8,26,6.4674041928360095
8,27,8.968621852559258
8,28,12.158527945351157
8,29,14.435153579413036
8,30,17.68438404681653
8,31,19.3646258219816
8,32,19.567990800755258
8,33,20.022037481447565
8,34,16.81599380479875
8,35,15.32316407896619
8,36,11.910512426244473
8,37,11.639360693268964
8,38,9.977903846983699
8,39,11.060505126582868
8,40,12.245902667937221
8,41,14.067964550116406
8,42,17.787433576136657
8,43,20.328367838521554
8,44,21.229270000475477
8,45,17.92301654474691
8,46,17.02970150645507
8,47,14.765407652121064
8,48,16.22851310851308
8,49,15.267433710852753
8,50,15.026771708804782
8,51,14.921764888964944
8,52,14.596163004056313
8,53,14.939012609011002
8,54,17.721521228551353
8,55,20.04326167546035
8,56,20.126628538473437
8,57,21.161957763267257
8,58,18.93838174300286
8,59,15.643160047080775
8,60,15.47237051137178
8,61,13.172877670187459
8,62,14.26474544915615
8,63,14.208392849703818
8,64,14.182563136966433
8,65,17.274515050145943
8,66,16.148198361435725
8,67,15.449996545192668
8,68,11.983005123914761
8,69,9.763816934695205
8,70,9.597884815513149
8,71,10.14954378595514
8,72,9.845551721307544
8,73,12.374334907262867
8,74,14.61674398258219
8,75,18.062172995410027
8,76,20.606149504436072
8,77,18.473865179839212
8,78,20.806701704458504
8,79,21.25274630067543
8,80,20.591829556051543
8,81,17.190023407205945
8,82,15.942073098946976
8,83,14.30645947227954
8,84,11.370559558494504
8,85,8.563574667732542
8,86,6.180610302375578
8,87,6.39464393186235
8,88,9.075400740309288
8,89,11.130809243461421
8,90,14.807291778041556
8,91,17.11911087421505
8,92,20.666771373472812
8,93,22.171575539425586
8,94,24.557065290475585
8,95,23.3565589785567
8,96,21.083874030774055
8,97,18.23520559971814
8,98,14.892160260611796
8,99,12.109264254966236
8,100,9.427113577144066
8,101,6.002854642566349
8,102,6.260249992921247
8,103,7.216904163186228
8,104,6.874021006703988
8,105,10.260149171424061
8,106,11.941493519513694
8,107,15.51250498655655
8,108,18.010746261168613
8,109,21.120868636329238
8,110,24.463400878182107
8,111,26.46759291292434
9,1,25.094900409739086
9,2,22.4862871902864
9,3,18.96082198743983
9,4,15.605125169325492
9,5,13.136185189532785
9,6,9.933735960572605
9,7,6.503716229749142
9,8,3.81950034848941
9,10,2.9411263397611487
9,11,5.285946386421413
9,12,7.909228802509971
9,13,8.94381530374656
9,14,12.797647536584371
9,15,14.362481700545366
9,16,18.141200738575087
9,17,19.73245912318642
9,18,20.81825799318763
9,19,17.931861508826934
9,20,15.23808066036778
9,21,11.819572089031572
9,22,9.339744599232574
9,23,5.966547235450786
9,24,5.144479061678191
9,25,6.147976802855025
9,26,7.91032732518165
9,27,11.269694851073478
9,28,14.111290322039492
9,29,16.86855440361072
9,30,20.228965224644433
9,31,21.997781494250276
9,32,22.079192431327765
9,33,22.982253435440967
9,34,19.926121795218258
9,35,18.35348023328883
9,36,14.927547644018546
9,37,14.717919206842252
9,38,12.581132891780342
9,39,13.733184324668498
9,40,14.210001940582895
9,41,16.086417264875784
9,42,19.632576316401863
9,43,21.857059839403057
9,44,23.30157360573427
9,45,20.12731877124367
9,46,19.75054326352807
9,47,17.62618353783843
9,48,18.757256334607852
9,49,17.90207140412184
9,50,17.022243582878918
9,51,16.971808393841172
9,52,17.049708541781094
9,53,17.166543979030067
9,54,19.86921179902546
9,55,22.052179539675254
9,56,21.46560477084182
9,57,21.887477887898637
9,58,19.218578606832335
9,59,16.36267238691328
9,60,16.115285228103886
9,61,14.16786249096235
9,62,14.807472722589702
9,63,14.93989576832181
9,64,14.079551113304499
9,65,17.281916901241065
9,66,16.094942148395962
9,67,16.29932452165401
9,68,12.885516552712161
9,69,10.204472870646908
9,70,10.313952744672482
9,71,9.970797248700197
9,72,10.252476301281133
9,73,11.943558700894423
9,74,14.167685904660852
9,75,17.30363176745577
9,76,19.512578379707787
9,77,17.48278436938135
9,78,20.014313573473753
9,79,20.331132377732384
9,80,20.328311287026743
9,81,17.03620721820032
9,82,15.506951094606823
9,83,14.584284973118669
9,84,12.314124698739983
9,85,10.046295324986616
9,86,8.932015836473205
9,87,9.770175511077355
9,88,12.776039806267
9,89,14.710859419411518
9,90,18.40752432137721
9,91,20.60161844433901
9,92,24.08895751261163
9,93,25.461553820823763
9,94,27.99666492503305
9,95,26.98966091190361
9,96,24.770180372540203
9,97,22.00092068804094
9,98,18.70091180771401
9,99,15.885008123138496
9,100,13.18871616251551
9,101,9.640131205607146
9,102,8.88825992642527
9,103,9.202817080787117
9,104,7.257495629138099
9,105,9.763755513760781
9,106,10.93302481988894
9,107,14.011150390118283
9,108,16.395794386149408
9,109,19.08328383220026
9,110,22.549534619541415
9,111,24.25457276112448
10,1,27.90153725463021
10,2,25.18228917072555
10,3,21.73161879106668
10,4,18.27457979999782
10,5,15.79128600737535
10,6,12.75876689706278
10,7,9.238574264527688
10,8,6.353461628768766
10,9,2.9411263397611487
10,11,3.804678322568471
10,12,5.40985773349433
10,13,6.428097289453735
10,14,10.145580482110534
10,15,12.057147599488474
10,16,15.859746753423254
10,17,17.794148242052557
10,18,19.204427025770748
10,19,16.360767105369046
10,20,14.145704770677888
10,21,10.626843557172254
10,22,8.895940675101572
10,23,6.2822394308064515
10,24,6.907895740673794
10,25,8.787206108159141
10,26,10.765591234729001
10,27,14.200603328084583
10,28,16.98950659901859
10,29,19.800331289408252
10,30,23.158903560032527
10,31,24.927022157697394
10,32,24.93057342280669
10,33,25.81587654537319
10,34,22.68788265591658
10,35,20.91157695279201
10,36,17.36292380070277
10,37,16.762339864148323
10,38,14.15020371907461
10,39,14.897414973522293
10,40,14.639321436844543
10,41,16.304681931248652
10,42,19.622462494536123
10,43,21.479545231818015
10,44,23.333552743467013
10,45,20.318145387401565
10,46,20.445447063420822
10,47,18.588022360636284
10,48,19.557386586626453
10,49,19.066303810744355
10,50,17.916874528784383
10,51,18.278158021140552
10,52,18.876203322787518
10,53,19.254792928845962
10,54,21.95800079016546
10,55,23.831166356474885
10,56,22.11720789147174
10,57,22.27129538716877
10,58,19.24278973283633
10,59,16.828464836946093
10,60,16.96876766293981
10,61,15.58894986934302
10,62,16.375207190033986
10,63,16.947911489947174
10,64,15.91362437118543
10,65,19.233707858132096
10,66,18.215021425118607
10,67,18.7955620110806
10,68,15.505531293650414
10,69,12.617446418719194
10,70,12.46093953495017
10,71,11.338760025073428
10,72,11.318763999220335
10,73,12.109471947686636
10,74,13.775698312355924
10,75,16.767797670374406
10,76,18.4708478977211
10,77,16.25406505502555
10,78,18.620273051886425
10,79,18.6032459064187
10,80,18.942668013504996
10,81,15.91260526587875
10,82,14.020474760887497
10,83,13.52011734288151
10,84,11.817590501670798
10,85,10.262771379938116
10,86,10.203844133546658
10,87,11.813180194551817
10,88,15.09921525973192
10,89,17.357004144968045
10,90,20.989790965907808
10,91,23.36107460779209
10,92,26.82647564094073
10,93,28.318140744099125
10,94,30.828555846075368
10,95,29.706744594524814
10,96,27.407425521925752
10,97,24.55480621641145
10,98,21.12336530735204
10,99,18.312184960552994
10,100,15.331357699384096
10,101,11.781375556549795
10,102,10.311119646506056
10,103,9.807654004489057
10,104,6.885626016463207
10,105,8.347314504936463
10,106,9.198741582604296
10,107,11.802676309845346
10,108,14.2463874508271
10,109,16.634283627197174
10,110,20.202801859837614
10,111,21.894620998158054
11,1,27.97695541593845
11,2,24.969017329083478
11,3,21.804105558626762
11,4,18.15028330510964
11,5,15.545811696545746
11,6,13.207148850976647
11,7,9.692966518094831
11,8,7.055267329468399
11,9,5.285946386421413
11,10,3.804678322568471
11,12,3.824483297201543
11,13,6.855220514668587
11,14,10.307678890119165
11,15,13.007021871603023
11,16,16.742842724162834
11,17,18.57972587557113
11,18,20.57536437363109
11,19,18.23190368672032
11,20,16.395744002205873
11,21,12.65124408862276
11,22,11.674586812090437
11,23,8.939615378964465
11,24,9.920621163044288
11,25,10.787654051299244
11,26,12.808384152631497
11,27,15.720926048551021
11,28,18.47162536290757
11,29,21.17607684855249
11,30,24.2852486900359
11,31,26.268043555601455
11,32,26.590796959574032
11,33,27.05775933359205
11,34,23.79175963026157
11,35,22.084630817793485
11,36,18.47720148603441
11,37,17.37058322379919
11,38,14.664217379268894
11,39,14.46018205450413
11,40,13.697562300734134
11,41,14.50219324168039
11,42,17.785349277354623
11,43,19.19694493033158
11,44,20.962986096789276
11,45,17.80715093850663
11,46,18.405143661287493
11,47,17.16874167291388
11,48,18.6375162938122
11,49,18.847688088597078
11,50,18.260683667467813
11,51,19.265198090060558
11,52,20.059468433771894
11,53,20.9793967121241
11,54,23.80020155767862
11,55,25.559672318664838
11,56,23.159126827835202
11,57,23.755919337084258
11,58,20.702391709358306
11,59,18.302797734183386
11,60,19.062649932314102
11,61,17.863444948926052
11,62,19.18968529158705
11,63,19.842264174953126
11,64,19.19814138089751
11,65,22.51073716567497
11,66,21.361707557271657
11,67,21.523319648741214
11,68,18.0293340929484
11,69,15.460275685275352
11,70,15.234461446764428
11,71,14.343866687744619
11,72,13.605579938117419
11,73,14.388252326869083
11,74,15.396807902047726
11,75,18.691734555469967
11,76,20.06336270820744
11,77,17.28245213701925
11,78,18.983710999698637
11,79,18.313079984895275
11,80,18.166683098723254
11,81,15.526384604376938
11,82,12.97103220610264
11,83,11.738814409666553
11,84,9.70420255320364
11,85,9.142028899932964
11,86,9.443940674523065
11,87,11.966637355167576
11,88,15.066636233539358
11,89,17.780726105385522
11,90,21.294485967522338
11,91,23.84725430828777
11,92,27.429387493274753
11,93,29.01618511295249
11,94,31.15547947341717
11,95,29.60766506829828
11,96,27.37095277915441
11,97,24.191730341726018
11,98,20.6409907416516
11,99,17.63764981878461
11,100,14.380247310052924
11,101,10.871292438639648
11,102,8.350810687604357
11,103,7.365185057771969
11,104,4.417988304792718
11,105,5.976494935885808
11,106,8.24237575744441
11,107,10.886253289649762
11,108,14.077573773476754
11,109,16.496986635418356
11,110,20.191190684282596
11,111,22.42173598250153
12,1,31.60086418557221
12,2,28.664601395247253
12,3,25.46110262895918
12,4,21.857305434689447
12,5,19.083124475467663
12,6,16.60720394975936
12,7,13.21380913651161
12,8,10.095053894872544
12,9,7.909228802509971
12,10,5.40985773349433
12,11,3.824483297201543
12,13,3.8093649656200905
12,14,6.658258507507649
12,15,9.72714583980932
12,16,13.322941614092418
12,17,15.360274418819992
12,18,17.71431496037744
12,19,15.631946097545148
12,20,14.457991110967976
12,21,10.841266447002415
12,22,10.995105948881427
12,23,9.3728163837441
12,24,11.524529062084142
12,25,13.213493273029572
12,26,15.712107020335138
12,27,18.865438365757473
12,28,21.812762536072988
12,29,24.427742915315893
12,30,27.679366492752344
12,31,29.42939637024142
12,32,29.433366820357136
12,33,29.868469336765603
12,34,26.47734059131157
12,35,24.382319412354693
12,36,20.642159352784034
12,37,19.132930301873415
12,38,15.928255349379702
12,39,15.486428474842059
12,40,13.909901659922077
12,41,14.689452707069213
12,42,17.453552543459583
12,43,18.47864378609619
12,44,20.85695200966944
12,45,18.16824474668591
12,46,19.252207897753568
12,47,18.153681826518948
12,48,19.086184704417082
12,49,19.56637151023224
12,50,18.48874599792346
12,51,19.877132657813238
12,52,21.304253980986296
12,53,22.492027091080235
12,54,25.261701606472567
12,55,26.565805805929926
12,56,22.79564732870405
12,57,23.022374353221426
12,58,19.634026098892882
12,59,17.863168488392382
12,60,19.0647456019809
12,61,18.59148561740213
12,62,20.12301835920167
12,63,21.3674082679496
12,64,20.717092168020464
12,65,24.229976677405187
12,66,23.496927854348726
12,67,23.983169919069397
12,68,20.719618692090034
12,69,17.737004431684504
12,70,16.99252884961318
12,71,15.274118449249498
12,72,14.150352342945556
12,73,13.90589963972303
12,74,14.126733842676645
12,75,17.115347813373162
12,76,17.82947822629096
12,77,14.876055698117788
12,78,16.281312680459138
12,79,15.256314969601158
12,80,15.577542259844583
12,81,13.318557308383273
12,82,10.472543136265683
12,83,10.130026734341032
12,84,9.361189062029672
12,85,9.64215855290981
12,86,11.262186360144186
12,87,14.161506149753627
12,88,17.597516421799003
12,89,20.566114007452548
12,90,23.944595346488303
12,91,26.75530690647655
12,92,30.202219100476103
12,93,32.04956336698336
12,94,34.3014013946072
12,95,32.70675869020144
12,96,30.234932226000318
12,97,27.127333558222762
12,98,23.442574384390642
12,99,20.72060986827308
12,100,17.23837929343247
12,101,14.011717496422753
12,102,11.561557031534186
12,103,9.560199335805624
12,104,5.880872269837668
12,105,4.7275584057990585
12,106,5.72685876006873
12,107,7.467951186144504
12,108,10.656669030416534
12,109,12.782578369831112
12,110,16.5227700637039
12,111,18.788000995953713
13,1,33.41094935309831
13,2,30.74682095404825
13,3,27.341623666807774
13,4,23.922033421851225
13,5,20.983101017054242
13,6,18.08334432615682
13,7,14.912939586549227
13,8,11.38139202163647
13,9,8.94381530374656
13,10,6.428097289453735
13,11,6.855220514668587
13,12,3.8093649656200905
13,14,3.931391970374558
13,15,6.152246683279071
13,16,9.902219120694385
13,17,11.940009825977809
13,18,14.05090006374707
13,19,11.833775947807615
13,20,10.819390217790069
13,21,7.3836472510341755
13,22,8.299984416022474
13,23,7.949289874436274
13,24,10.935495178837746
13,25,13.410866533024626
13,26,16.293891357034582
13,27,19.6909677755011
13,28,22.86154876401521
13,29,25.30624560978333
13,30,28.774449009932177
13,31,30.13582145609481
13,32,29.671910829729377
13,33,30.217144747141496
13,34,26.799713603184316
13,35,24.346329168202132
13,36,20.587465541501295
13,37,19.025280817804468
13,38,15.57264019579886
13,39,15.552230798045574
13,40,13.858576150866472
13,41,15.324675146219898
13,42,17.76398817853828
13,43,19.02002919103929
13,44,21.744906233723064
13,45,19.48927560298586
13,46,20.376458090424528
13,47,18.853065349180923
13,48,19.033742729118703
13,49,19.17311594153616
13,50,17.39301290876744
13,51,18.647065744802305
13,52,20.435895701725865
13,53,21.569994019409442
13,54,24.193732100080876
13,55,25.150209461802493
13,56,20.76370327934552
13,57,20.47039223641424
13,58,16.89495764880509
13,59,15.601998623324995
13,60,16.822487355897675
13,61,16.89145288605343
13,62,18.39820556053928
13,63,20.14033614519069
13,64,19.505972479661857
13,65,23.151496728822345
13,66,22.951628934953032
13,67,23.730779595333686
13,68,20.84887591417902
13,69,17.4588545796931
13,70,16.17529723282175
13,71,13.71767004720233
13,72,12.474982032312978
13,73,11.349283966114811
13,74,11.221975104440197
13,75,13.805073137541367
13,76,14.292031137572442
13,77,11.564988894402372
13,78,13.334523181889686
13,79,12.771832818797398
13,80,13.752622857712442
13,81,11.31965680071214
13,82,9.133333168804006
13,83,10.076654399381827
13,84,10.295969725053252
13,85,10.123865202677024
13,86,12.215749529552877
13,87,14.771652384999307
13,88,18.478508596380554
13,89,21.37975290029582
13,90,24.65283571358244
13,91,27.576724368309364
13,92,30.80592447043654
13,93,32.84859796090264
13,94,35.39354213076447
13,95,34.00006444637313
13,96,31.276929478115218
13,97,28.448821572582947
13,98,24.739675832145664
13,99,22.397640050430315
13,100,18.914707517935323
13,101,15.906879757860542
13,102,14.136827829187325
13,103,11.892116194012843
13,104,8.100770915047896
13,105,6.354292446975965
13,106,4.726867509272508
13,107,5.854328870501111
13,108,7.979316845512337
13,109,10.21388001000959
13,110,13.809862139639932
13,111,15.720055394171755
14,1,37.326339905055114
14,2,34.63933445990759
14,3,31.258771884555692
14,4,27.818297601646147
14,5,24.86581390144516
14,6,22.007113689731074
14,7,18.83306628124519
14,8,15.308438249691822
14,9,12.797647536584371
14,10,10.145580482110534
14,11,10.307678890119165
14,12,6.658258507507649
14,13,3.931391970374558
14,15,3.7879056399670064
14,16,6.892466924227945
14,17,9.54419970033774
14,18,12.252687659466332
14,19,10.574426127182955
14,20,10.898312627067824
14,21,8.380925316523808
14,22,10.576253819685519
14,23,11.299901581214295
14,24,14.496589404876143
14,25,17.200891173446454
14,26,20.109444697347985
14,27,23.55971376224919
14,28,26.724902919915436
14,29,29.170714047012275
14,30,32.66764397944496
14,31,33.95727208161689
14,32,33.359665067774195
14,33,33.89646531683518
14,34,30.44802032051864
14,35,27.82711948951419
14,36,24.069403339144817
14,37,22.295818874075703
14,38,18.679522035344977
14,39,18.411117091002172
14,40,16.185454695614954
14,41,17.37681062522642
14,42,19.18878403456539
14,43,19.90313530621313
14,44,23.060289840959914
14,45,21.277294951163498
14,46,22.610157208922516
14,47,21.37083567070478
14,48,21.213703309836035
14,49,21.647196991002847
14,50,19.607437274260167
14,51,21.150077723708918
14,52,23.351553682201946
14,53,24.642108460826467
14,54,27.154266906013287
14,55,27.740963567085437
14,56,22.261766593802864
14,57,21.577526676750214
14,58,17.812946276658312
14,59,17.333184598031437
14,60,18.887550273831252
14,61,19.57889068886391
14,62,21.1190409209653
14,63,23.18994675350816
14,64,22.48667501284116
14,65,26.120449404053495
14,66,26.142558767142603
14,67,27.18004999780941
14,68,24.459576628569963
14,69,20.969881987882122
14,70,19.534771935580892
14,71,16.698253334618915
14,72,15.349225724856616
14,73,13.418195153311133
14,74,12.41789178944246
14,75,14.235860988697333
14,76,13.667008581436939
14,77,10.957779582988623
14,78,12.100124907828022
14,79,10.945324656087637
14,80,12.7705697103676
14,81,11.240952659749079
14,82,8.99479104231903
14,83,11.0367932478961
14,84,12.418355441547895
14,85,13.022073663061908
14,86,15.65454760219229
14,87,18.366243129944177
14,88,22.096903447774622
14,89,25.101924700392434
14,90,28.26342355528782
14,91,31.295553949090348
14,92,34.441051240892385
14,93,36.60374185359409
14,94,39.167921253931524
14,95,37.71997829492325
14,96,34.903057781556726
14,97,32.09066820792029
14,98,28.3342586464545
14,99,26.100903224825277
14,100,22.529697916479307
14,101,19.651340335805504
14,102,17.710640405299397
14,103,15.159688870670278
14,104,11.419098000995415
14,105,8.717441143862217
14,106,6.243614990248745
14,107,4.602495908152526
14,108,5.640532060305062
14,109,6.708178632013495
14,110,10.394957646507656
14,111,12.237404666497461
15,1,38.63268676680992
15,2,36.21733027810023
15,3,32.70228617419853
15,4,29.467951017914707
15,5,26.392092883913122
15,6,23.284564746485856
15,7,20.40977644284197
15,8,16.734649422522487
15,9,14.362481700545366
15,10,12.057147599488474
15,11,13.007021871603023
15,12,9.72714583980932
15,13,6.152246683279071
15,14,3.7879056399670064
15,16,3.8132731207609245
15,17,6.330901702093623
15,18,8.584102677928735
15,19,6.832511394711704
15,20,7.732308807039902
15,21,6.235384714540641
15,22,9.347462741701694
15,23,11.274806131073486
15,24,14.7478591815372
15,25,17.756386880144213
15,26,20.860161979263747
15,27,24.33154434957186
15,28,27.635586066327072
15,29,29.836099539400006
15,30,33.450907361498224
15,31,34.35865898920144
15,32,33.350120750921036
15,33,33.92912971866403
15,34,30.50912289416863
15,35,27.623002490054997
15,36,23.967543006535163
15,37,22.194340493141766
15,38,18.553763062108054
15,39,18.66471917408897
15,40,16.53680181589791
15,41,18.285704100003073
15,42,19.799575159325514
15,43,20.811378717882686
15,44,24.077856935293017
15,45,22.66042006727963
15,46,23.677837077618094
15,47,22.059567393549084
15,48,21.2622261205093
15,49,21.329209545043263
15,50,18.741346441440683
15,51,20.074835646761077
15,52,22.527002193379083
15,53,23.750339455817663
15,54,26.040317709772502
15,55,26.254030108295908
15,56,20.313277024092134
15,57,19.10155423020428
15,58,15.295489505196876
15,59,15.43621710840435
15,60,16.967208296160095
15,61,18.22563747592058
15,62,19.72777207873943
15,63,22.22199705825204
15,64,21.664983296188765
15,65,25.304594725777726
15,66,25.85631983172074
15,67,27.03264428759397
15,68,24.726870191638117
15,69,21.032189495467097
15,70,19.137045546772264
15,71,15.832638796432587
15,72,14.391327289669677
15,73,11.694159978030147
15,74,10.210836570089999
15,75,11.227119671807726
15,76,10.226994769570203
15,77,8.011962557415332
15,78,9.60905202627021
15,79,9.346416817282666
15,80,11.87461860488987
15,81,10.247812403374155
15,82,9.280382516856527
15,83,12.150690802573637
15,84,13.971026817028136
15,85,14.062164578536164
15,86,16.769077898164014
15,87,19.057175621212917
15,88,22.83275137375915
15,89,25.69946139630122
15,90,28.6772216026743
15,91,31.75800183474954
15,92,34.65146637271009
15,93,36.9757222917612
15,94,39.76102239373898
15,95,38.496298507308474
15,96,35.48350592159221
15,97,32.95953974251187
15,98,29.246097275633844
15,99,27.382638671881697
15,100,23.890771908559827
15,101,21.26669804687872
15,102,19.886492940713037
15,103,17.275655464330434
15,104,13.646786972164815
15,105,11.135886635314899
15,106,7.796182836671725
15,107,6.199873314764675
15,108,4.751071017043279
15,109,5.822846107286826
15,110,8.719950936367091
15,111,9.899699082569223
16,1,42.22247466432408
16,2,39.88206260933366
16,3,36.35651295239224
16,4,33.177076299592926
16,5,30.036502180068705
16,6,26.921768772099284
16,7,24.148441385481764
16,8,20.442929647546308
16,9,18.141200738575087
16,10,15.859746753423254
16,11,16.742842724162834
16,12,13.322941614092418
16,13,9.902219120694385
16,14,6.892466924227945
16,15,3.8132731207609245
16,17,3.800454329128234
16,18,6.401568287151727
16,19,5.989765248459914
16,20,8.633144246174187
