1,2,3.8142625952760136
1,3,6.730074818199534
1,4,10.145414886722632
1,5,13.54423918216212
1,6,17.177159798852017
1,7,19.774472671332106
1,8,22.507607492285736
1,9,21.845194694239247
1,10,25.55525279891266
1,11,28.24006262414884
1,12,32.00411406512636
1,13,33.086930338921206
1,14,36.63289300312053
1,15,37.74724890876879
1,16,38.552490266138115
1,17,36.3055167523755
1,18,32.99483206050642
1,19,29.52898448213665
1,20,26.317708476789925
1,21,22.8994996224074
1,22,20.039452655187045
1,23,16.26207018035495
1,24,14.33140725472941
1,25,10.904551178907234
1,26,11.073082755541826
1,27,7.587819022869948
1,28,8.189569299293508
1,29,8.39425561979926
1,30,10.106798790735056
1,31,10.199637205250461
1,32,13.433268781967712
1,33,14.17469123257973
1,34,15.174387579630885
1,35,17.084038384994926
1,36,19.45193027485336
1,37,21.310847852462725
1,38,24.09004774358561
1,39,24.423437205181234
1,40,32.95877523501347
1,41,29.187033109561014
1,42,27.689034403681433
1,43,24.042503580030598
1,44,22.964254704416955
1,45,19.49113668012028
1,46,18.293056948328424
1,47,15.352009378198893
1,48,13.274647341076095
1,49,16.220481197359597
1,50,18.206910780036935
1,51,21.52963831597843
1,52,23.514151064058805
1,53,27.272492981241516
1,54,29.63297211654225
1,55,33.238229031867334
1,56,36.25464890614492
1,57,34.64488736325097
1,58,36.610736690090555
1,59,37.6067364569721
1,60,37.446763477660824
1,61,34.80094365829269
1,62,31.9558810099183
1,63,31.02119626898765
1,64,28.218441470925548
1,65,24.441728206345225
1,66,22.06471070208322
1,67,18.479084151767232
1,68,16.15574136340176
1,69,13.33373725815635
1,70,10.449949545561287
1,71,9.800131537359302
1,72,8.06437252331098
1,73,8.205465235214394
1,74,4.759117907830784
1,75,5.333317637753572
1,76,7.320168692676987
1,77,8.399326655742936
1,78,12.036641112673491
1,79,14.627168062916187
1,80,18.338040433001016
1,81,21.172896690337566
1,82,24.81283054448574
1,83,27.71651828210562
1,84,31.26518004578062
1,85,34.23051303334817
1,86,37.817703081669045
2,1,3.8142625952760136
2,3,3.7920054595119406
2,4,6.639636002954743
2,5,10.208462733648359
2,6,13.72504989039691
2,7,16.239248005190113
2,8,19.094154624664363
2,9,18.678288992058494
2,10,22.377498670250795
2,11,24.852490678727023
2,12,28.64930351603818
2,13,29.56793878585772
2,14,33.111395595852244
2,15,34.24394255702126
2,16,34.95742808788682
2,17,32.622971747211984
2,18,29.308307712449945
2,19,25.859709672639937
2,20,22.58006170160401
2,21,19.22240509736921
2,22,16.26640576460094
2,23,12.503649997529516
2,24,10.557489784966814
2,25,7.248939069233259
2,26,8.155622211049979
2,27,5.308577606627762
2,28,7.2074772804185505
2,29,7.666982311354824
2,30,7.878441724135347
2,31,7.299171524357208
2,32,10.896348036781614
2,33,11.669199230649339
2,34,12.132196443450246
2,35,14.272623397274524
2,36,16.458819386183425
2,37,18.64028532368973
2,38,21.402268740343622
2,39,22.079990257527157
2,40,29.576067100474397
2,41,25.825787452134097
2,42,24.227518780565926
2,43,20.57332052894259
2,44,19.43386503177381
2,45,16.0803760848549
2,46,14.993048639022572
2,47,12.303811992944267
2,48,9.809063896062886
2,49,12.513576146341086
2,50,14.512770287930017
2,51,17.78750577226279
2,52,19.897492125106524
2,53,23.621795420650088
2,54,26.091343586230142
2,55,29.650422815831746
2,56,32.706122653465656
2,57,31.18085797854819
2,58,33.31213598003966
2,59,34.389672281224456
2,60,34.44373650426487
2,61,31.834743910740496
2,62,28.817584101005412
2,63,27.968482609536995
2,64,25.392419320297297
2,65,21.664603773385195
2,66,19.0946654805951
2,67,15.635169698482072
2,68,12.983157471623935
2,69,10.505574485936334
2,70,7.329669142622904
2,71,7.705204875134321
2,72,6.732346190219341
2,73,8.589242831199288
2,74,6.4801739435338765
2,75,6.027394550550744
2,76,6.03908037319421
2,77,6.24817408404901
2,78,9.512288123808315
2,79,11.770204600052464
2,80,15.56632625438986
2,81,18.063739712741363
2,82,21.799717223636303
2,83,24.49142849468618
2,84,28.095613278998936
2,85,30.928624374779503
2,86,34.50746794230696
3,1,6.730074818199534
3,2,3.7920054595119406
3,4,3.7882186459439073
3,5,6.834987527661145
3,6,10.532675296774828
3,7,13.173587580779742
3,8,15.79805667071744
3,9,15.252480396976093
3,10,19.01574545112441
3,11,21.69108093269699
3,12,25.447274716024886
3,13,26.654637273821137
3,14,30.283144134328776
3,15,31.66780629885559
3,16,32.66272113930815
3,17,30.278823859874176
3,18,27.166917279748787
3,19,23.559496406765117
3,20,20.4098504036226
3,21,16.89120421474687
3,22,14.095806392191196
3,23,10.320447093751335
3,24,8.715256024753684
3,25,6.055051279195847
3,26,7.674133972261871
3,27,6.39874706055742
3,28,9.615766208069427
3,29,10.761136018524995
3,30,10.101088972426343
3,31,9.051942501037678
3,32,12.727494923057337
3,33,13.162387146320658
3,34,12.511451347610231
3,35,14.226783678612042
3,36,15.582932568294426
3,37,17.529317276151133
3,38,19.789612840192696
3,39,20.232811629920494
3,40,28.36229459625598
3,41,24.730346698545226
3,42,23.37220952236099
3,43,19.893634292793394
3,44,18.994851729880157
3,45,16.100562652205873
3,46,15.404123822080862
3,47,13.262368236124216
3,48,9.984929774024545
3,49,11.791386766575643
3,50,13.656107304411105
3,51,16.412019411431427
3,52,18.43531501255507
3,53,22.040666204123834
3,54,24.338820272340623
3,55,27.925416767008045
3,56,30.76137565605947
3,57,28.96691219772392
3,58,31.076776158951056
3,59,31.85090373569896
3,60,32.05450444067219
3,61,29.72379507821445
3,62,26.619231855906865
3,63,25.400360373569985
3,64,22.821563509926115
3,65,19.10019317189902
3,66,16.882663646697495
3,67,13.732610732062161
3,68,11.47204188461922
3,69,9.975616667728321
3,70,7.548260451927711
3,71,9.522817443358878
3,72,9.76119500475496
3,73,12.188580077637287
3,74,10.169101138253941
3,75,8.956090491726645
3,76,7.61944968284503
3,77,5.671007005188376
3,78,7.7486324115180665
3,79,8.997194218347996
3,80,12.750616446034185
3,81,15.089866726499052
3,82,18.759318919461357
3,83,21.601928846420414
3,84,25.075973704566866
3,85,28.06693910043062
3,86,31.5492340895688
4,1,10.145414886722632
4,2,6.639636002954743
4,3,3.7882186459439073
4,5,3.7891873645059637
4,6,7.104236882598682
4,7,9.9228875812336
4,8,12.526618339550916
4,9,12.138973937629856
4,10,15.824072923617667
4,11,18.234948350778524
4,12,22.03137831303512
4,13,23.031378189267993
4,14,26.63284053404121
4,15,27.975543157044456
4,16,28.902351912231246
4,17,26.49731062448327
4,18,23.380760873854708
4,19,19.77527404348203
4,20,16.628756780627803
4,21,13.104294346102595
4,22,10.361474943674477
4,23,6.599953797839982
4,24,5.711265903833319
4,25,4.643232499557308
4,26,7.776102262550653
4,27,8.101636825117213
4,28,11.50944579314653
4,29,12.457316686822347
4,30,10.614673976125257
4,31,8.705503048971288
4,32,11.944908274054171
4,33,11.993417578192437
4,34,10.388591518362341
4,35,11.924370172579179
4,36,12.723069415496097
4,37,14.86713285367078
4,38,16.961962943905306
4,39,17.771374346688443
4,40,24.85486112867601
4,41,21.294230317228262
4,42,19.979868513324973
4,43,16.625466629876833
4,44,15.90839408795951
4,45,13.423277829772152
4,46,13.256242035690722
4,47,11.928579353087297
4,48,8.404529949409824
4,49,9.069916888249697
4,50,10.464607617158942
4,51,12.86245481019149
4,52,14.820756036297286
4,53,18.357243136179015
4,54,20.65358305599403
4,55,24.21155770936566
4,56,27.033575729105753
4,57,25.279812348120814
4,58,27.50718364088543
4,59,28.362988973579316
4,60,28.74544510788043
4,61,26.451383562268173
4,62,23.20424503847147
4,63,22.08996572055119
4,64,19.772813017913972
4,65,16.16266748404248
4,66,13.75678191410564
4,67,10.905023240108664
4,68,8.44302193821867
4,69,7.9447765428283645
4,70,6.181693628605366
4,71,9.390637846298025
4,72,10.686251900665964
4,73,13.887352009523296
4,74,12.737129168452762
4,75,11.062407613152045
4,76,8.587567311264172
4,77,5.921168696068315
4,78,6.174513700412786
4,79,6.392999510234168
4,80,10.026652125546105
4,81,11.854363010541592
4,82,15.611459800674089
4,83,18.182008056596967
4,84,21.728315447829363
4,85,24.56288582035151
4,86,28.060547459774646
5,1,13.54423918216212
5,2,10.208462733648359
5,3,6.834987527661145
5,4,3.7891873645059637
5,6,3.7903056693623034
5,7,6.594137750744903
5,8,8.96508555432427
5,9,8.770803740967173
5,10,12.544860249058786
5,11,15.052896323966424
5,12,18.79951250409484
5,13,20.079500760908992
5,14,23.7855769940943
5,15,25.48356192498039
5,16,26.665698003153082
5,17,24.126541886344945
5,18,21.309423869372786
5,19,17.590415492786054
5,20,14.61560898258883
5,21,11.097966739649415
5,22,8.641813297123182
5,23,5.525129804877906
5,24,5.541127641741907
5,25,6.414836749446233
5,26,9.203460409842272
5,27,10.708946821612505
5,28,14.374480165403376
5,29,15.695675336734306
5,30,13.566513622158864
5,31,11.820815880918754
5,32,14.75671947284733
5,33,14.763366981213812
5,34,12.489237326968315
5,35,13.594199917473095
5,36,13.392916206335283
5,37,15.25893014251485
5,38,16.615278655574787
5,39,17.301123135446865
5,40,24.075259992016367
5,41,20.783255936772246
5,42,19.669504950088793
5,43,16.684008179192304
5,44,16.138559588016967
5,45,14.413028826134855
5,46,14.539714857514173
5,47,13.842622128890898
5,48,10.171201955391156
5,49,9.643320280473185
5,50,10.757669660256147
5,51,12.154738438320488
5,52,14.027661562028232
5,53,17.164316291056007
5,54,19.290512442175817
5,55,22.726023147618903
5,56,25.280245393065435
5,57,23.318012627768105
5,58,25.61767602962962
5,59,26.15198954303056
5,60,26.85824779183153
5,61,24.958920743393016
5,62,21.570134111612525
5,63,20.07604742508584
5,64,17.991195731886556
5,65,14.593604677384194
5,66,12.702652667932167
5,67,10.735313742411625
5,68,8.994962473308776
5,69,10.01069707586281
5,70,9.251982616072029
5,71,12.818158791280386
5,72,14.360581857919449
5,73,17.644805203535565
5,74,16.47352254610517
5,75,14.771196362794612
5,76,12.122043337704383
5,77,8.98646947782883
5,78,7.805094336858572
5,79,5.916175347255338
5,80,8.651054245531032
5,81,9.563842531662093
5,82,13.121371209281422
5,83,15.651593744686835
5,84,18.98460849784914
5,85,21.900066891262433
5,86,25.223307917598163
6,1,17.177159798852017
6,2,13.72504989039691
6,3,10.532675296774828
6,4,7.104236882598682
6,5,3.7903056693623034
6,7,3.803075357741587
6,8,5.474605641358173
6,9,5.619462251646431
6,10,9.177740120208954
6,11,11.357111198492262
6,12,15.128577528363616
6,13,16.304157431553772
6,14,20.020252530077556
6,15,21.80657414787583
6,16,23.052092800575142
6,17,20.478819907865123
6,18,17.818724478005926
6,19,14.0661868958811
6,20,11.303260293669698
6,21,7.85352707964914
6,22,6.0901145935116086
6,23,4.558345549876036
6,24,6.4642701869634696
6,25,8.999521333313266
6,26,11.896692047119723
6,27,13.98441254893111
6,28,17.534143310399436
6,29,18.713459291895205
6,30,16.105322723765003
6,31,14.045233681232638
6,32,16.356500102169488
6,33,16.022466680711016
6,34,13.097632812770293
6,35,13.67696720546935
6,36,12.54230666802542
6,37,14.229231030865764
6,38,14.966743240654408
6,39,15.896462257744819
6,40,21.395074165607607
6,41,18.386714738887143
6,42,17.51576667090482
6,43,15.00957477944308
6,44,14.856415282385969
6,45,14.020185274360557
6,46,14.789591105072331
6,47,15.02745531537227
6,48,11.674519690895266
6,49,9.853600800812723
6,50,10.018103152404136
6,51,10.192878911342987
6,52,11.665539848635987
6,53,14.34708467644895
6,54,16.255880341788828
6,55,19.557596675091936
6,56,21.91729239218305
6,57,19.885340761987305
6,58,22.287351956641597
6,59,22.75125949006263
6,60,23.74583661942279
6,61,22.0713675696817
6,62,18.545302596057425
6,63,17.00436256435489
6,64,15.359819214534815
6,65,12.35165300334811
6,66,10.677168052862092
6,67,9.793119069456154
6,68,8.64817955251868
6,69,10.981590864569206
6,70,11.18570188547123
6,71,14.971740293040034
6,72,17.010609315925024
6,73,20.540832713543182
6,74,19.776504350453045
6,75,17.855421743737832
6,76,14.816210975880233
6,77,11.64921094364652
6,78,9.425318330623783
6,79,6.423453093407184
6,80,7.524826462147228
6,81,6.9121056121648845
6,82,10.211721885900445
6,83,12.294510165595485
6,84,15.565982132521214
6,85,18.329500315445987
6,86,21.59233447066144
7,1,19.774472671332106
7,2,16.239248005190113
7,3,13.173587580779742
7,4,9.9228875812336
7,5,6.594137750744903
7,6,3.803075357741587
7,8,3.8119665790237933
7,9,6.445715958164296
7,10,9.222745916377228
7,11,10.551179433888343
7,12,14.08981460526339
7,13,15.091186445512557
7,14,18.837331273933863
7,15,21.01877193581319
7,16,22.10111138506361
7,17,19.110765477634548
7,18,16.739099696481436
7,19,13.180794904464983
7,20,10.317235641498742
7,21,7.8046447700107136
7,22,5.928390934098817
7,23,6.121936149412666
7,24,7.219195077301521
7,25,10.297431207080086
7,26,12.454699435753595
7,27,15.331259228032135
7,28,18.782308171468216
7,29,20.220080875564474
7,30,17.3773056425608
7,31,15.818211351935854
7,32,17.89078474898617
7,33,18.078524043644162
7,34,15.264040283404178
7,35,16.22609798359874
7,36,15.023854195104692
7,37,16.96992576856682
7,38,17.487023334926818
7,39,18.717097295031472
7,40,21.644309916633066
7,41,18.962443675134036
7,42,17.75839971468992
7,43,15.5282108807422
7,44,14.890988567942056
7,45,14.618300259174621
7,46,15.042946135141007
7,47,15.557418763061392
7,48,12.420108774097267
7,49,10.119673165070596
7,50,10.637633354917313
7,51,10.136205334402872
7,52,12.108802079009342
7,53,14.091930192875829
7,54,16.277957177781357
7,55,19.10657731702026
7,56,21.422668917542268
7,57,19.679483699154424
7,58,22.466534734915815
7,59,22.906111900680116
7,60,24.48076077092602
7,61,23.15274505213494
7,62,19.454243511411306
7,63,17.98947695279624
7,64,17.05424273449353
7,65,14.624188510935529
7,66,13.168693929029782
7,67,12.964490726566368
7,68,11.692947130567106
7,69,14.164000479681375
7,70,14.026217630468505
7,71,17.724245626963572
7,72,19.425707642279615
7,73,22.973741445246617
7,74,22.36236284186722
7,75,20.859471352932474
7,76,18.02316872287623
7,77,15.094182078740996
7,78,13.132823551069523
7,79,10.214654158203961
7,80,10.856256395211272
7,81,9.180107369618282
7,82,11.689466146629561
7,83,12.909664344903925
7,84,15.753791610959581
7,85,18.103613938625557
7,86,21.009007147999657
8,1,22.507607492285736
8,2,19.094154624664363
8,3,15.79805667071744
8,4,12.526618339550916
8,5,8.96508555432427
8,6,5.474605641358173
8,7,3.8119665790237933
8,9,3.8078712151388134
8,10,5.636350022743776
8,11,7.074030206158568
8,12,10.534003639353179
8,13,12.05543950682052
8,14,15.851550280507107
8,15,18.283303370211858
8,16,19.859044485053012
8,17,17.078236048967472
8,18,15.183633503750716
8,19,11.607218003773566
8,20,9.7067111197381
8,21,7.506322148490749
8,22,7.55404572167785
8,23,8.669779459052874
8,24,10.705930813272769
8,25,13.77136284630732
8,26,16.11892245841698
8,27,18.786179023649154
8,28,22.32773429893751
8,29,23.692744212752846
8,30,20.885113965341965
8,31,19.0060019496185
8,32,20.943767340386714
8,33,20.627042122863667
8,34,17.427565135010116
8,35,17.63739464784126
8,36,15.66245632830402
8,37,16.873427502426715
8,38,16.54541457222579
8,39,17.413311904457647
8,40,20.934008841615412
8,41,18.67266677408687
8,42,18.15716575453703
8,43,16.58039928733156
8,44,16.687512663829377
8,45,17.00208331622326
8,46,18.033309321920807
8,47,18.938330999529306
8,48,15.910574833578867
8,49,13.340364129443437
8,50,13.034270189204948
8,51,11.643034319206533
8,52,12.558746343581735
8,53,13.901999806187515
8,54,15.277158055205023
8,55,17.950909555830112
8,56,19.687691564243554
8,57,17.50157318495587
8,58,20.025100502850545
8,59,19.989331418821607
8,60,21.678213993814406
8,61,20.787557739482256
8,62,17.200152623630764
8,63,15.267627516517623
8,64,14.559514770357291
8,65,12.64407524187456
8,66,12.084485813139967
8,67,12.870630898756842
8,68,12.68871602568963
8,69,15.747395493842856
8,70,16.402251266488584
8,71,20.194355472441114
8,72,22.314432220106013
8,73,25.90507856149285
8,74,25.217860647619084
8,75,23.324486600966008
8,76,20.220604300693335
8,77,16.989936221651828
8,78,14.372733576888248
8,79,10.877781564223511
8,80,10.187801378130747
8,81,7.540296142227504
8,82,8.978005624005448
8,83,9.977990430835487
8,84,12.386535239482356
8,85,14.893883196419235
8,86,17.64299146999154
9,1,21.845194694239247
9,2,18.678288992058494
9,3,15.252480396976093
9,4,12.138973937629856
9,5,8.770803740967173
9,6,5.619462251646431
9,7,6.445715958164296
9,8,3.8078712151388134
9,10,3.826645458511841
9,11,6.969423057670929
9,12,10.45423598293479
9,13,12.51466158860756
9,14,16.195989717777564
9,15,18.330947142848427
9,16,20.339672802395363
9,17,18.118762273668242
9,18,16.213682969579217
9,19,12.531035472102337
9,20,11.175281040852772
9,21,8.342420626196796
9,22,9.056305584040794
9,23,9.410643654748378
9,24,11.974966612302415
9,25,14.599521950976845
9,26,17.35407009279263
9,27,19.40577889047825
9,28,23.035967876370204
9,29,24.228874087341918
9,30,21.679727771285904
9,31,19.41265153681143
9,32,21.49040946636716
9,33,20.622050018616253
9,34,17.26551228598543
9,35,16.81672815951384
9,36,14.529710741474643
9,37,14.990698082618202
9,38,14.268539585917443
9,39,14.473591024249743
9,40,21.047953034069184
9,41,18.71295167963401
9,42,18.810750672282786
9,43,17.285815177892115
9,44,18.028762494786815
9,45,18.102681066960294
9,46,19.530969587745595
9,47,20.309771459889618
9,48,17.15218947359603
9,49,14.874782244039345
9,50,14.16200319918568
9,51,12.999513582684518
9,52,13.140136189855667
9,53,14.790580150032527
9,54,15.51838469050445
9,55,18.53033203708966
9,56,19.996330730399357
9,57,17.29380833257699
9,58,19.224990929737533
9,59,18.882858804736422
9,60,20.003431280137608
9,61,19.049649410745417
9,62,15.73302250410785
9,63,13.319996795287983
9,64,11.879408055915276
9,65,9.640409467390901
9,66,9.723246823509342
9,67,10.636166053097714
9,68,11.412131005355315
9,69,14.537604888564713
9,70,15.807988241691813
9,71,19.575625500232647
9,72,22.04787591031509
9,73,25.554176928910504
9,74,24.656950671178496
9,75,22.316260412549195
9,76,19.042387588734588
9,77,15.5540033338216
9,78,12.49779503809922
9,79,8.733178595654714
9,80,7.1717548485095906
9,81,4.646855880176708
9,82,6.026126630575205
9,83,8.25064895494842
9,84,10.850327548242612
9,85,14.024226298435185
9,86,17.032465433637487
10,1,25.55525279891266
10,2,22.377498670250795
10,3,19.01574545112441
10,4,15.824072923617667
10,5,12.544860249058786
10,6,9.177740120208954
10,7,9.222745916377228
10,8,5.636350022743776
10,9,3.826645458511841
10,11,3.8053626825855336
10,12,6.835579794377278
10,13,9.3419415026977
10,14,12.871413685338752
10,15,15.190713418779204
10,16,17.604518616484324
10,17,15.655032041197732
10,18,14.367201042482954
10,19,11.032997984619278
10,20,10.86111915564468
10,21,9.044363295066747
10,22,11.019181502876366
10,23,12.359755867685301
10,24,15.240968987199105
10,25,18.158756392684317
10,26,20.942384132534254
10,27,23.122959022904055
10,28,26.70604395764917
10,29,27.811988844975634
10,30,25.10185657844247
10,31,22.68931935802271
10,32,24.435657425235856
10,33,23.325202161516486
10,34,19.75463659046835
10,35,18.864314479141886
10,36,16.01755139364906
10,37,15.954988916874454
10,38,14.39553534459408
10,39,14.504632591481405
10,40,20.038734354340036
10,41,18.31489733081092
10,42,18.954900089611503
10,43,18.180348411142358
10,44,19.387326238343235
10,45,20.12700278383066
10,46,21.944664589620505
10,47,23.19560132718983
10,48,20.29691511328336
10,49,17.617350544209863
10,50,16.37572238346717
10,51,14.421495741838099
10,52,13.808584532258648
10,53,14.543356665058498
10,54,14.473597604567018
10,55,17.03428583581424
10,56,17.843272029955436
10,57,14.853781523961205
10,58,16.53907812103518
10,59,15.736498623588401
10,60,17.152920764048712
10,61,16.772816700497604
10,62,13.610177393004616
10,63,10.839226710877027
10,64,10.153895431031303
10,65,9.139716739519045
10,66,10.230311555578604
10,67,12.328279636207519
10,68,13.757566035916067
10,69,17.233839358365895
10,70,18.952465970436812
10,71,22.672592020927368
10,72,25.375683472829465
10,73,28.948486405902283
10,74,28.22296785799194
10,75,25.73469226923786
10,76,22.316519845692685
10,77,18.8872489700689
10,78,15.557592479504534
10,79,11.841518026153949
10,80,9.346531655197882
10,81,5.974673654252684
10,82,4.744384429891084
10,83,5.702256593850295
10,84,7.4085748617314415
10,85,10.590982987729134
10,86,13.363049112123901
11,1,28.24006262414884
11,2,24.852490678727023
11,3,21.69108093269699
11,4,18.234948350778524
11,5,15.052896323966424
11,6,11.357111198492262
11,7,10.551179433888343
11,8,7.074030206158568
11,9,6.969423057670929
11,10,3.8053626825855336
11,12,3.8185761799745386
11,13,5.62286922125159
11,14,9.291686374107599
11,15,11.806944596654438
11,16,14.107280183901647
11,17,12.006734906864516
11,18,11.110245005972791
11,19,8.18033460252635
11,20,8.925350247162923
11,21,8.505815210806745
11,22,11.242104465813059
11,23,13.608428816307095
11,24,16.62623130679887
11,25,19.96532085774707
11,26,22.73837767037145
11,27,25.22000519354497
11,28,28.649042774523693
11,29,29.63603080692414
11,30,26.613048442364036
11,31,24.16800639875865
11,32,25.45146002556959
11,33,24.345928671241705
11,34,20.68864420523245
11,35,19.773623167648058
11,36,16.70934291271022
11,37,16.793512255439527
11,38,15.042893479818936
11,39,15.781764445282368
11,40,17.85563457309369
11,41,16.681423616109917
11,42,17.41529257344625
11,43,17.288227165105706
11,44,18.625013265818584
11,45,20.063131215664722
11,46,22.103894702862508
11,47,23.88580948831278
11,48,21.389735771914875
11,49,18.245498716654748
11,50,16.606283147808817
11,51,13.915183149679116
11,52,12.941778124896247
11,53,12.686218726106697
11,54,12.28692350139829
11,55,14.244824665686995
11,56,14.756739769314374
11,57,11.959417343700581
11,58,14.007426311012003
11,59,13.35759180486038
11,60,15.458943718033332
11,61,15.368841579459007
11,62,12.079409964374962
11,63,9.830472036621682
11,64,10.507748401762733
11,65,10.541623615162115
11,66,11.389994335655455
11,67,14.054501797474312
11,68,15.280590916276369
11,69,18.982000997230433
11,70,20.77805315336417
11,71,24.44368522952126
11,72,27.213344094919673
11,73,30.912487760255647
11,74,30.568430941127186
11,75,28.158107905043146
11,76,24.65397300071102
11,77,21.465939239996718
11,78,18.115569695588427
11,79,14.57903537420401
11,80,12.086867176828074
11,81,8.32512967109755
11,82,6.612828772227853
11,83,4.99562394435843
11,84,5.883563052909068
11,85,7.968163643905033
11,86,10.575146356778529
12,1,32.00411406512636
12,2,28.64930351603818
12,3,25.447274716024886
12,4,22.03137831303512
12,5,18.79951250409484
12,6,15.128577528363616
12,7,14.08981460526339
12,8,10.534003639353179
12,9,10.45423598293479
12,10,6.835579794377278
12,11,3.8185761799745386
12,13,3.8151407672502993
12,14,6.678394662635604
12,15,9.772414910032195
12,16,12.647167134266901
12,17,11.004479390554456
12,18,11.34832687395336
12,19,9.51267737002831
12,20,11.391967307153159
12,21,11.849547748524422
12,22,14.805226051448097
12,23,17.37668075689337
12,24,20.359848250172504
12,25,23.737982283616937
12,26,26.424232887252938
12,27,28.986289999566285
12,28,32.42277011963494
12,29,33.43191610644569
12,30,30.37254652440437
12,31,27.929312069391198
12,32,29.091581829891922
12,33,27.913149826264085
12,34,24.21512454665972
12,35,23.1034775100169
12,36,19.83935121229035
12,37,19.57106210826893
12,38,17.331970673639088
12,39,17.85701295998122
12,40,18.821481095229323
12,41,18.385488352660857
12,42,19.51380866673708
12,43,19.989530649069078
12,44,21.521451534077425
12,45,23.329083607949165
12,46,25.479870529663987
12,47,27.450336228596367
12,48,25.072981313690736
12,49,21.824408883047116
12,50,20.064093012525362
12,51,17.089539201440196
12,52,15.787993650070366
12,53,14.780931089304781
12,54,13.680242949781414
12,55,14.793174408017592
12,56,14.351698685508953
12,57,11.46391738875294
12,58,13.043562111047198
12,59,11.649095146694336
12,60,14.265954033202242
12,61,15.097762035285022
12,62,12.35298901937202
12,63,10.0139153051315
12,64,11.62736178685534
12,65,12.751696997475328
12,66,14.232044810301245
12,67,17.29080259762108
12,68,18.820348090168544
12,69,22.56825354557662
12,70,24.517401716275952
12,71,28.14622117871018
12,72,30.9824993480396
12,73,34.6873311809098
12,74,34.36111183990311
12,75,31.892782815287724
12,76,28.35437381493454
12,77,25.15034734787203
12,78,21.714879647586052
12,79,18.17776005223133
12,80,15.40156025524264
12,81,11.714266050107081
12,82,9.164267678433934
12,83,6.74318060450544
12,84,5.16231072219681
12,85,6.046513426830017
12,86,7.502732536315693
13,1,33.086930338921206
13,2,29.56793878585772
13,3,26.654637273821137
13,4,23.031378189267993
13,5,20.079500760908992
13,6,16.304157431553772
13,7,15.091186445512557
13,8,12.05543950682052
13,9,12.51466158860756
13,10,9.3419415026977
13,11,5.62286922125159
13,12,3.8151407672502993
13,14,3.7971935808287136
13,15,6.704540726676744
13,16,9.05437160099726
13,17,7.190586680215871
13,18,7.821464562226479
13,19,6.84817244620434
13,20,9.608568944208592
13,21,11.196615453406098
13,22,14.487864094870362
13,23,17.609533337719068
13,24,20.703153658991102
13,25,24.307490459095902
13,26,27.0828708205746
13,27,29.737644171120994
13,28,32.95111449633994
13,29,33.731373667610065
13,30,30.432290979369142
13,31,27.900383456458034
13,32,28.578321661592913
13,33,27.341769705262355
13,34,23.660255000744616
13,35,22.52803054685111
13,36,19.233486520328622
13,37,19.185598078327903
13,38,17.071328465341594
13,39,18.292537703142287
13,40,15.827895035180527
13,41,15.866195702890753
13,42,17.03162206457133
13,43,18.0716441998765
13,44,19.74616159661935
13,45,22.067193876098955
13,46,24.444219519530098
13,47,26.85434734353361
13,48,24.93108735322807
13,49,21.405068497623176
13,50,19.250826034877925
13,51,15.857784915513314
13,52,14.211227710634436
13,53,12.397823129699766
13,54,11.010028094032231
13,55,11.454097868797568
13,56,10.854959924339555
13,57,8.42717350943147
13,58,10.629807787589806
13,59,10.037459381428018
13,60,13.168527856455777
13,61,13.801329907084828
13,62,10.934632699230987
13,63,9.771976482680074
13,64,12.24344851332518
13,65,13.689503861223278
13,66,14.536801764276674
13,67,17.734979301838486
13,68,18.969554891124794
13,69,22.759351108888744
13,70,24.769138120240356
13,71,28.24368018837852
13,72,31.141579541711554
13,73,34.91184909978947
13,74,34.99976965303146
13,75,32.58613604275539
13,76,28.99005741067857
13,77,26.091627100566335
13,78,22.690830355733333
13,79,19.428165908043844
13,80,16.793607804743313
13,81,13.028788911509496
13,82,10.836209046845122
13,83,7.505339364671533
13,84,6.3657019487242845
13,85,5.184651952072057
13,86,6.685232494844214
14,1,36.63289300312053
14,2,33.111395595852244
14,3,30.283144134328776
14,4,26.63284053404121
14,5,23.7855769940943
14,6,20.020252530077556
14,7,18.837331273933863
14,8,15.851550280507107
14,9,16.195989717777564
14,10,12.871413685338752
14,11,9.291686374107599
14,12,6.678394662635604
14,13,3.7971935808287136
14,15,3.792802769258767
14,16,6.619662451659467
14,17,5.989608259769963
14,18,8.235478613748032
14,19,8.91404634980623
14,20,12.320430825674329
14,21,14.409203404842781
14,22,17.840805491900415
14,23,21.087705377456583
14,24,24.243221548484236
14,25,27.885999168305478
14,26,30.701551072529842
14,27,33.34943901018164
14,28,36.48492264890793
14,29,37.14961601167605
14,30,33.77732201940866
14,31,31.157429230046773
14,32,31.570669774237825
14,33,30.175591633736822
14,34,26.495527516564305
14,35,25.130011571324918
14,36,21.71039854180966
14,37,21.38113321747204
14,38,18.972205937476982
14,39,20.19835484607277
14,40,15.89163383605321
14,41,16.806319194279837
14,42,18.392748305727093
14,43,20.08879984486918
14,44,22.025446595284073
14,45,24.69112257455439
14,46,27.261538164843532
14,47,29.921356432197193
14,48,28.244024736234493
14,49,24.62594597429707
14,50,22.23031012356791
14,51,18.660049315844734
14,52,16.63179175613047
14,53,14.200581104274718
14,54,12.113576377446817
14,55,11.467804579297644
14,56,9.668641509237077
14,57,7.611675046669005
14,58,9.161199102822541
14,59,8.27122994538555
14,60,11.940643514646636
14,61,13.307240437419724
14,62,11.233502821114621
14,63,10.692589199879466
14,64,13.890820100162758
14,65,16.081818814444865
14,66,17.151449114351
14,67,20.58715070274853
14,68,22.00892616857564
14,69,25.792107536767375
14,70,27.995881849161307
14,71,31.34618927644977
14,72,34.35413036817723
14,73,38.123831920892904
14,74,38.3756330172424
14,75,35.88251364105847
14,76,32.231627580944625
14,77,29.43877043410975
14,78,25.9682510743658
14,79,22.826822415337315
14,80,20.008739108623683
14,81,16.339007200996598
14,82,13.813393243482178
14,83,10.20659357913303
14,84,8.148533578362228
14,85,5.163526867793205
14,86,4.655911843347393
15,1,37.74724890876879
15,2,34.24394255702126
15,3,31.66780629885559
15,4,27.975543157044456
15,5,25.48356192498039
15,6,21.80657414787583
15,7,21.01877193581319
15,8,18.283303370211858
15,9,18.330947142848427
15,10,15.190713418779204
15,11,11.806944596654438
15,12,9.772414910032195
15,13,6.704540726676744
15,14,3.792802769258767
15,16,3.788467598023551
15,17,5.367006778779212
15,18,7.658553473846723
15,19,9.341818780150438
15,20,13.120362888734942
15,21,15.408680266694002
15,22,19.050025397217023
15,23,22.316698910488512
15,24,25.672602489748687
15,25,29.29528630971156
15,26,32.330466264369356
15,27,34.78141458910644
15,28,37.746079718705566
15,29,38.121255824647584
15,30,34.69346448351958
15,31,31.842755621802183
15,32,31.880025657344117
15,33,30.16369008857124
15,34,26.511643169535947
15,35,24.800999413043932
15,36,21.296445928391492
15,37,20.698276634224353
15,38,18.166313600950712
15,39,19.63439832693125
15,40,13.523479731250282
15,41,15.10182819727652
15,42,17.228107513720293
15,43,19.49470808645279
15,44,21.884822389029328
15,45,24.769115630553333
15,46,27.68543482214263
15,47,30.603386953106362
15,48,29.25348789451764
15,49,25.596972190241843
15,50,22.77542345525468
15,51,19.14237763440341
15,52,16.537408202242844
15,53,13.746882519525402
15,54,10.907953748775642
15,55,9.599335561597663
15,56,6.865351486260182
15,57,5.039372347962421
15,58,5.999217088126689
15,59,5.917639499661044
15,60,9.63997901211043
15,61,10.934751456606465
15,62,9.46543829333333
15,63,10.086193886085692
15,64,13.727369107652708
15,65,16.349110148093914
15,66,17.254818348190096
15,67,20.811789519834267
15,68,22.362040239413762
15,69,26.05477987167554
15,70,28.543982878942206
15,71,31.64551429159425
15,72,34.832280390669524
15,73,38.56215863905758
15,74,39.09849721440309
15,75,36.47146137559172
15,76,32.75949933201187
15,77,30.22408307219585
15,78,26.71605296200041
15,79,23.905235449716624
15,80,20.995882113297508
15,81,17.56416567619936
15,82,15.05789066470579
15,83,11.2630251747157
15,84,9.461227006133136
15,85,5.805460870025357
15,86,5.517258493712495
16,1,38.552490266138115
16,2,34.95742808788682
16,3,32.66272113930815
16,4,28.902351912231246
16,5,26.665698003153082
16,6,23.052092800575142
16,7,22.10111138506361
16,8,19.859044485053012
16,9,20.339672802395363
16,10,17.604518616484324
16,11,14.107280183901647
16,12,12.647167134266901
16,13,9.05437160099726
16,14,6.619662451659467
16,15,3.788467598023551
16,17,3.7809273212334538
16,18,6.313477460194347
16,19,9.333018441289475
16,20,13.005936565169996
16,21,15.916828685549657
16,22,19.374199251635968
16,23,22.856104410518878
16,24,26.080061408903237
16,25,29.758283967723337
16,26,32.73599464922524
16,27,35.24494395957647
16,28,37.958252624817774
16,29,38.15869173297344
16,30,34.58974002112924
16,31,31.789135734485537
16,32,31.40771433163828
16,33,29.769660121306362
16,34,26.295307348193933
16,35,24.750181078683298
16,36,21.477927623569645
16,37,21.27305457798211
16,38,19.181295171322557
16,39,21.235740851845392
16,40,11.475404267128269
16,41,13.670234641993094
16,42,15.576745087015436
16,43,18.323123723685896
16,44,20.63401713915782
16,45,23.87097941899066
16,46,26.819491248263372
16,47,30.02188448599246
16,48,29.120119678689992
16,49,25.37683886902399
16,50,22.410278386943585
16,51,18.671776076757347
16,52,16.058188978313993
16,53,12.716556703493822
16,54,9.986605678862734
16,55,7.479549478135348
16,56,4.362203780616472
16,57,5.048651265806573
16,58,6.900383804954103
16,59,8.504958040344132
16,60,11.770464598585926
16,61,12.33765319259877
16,62,10.86138098776982
16,63,12.524834509998707
16,64,16.08485146220468
16,65,18.41460509350341
16,66,18.633896541389735
16,67,21.95249181080298
16,68,23.042039395065178
16,69,26.587330568193625
16,70,28.93745945781599
16,71,31.831363829088986
16,72,34.931856589845616
16,73,38.64691090242043
16,74,39.528861261052356
16,75,37.06104886973388
16,76,33.40871167873421
16,77,31.185801865070072
16,78,27.85897443193433
16,79,25.323400451209313
16,80,22.745252218614876
16,81,19.395403714253074
16,82,17.428774894839634
16,83,13.647334289179854
16,84,12.617874604398265
16,85,9.232358785891886
16,86,9.287376860049513
17,1,36.3055167523755
17,2,32.622971747211984
17,3,30.278823859874176
17,4,26.49731062448327
17,5,24.126541886344945
17,6,20.478819907865123
17,7,19.110765477634548
17,8,17.078236048967472
17,9,18.118762273668242
17,10,15.655032041197732
17,11,12.006734906864516
17,12,11.004479390554456
17,13,7.190586680215871
17,14,5.989608259769963
17,15,5.367006778779212
17,16,3.7809273212334538
17,18,3.7861895103562766
17,19,6.7856629830098285
17,20,10.188826893973564
17,21,13.421785813021174
17,22,16.615162413281876
17,23,20.25730499689855
17,24,23.244754407617997
17,25,26.9952401006471
17,26,29.76659713640235
17,27,32.485003479059216
17,28,35.2106713976405
17,29,35.57638741737399
17,30,31.965318091855696
17,31,29.3977394612989
17,32,29.15897303609922
17,33,27.889947099327088
17,34,24.45994011314034
17,35,23.383451925956035
17,36,20.32010259010674
17,37,20.682821774952895
17,38,19.010051045352018
17,39,21.245019355547157
17,40,11.794035075010212
17,41,13.193221501581247
17,42,14.284688992055914
17,43,16.572453229611774
17,44,18.364531644162522
17,45,21.577559408768035
17,46,24.221621433238877
17,47,27.340097005793453
17,48,26.360612167347004
17,49,22.5731692113043
17,50,19.898435525321528
17,51,16.10361712357069
17,52,14.046646233740267
17,53,10.721036980117553
17,54,8.947078868199274
17,55,6.93309265507286
17,56,5.729365481893064
17,57,6.2019753339636114
17,58,9.319436254653922
17,59,10.75170814555741
17,60,14.098404268396285
17,61,14.26246280781485
17,62,11.856695346984747
17,63,13.00874459005791
17,64,16.173153244952637
17,65,17.85935570227697
17,66,17.703345911933027
17,67,20.75254927593564
17,68,21.389672578386044
17,69,24.95784757820371
17,70,26.937179270982192
17,71,29.973220010806266
17,72,32.8524272114659
17,73,36.61459812206578
17,74,37.42302812253012
17,75,35.18287704151721
17,76,31.6181669865123
17,77,29.339890083493
17,78,26.165208016101843
17,79,23.504859497815694
17,80,21.262767498658285
17,81,17.75150743214539
17,82,16.234317076367038
17,83,12.60764043090979
17,84,12.147733080565292
17,85,9.420348307362469
17,86,10.07194101487547
18,1,32.99483206050642
18,2,29.308307712449945
18,3,27.166917279748787
18,4,23.380760873854708
18,5,21.309423869372786
18,6,17.818724478005926
18,7,16.739099696481436
18,8,15.183633503750716
18,9,16.213682969579217
18,10,14.367201042482954
18,11,11.110245005972791
18,12,11.34832687395336
18,13,7.821464562226479
18,14,8.235478613748032
18,15,7.658553473846723
18,16,6.313477460194347
18,17,3.7861895103562766
18,19,3.7983866963664834
18,20,6.961605951897142
18,21,10.299886313711438
18,22,13.441952376458056
18,23,17.05862381566062
18,24,20.09431360966706
18,25,23.795791543172243
18,26,26.68385933940209
18,27,29.257779302112688
18,28,31.863052307302915
18,29,32.08382662527971
18,30,28.461506302132776
18,31,25.81038946310069
18,32,25.455961073534603
18,33,24.135394882055433
18,34,20.73813889709399
18,35,19.73051007471026
18,36,16.80628386802727
18,37,17.498957013567956
18,38,16.276012609695414
18,39,18.89671995984409
18,40,9.237803500423462
18,41,9.881313595758275
18,42,10.691402588128373
18,43,12.806426507949196
18,44,14.693276140756401
18,45,17.870618847621103
18,46,20.641439499133174
18,47,23.802328872420382
18,48,22.932315485261523
18,49,19.15931276763218
18,50,16.299265816415645
18,51,12.513668653653644
18,52,10.315504267991384
18,53,6.935294743151061
18,54,5.513811852420525
18,55,4.326743782383353
18,56,5.375867098883046
18,57,5.789527801423336
18,58,9.568791949601515
18,59,11.69879224622728
18,60,14.419213233965353
18,61,13.602972113323537
18,62,10.596615053462992
18,63,12.068316868839865
18,64,14.705737444680777
18,65,15.789163150310513
18,66,14.968935441227543
18,67,17.711236624587837
18,68,18.02488067451842
18,69,21.48311812113066
18,70,23.4136855879949
18,71,26.345795970689437
18,72,29.220653458478882
18,73,32.9651681909595
18,74,33.898994238346035
18,75,31.6937567148248
18,76,28.16170270767677
18,77,26.067052324986328
18,78,23.020549582784646
18,79,20.61659877914952
18,80,18.672856644389814
18,81,15.38368596934491
18,82,14.512027305768228
18,83,11.202870975179593
18,84,11.902135955582187
18,85,10.050029470276444
18,86,11.93713204836114
19,1,29.52898448213665
19,2,25.859709672639937
19,3,23.559496406765117
19,4,19.77527404348203
19,5,17.590415492786054
19,6,14.0661868958811
19,7,13.180794904464983
19,8,11.607218003773566
19,9,12.531035472102337
19,10,11.032997984619278
19,11,8.18033460252635
19,12,9.51267737002831
19,13,6.84817244620434
19,14,8.91404634980623
19,15,9.341818780150438
19,16,9.333018441289475
19,17,6.7856629830098285
19,18,3.7983866963664834
19,20,3.8032101187848033
19,21,6.679171599182625
19,22,10.047691406689811
19,23,13.575882904284013
19,24,16.751216936246305
19,25,20.439610334155642
19,26,23.417725493815833
19,27,25.93446358181657
19,28,28.71563365384652
19,29,29.06685436471624
19,30,25.543044204282385
19,31,22.864655475334377
19,32,22.910939563210153
19,33,21.625110425463696
19,34,18.082741279996263
19,35,17.163846111686112
19,36,14.198316786216886
19,37,15.032427778325934
19,38,13.96549365517328
19,39,16.442676940728752
19,40,10.529424442492115
19,41,9.799592855481928
19,42,10.309843440685189
19,43,11.369985790210954
19,44,13.143059947411418
19,45,15.797622000190001
19,46,18.4778008011173
19,47,21.316823022766588
19,48,20.018134965446425
19,49,16.30892163819156
19,50,13.58481438805483
19,51,9.900845594112475
19,52,7.892864136307013
19,53,5.578835973924991
19,54,5.118507545116224
19,55,6.537276889796361
19,56,8.292361070149893
19,57,7.189711490302085
19,58,10.733352333203587
19,59,12.351375670419776
19,60,14.686547070385043
19,61,13.539753100258565
19,62,9.942489615714576
19,63,10.581798643327348
19,64,12.473680940265371
19,65,12.879968469555806
19,66,11.883852429548766
19,67,14.476600867534597
19,68,14.757475504532506
19,69,18.336396574285086
19,70,20.215642565369393
19,71,23.36125385841179
19,72,26.236726364664126
19,73,30.015562591473028
19,74,30.689781941213667
19,75,28.445108176915
19,76,24.896438804554478
19,77,22.599600563460758
19,78,19.515445134519673
19,79,16.951882760815366
19,80,15.08758710679141
19,81,11.755162068336675
19,82,11.262646014366208
19,83,8.38752695867047
19,84,10.00382418816637
19,85,9.39837329308969
19,86,12.137512476296783
20,1,26.317708476789925
20,2,22.58006170160401
20,3,20.4098504036226
20,4,16.628756780627803
20,5,14.61560898258883
20,6,11.303260293669698
20,7,10.317235641498742
20,8,9.7067111197381
20,9,11.175281040852772
20,10,10.86111915564468
20,11,8.925350247162923
20,12,11.391967307153159
20,13,9.608568944208592
20,14,12.320430825674329
20,15,13.120362888734942
20,16,13.005936565169996
20,17,10.188826893973564
20,18,6.961605951897142
20,19,3.8032101187848033
20,21,3.808446145897895
20,22,6.49599100427174
20,23,10.185193273042586
20,24,13.14323819991019
20,25,16.861091912925584
20,26,19.75682926176229
20,27,22.33895812293685
20,28,25.04772933417084
20,29,25.442089946257703
20,30,21.883599235513103
20,31,19.360349501763768
20,32,19.508037937859545
20,33,18.564084725572723
20,34,15.143639562062905
20,35,14.8405424508184
20,36,12.404898249979604
20,37,14.079526266802558
20,38,13.904967609502538
20,39,16.56747671926214
20,40,11.91880153274353
20,41,10.076361062823624
20,42,9.377448342998964
20,43,9.211238398795636
20,44,10.246153066408846
20,45,12.554607774079802
20,46,14.948943287506003
20,47,17.649983077485214
20,48,16.29360591735653
20,49,12.560321492878106
20,50,10.042952030945937
20,51,6.397412969834371
20,52,5.472599179237975
20,53,4.6122192362070065
20,54,6.575911409373068
