1,2,3.79563356503706
1,3,5.834780495798736
1,4,5.408880451099849
1,5,6.151267896623272
1,6,8.808583453961127
1,7,10.14062131566283
1,8,10.525291966051219
1,9,12.398509229183283
1,10,14.504508323599623
1,11,15.257769981985735
1,12,16.473418509082038
1,13,18.57870728945804
1,14,20.226853466109667
1,15,20.827074424296924
1,16,22.426745839806753
1,17,24.80046928986671
1,18,25.578174778152757
1,19,26.316553725149127
1,20,28.500396861081025
1,21,30.485504571611123
1,22,31.01223728917448
1,23,31.55883022624377
1,24,34.25169175556493
1,25,37.648045648920096
1,26,38.12820930043736
1,27,41.463649801977226
1,28,40.01601210004712
1,29,37.975716788459664
1,30,40.45853779867832
1,31,40.11086658486051
1,32,36.29348812476201
1,33,36.755310761761656
1,34,38.927213130781354
1,35,35.99686585937646
1,36,35.16371305281582
1,37,31.691514972480903
1,38,30.85102737247887
1,39,28.290039405495985
1,40,26.708657345427355
1,41,28.41132717888048
1,42,25.237230272663727
1,43,21.8129856786261
1,44,19.554466417867623
1,45,17.576389820757598
1,46,15.7550253390774
1,47,19.033362562611572
1,48,20.891618073728253
1,49,19.310963553398015
1,50,22.353759161157186
1,51,24.38545573966638
1,52,22.721843085058545
1,53,23.27648712454233
1,54,26.967601607873217
1,55,27.44806715345722
1,56,26.208940524625348
1,57,29.782768601902124
1,58,31.326443294040228
1,59,28.53031134619748
1,60,29.486757832116727
1,61,33.07078936073008
1,62,32.389465052268925
1,63,30.338531490105858
1,64,33.48223814408498
1,65,35.43936797229808
1,66,33.07783417373452
1,67,33.65361425782998
1,68,36.277836053880186
1,69,37.683375004704416
1,70,35.29820987638649
1,71,31.99041179519724
1,72,30.83282538322176
1,73,28.19018618132245
1,74,27.98288251879379
1,75,28.25750773191463
1,76,27.780548059084737
1,77,24.936680582170972
1,78,22.992019370800296
1,79,23.644989866992688
1,80,22.62993631747772
1,81,19.23320410958221
1,82,18.759903061984698
1,83,19.980611738316433
1,84,17.71640391957757
1,85,14.636895093153978
1,86,16.41111458418103
1,87,17.243690952291796
1,88,13.79258362606196
1,89,12.985521478477294
1,90,16.397224773748768
1,91,17.7378605610813
1,92,25.44879601165855
1,93,28.492342080152074
1,94,27.146903239536222
1,95,29.476577259473604
1,96,30.524504461242827
1,97,32.02962003390647
1,98,35.66108842379312
1,99,35.10822835892942
1,100,34.253880329863655
1,101,32.35119567145404
1,102,32.78362828589089
1,103,30.063362340494947
1,104,29.294702639906752
1,105,28.961755370390527
1,106,26.901065211555835
1,107,24.279042828654323
1,108,24.150975469212483
1,109,23.633276236354796
1,110,20.598592459151654
1,111,19.175315838641076
1,112,19.613732493297807
1,113,17.946373431577875
1,114,14.748970520234334
1,115,14.973072362135206
1,116,15.696434286977723
1,117,12.765473532653678
1,118,10.519996170088582
1,119,12.638567860450408
1,120,12.589536289128684
1,121,8.832336963283867
1,122,9.635632008439506
2,1,3.79563356503706
2,3,3.82409599003057
2,4,5.482717326303927
2,5,5.178734050138538
2,6,6.336565292881986
2,7,8.758471267262566
2,8,9.862898876888433
2,9,10.718527201174036
2,10,12.623219544034386
2,11,14.266914669012618
2,12,15.499001996346475
2,13,16.89109695138661
2,14,18.80693521154567
2,15,20.01313923256086
2,16,21.307866957372152
2,17,23.348191699892137
2,18,24.57458690366254
2,19,25.637839001030525
2,20,27.4244195804494
2,21,29.35851524693193
2,22,30.33666621860182
2,23,31.026907623701387
2,24,33.41826388893192
2,25,36.70402381825118
2,26,36.8244857062282
2,27,40.01763549802803
2,28,38.32263964812655
2,29,36.521937132774084
2,30,38.97987941187638
2,31,38.30764321604257
2,32,34.507878857936056
2,33,35.212911777478965
2,34,37.16369188739181
2,35,34.0378336648825
2,36,33.25407497899015
2,37,29.788843799565445
2,38,28.997667131316902
2,39,26.74579710670425
2,40,25.205289333430777
2,41,27.232937886074335
2,42,24.289273792897877
2,43,20.83675750563641
2,44,19.02114404092408
2,45,16.613468763021043
2,46,14.106638511873618
2,47,17.028013826650966
2,48,19.08272064993552
2,49,17.11245139769247
2,50,19.824864193283616
2,51,22.15912743935101
2,52,20.430585437078587
2,53,20.493519651221412
2,54,24.222839639719286
2,55,24.931186377873946
2,56,23.47460884042719
2,57,26.9221763393714
2,58,28.77862598693139
2,59,26.136429633374522
2,60,26.841018522533155
2,61,30.52179197511306
2,62,30.192025129869446
2,63,28.11693694307124
2,64,31.09675411194023
2,65,33.332869520834585
2,66,31.250897275889507
2,67,31.74461987605891
2,68,34.61740262432284
2,69,36.154542084392304
2,70,34.075637265780315
2,71,30.60020722125482
2,72,29.086344716686366
2,73,26.16395155896507
2,74,25.536813057349967
2,75,25.647483097706438
2,76,24.812708319043423
2,77,22.03414496683355
2,78,20.36830971680434
2,79,20.77396331677811
2,80,19.415185958666914
2,81,16.17594379377841
2,82,15.925172362114383
2,83,16.754896109207262
2,84,14.21922107994018
2,85,11.409420426662265
2,86,13.396077091848458
2,87,13.835500469422275
2,88,10.251994773229434
2,89,10.062778891074519
2,90,13.615640250983175
2,91,14.576250277951091
2,92,23.06153800179791
2,93,26.168323158777877
2,94,24.978579859523386
2,95,27.62508695058931
2,96,28.799166010669477
2,97,30.653153226921905
2,98,34.27759653554954
2,99,33.84155757110992
2,100,32.74348847891906
2,101,30.959963746130118
2,102,31.39202483344288
2,103,28.535325877037472
2,104,28.226051258800425
2,105,28.004994595620296
2,106,25.549436430233268
2,107,23.047806151422627
2,108,23.485055019476892
2,109,22.824298606570977
2,110,19.460359765603677
2,111,18.537460317928314
2,112,19.46977348893866
2,113,17.401364854194743
2,114,14.220680290287053
2,115,15.381287913425604
2,116,16.229906113586406
2,117,12.996320540479287
2,118,11.392048248737463
2,119,14.300037144546064
2,120,14.106557100509022
2,121,10.664978054575775
2,122,12.375273791651512
3,1,5.834780495798736
3,2,3.82409599003057
3,4,3.80180210731583
3,5,5.4285037466366
3,6,5.188529917507089
3,7,6.363195046938683
3,8,8.726982388049187
3,9,10.044593710459354
3,10,10.833595316117826
3,11,12.391827718023674
3,12,14.471785164322096
3,13,15.668121897517185
3,14,16.927663989617326
3,15,18.45578626609505
3,16,20.23449491016154
3,17,21.84910340035747
3,18,22.785658654498825
3,19,24.293548394862565
3,20,26.205551031819375
3,21,27.707598508516334
3,22,28.677909162040596
3,23,29.80398269445181
3,24,32.26895956883287
3,25,35.37264361506793
3,26,35.38705248190011
3,27,38.443632628548166
3,28,36.57709409445227
3,29,34.59299180107759
3,30,36.79028179867186
3,31,36.1233391312649
3,32,32.3245728334308
3,33,32.75289570154762
3,34,34.55459277265067
3,35,31.417544861721392
3,36,30.337345961868092
3,37,26.75986705460369
3,38,25.69991765324631
3,39,23.288742855518024
3,40,21.562100817099243
3,41,23.47118096911156
3,42,20.48374564581849
3,43,17.073461521072073
3,44,15.245058400075486
3,45,12.804692412346064
3,46,10.355330960147963
3,47,13.456991966226733
3,48,15.395840516231473
3,49,13.67005255115186
3,50,16.563251525487367
3,51,18.776510042066825
3,52,17.31039471032518
3,53,17.712772035913215
3,54,21.33743950113653
3,55,22.103823435129
3,56,21.08890063738975
3,57,24.684031322995757
3,58,26.355592999843186
3,59,23.89058573555115
3,60,25.02195553087331
3,61,28.588463086322665
3,62,28.199531418558376
3,63,26.51746045240476
3,64,29.68683950538696
3,65,31.767787167485878
3,66,29.8140691282132
3,67,30.7389026597421
3,68,33.68483987622079
3,69,35.56872111660798
3,70,33.49483821062106
3,71,29.92431951081444
3,72,28.593665316403776
3,73,25.556201648486386
3,74,25.002234934569888
3,75,24.595418735871263
3,76,23.89475131482136
3,77,21.552547810096158
3,78,19.49497028949732
3,79,19.379621317964748
3,80,18.44823973189029
3,81,15.47528089048044
3,82,14.365052033190304
3,83,15.056842708638198
3,84,13.178147135061527
3,85,9.905428567700024
3,86,10.94187574404148
3,87,11.812049955131336
3,88,8.671263893167492
3,89,7.215548741320644
3,90,10.634445516259753
3,91,12.338708726503153
3,92,19.80290485187907
3,93,22.789051239754308
3,94,21.463308828285086
3,95,23.974723718872117
3,96,25.170624213764622
3,97,26.98975244154768
3,98,30.652848937004308
3,99,30.345071695177666
3,100,29.432871869626297
3,101,27.84025631528928
3,102,28.568567579150347
3,103,25.952210306087014
3,104,25.68556834486396
3,105,25.09946449404386
3,106,22.594774698348825
3,107,20.40540929649543
3,108,20.73676153755246
3,109,19.665074534913128
3,110,16.363621309602586
3,111,15.837017619764957
3,112,16.47334676948745
3,113,14.030333507929274
3,114,11.189901044594043
3,115,12.740393011936652
3,116,13.134014009654782
3,117,9.67475015059685
3,118,8.878186949148553
3,119,12.049628346820953
3,120,11.492423049784223
3,121,8.602890924482873
3,122,11.20992044495445
4,1,5.408880451099849
4,2,5.482717326303927
4,3,3.80180210731583
4,5,3.834207296886307
4,6,5.526093612666956
4,7,5.1293340857218075
4,8,6.291567322626493
4,9,8.84853490321862
4,10,9.99521554890083
4,11,10.430948906044677
4,12,12.425815529602819
4,13,14.440861239283096
4,14,15.470407927662514
4,15,16.29667343806627
4,16,18.359179553422823
4,17,20.36264188504791
4,18,20.868869043484843
4,19,22.014920061732344
4,20,24.303577777527877
4,21,25.901774886156847
4,22,26.447465213938198
4,23,27.408343271641186
4,24,30.144182251220577
4,25,33.36510724087803
4,26,33.74331617179136
4,27,36.96702249031573
4,28,35.40215865684548
4,29,33.19025562051546
4,30,35.48954384926597
4,31,35.19453662036291
4,32,31.377648314475298
4,33,31.629154939224055
4,34,33.76578771775881
4,35,30.891845633362063
4,36,29.950321136837996
4,37,26.470999198601362
4,38,25.642308818048075
4,39,23.023725582180255
4,40,21.622389561623805
4,41,23.448599268902893
4,42,20.44027310621116
4,43,16.85603682875726
4,44,14.965170831698474
4,45,13.391140309346623
4,46,11.629406261257738
4,47,15.203827643545845
4,48,16.38635245654392
4,49,14.700247877717324
4,50,18.074073192144805
4,51,19.633418894578906
4,52,17.8453523094539
4,53,18.885940935995947
4,54,22.502989048665732
4,55,22.673176321150933
4,56,21.719272243962116
4,57,25.423190205937082
4,58,26.622208386284143
4,59,23.829409028041265
4,60,25.187237553040013
4,61,28.616330465652613
4,62,27.7321209086754
4,63,25.991361230753384
4,64,29.347418911076282
4,65,31.069714385500117
4,66,28.752530450455847
4,67,29.749441992591183
4,68,32.40461037217971
4,69,34.16206994083617
4,70,31.767232855776793
4,71,28.35932498334527
4,72,27.439136416122537
4,73,24.729855684334936
4,74,24.738566889627286
4,75,24.56797892433901
4,76,24.440459986301285
4,77,22.001931008004618
4,78,19.511738586406842
4,79,19.864889433130276
4,80,19.514280189371103
4,81,16.25604774524888
4,82,14.914327128067201
4,83,16.451256707217144
4,84,15.043770910951773
4,85,11.425717767666244
4,86,12.578058709071737
4,87,14.350622984557022
4,88,11.630644336313752
4,89,9.861614888476748
4,90,13.242301074663015
4,91,15.529860255972858
4,92,21.981376727976183
4,93,24.614422046035173
4,94,22.79499955282486
4,95,24.8564120520714
4,96,25.569436464758994
4,97,26.901546121737056
4,98,30.471246072932406
4,99,29.77787169946248
4,100,28.906075461218272
4,101,26.973701745695454
4,102,27.473685132688303
4,103,24.8756231891158
4,104,24.08709859429972
4,105,23.60318911146799
4,106,21.551036505911515
4,107,19.02468940450134
4,108,18.85602151300477
4,109,18.23139620813652
4,110,15.204459130926768
4,111,13.876333317617627
4,112,14.358020935700385
4,113,12.624282461625969
4,114,9.360460615039012
4,115,9.993288214631507
4,116,10.940654994616889
4,117,8.073008148272661
4,118,5.957516427815289
4,119,9.1003118912831
4,120,9.537965633328039
4,121,6.663967227365907
4,122,8.431904857001042
5,1,6.151267896623272
5,2,5.178734050138538
5,3,5.4285037466366
5,4,3.834207296886307
5,6,3.8014435569730423
5,7,5.268027146625194
5,8,4.876393711076862
5,9,6.251427931675864
5,10,8.646921721104238
5,11,9.617023766398631
5,12,10.529987368888726
5,13,12.446795495613989
5,14,14.331295869488871
5,15,15.083076792846022
5,16,16.43557842832784
5,17,18.744636281389447
5,18,19.787034820485164
5,19,20.605780129945174
5,20,22.548028147695682
5,21,24.579861551663157
5,22,25.371243888613474
5,23,25.941032781595194
5,24,28.433664728488516
5,25,31.780418949465037
5,26,32.10813744131607
5,27,35.41747018845517
5,28,33.953904675208975
5,29,32.02782092269491
5,30,34.61890657067308
5,31,34.21547573375706
5,32,30.408833980602502
5,33,31.084152917604857
5,34,33.34350683225023
5,35,30.448357338497825
5,36,29.95330857885435
5,37,26.670349713025814
5,38,26.331152634576622
5,39,24.11616371313208
5,40,23.181921984156233
5,41,25.46143620179385
5,42,22.79896881685526
5,43,19.077162697444823
5,44,17.771673289290597
5,45,16.19789538500524
5,46,13.891338940124328
5,47,17.189244361654662
5,48,18.238303100617415
5,49,15.855159992397507
5,50,19.01801720961006
5,51,20.600655776531198
5,52,18.256753766639534
5,53,18.86070342139458
5,54,22.63265031507952
5,55,22.573437712252137
5,56,21.004160747897508
5,57,24.530304394010937
5,58,25.89578549921116
5,59,22.86646165108258
5,60,23.721013041686344
5,61,27.26554056588267
5,62,26.461213751282205
5,63,24.282161927751822
5,64,27.431105216828016
5,65,29.33787742966638
5,66,26.945890517462182
5,67,27.509385279244192
5,68,30.16282690727868
5,69,31.66264636550465
5,70,29.363466191303548
5,71,25.969160012903007
5,72,24.79015082474204
5,73,22.113816866103814
5,74,22.041173333034198
5,75,22.317119323221743
5,76,22.14931562162956
5,77,19.343641872404007
5,78,17.104035863255376
5,79,18.004210721876166
5,80,17.41252911547598
5,81,13.860033706562964
5,82,13.254719009597391
5,83,15.164329846420731
5,84,13.385593078022952
5,85,10.05609224114512
5,86,12.277658770759688
5,87,14.033681316148087
5,88,11.232969348057297
5,89,10.602905082942161
5,90,14.354135707448318
5,91,16.205862286567083
5,92,23.6269814744086
5,93,26.19329262841958
5,94,24.30589495519993
5,95,26.55790236917011
5,96,27.059483161408078
5,97,28.50494141662189
5,98,31.94462972870449
5,99,30.996719234114437
5,100,29.67704025764821
5,101,27.470464778771568
5,102,27.50804752649562
5,103,24.530849290717494
5,104,23.901129783961515
5,105,24.01252357459626
5,106,21.851279683873464
5,107,18.950434267440816
5,108,19.289517540121828
5,109,19.235077459789352
5,110,15.960810837171092
5,111,14.395099894612132
5,112,15.773552974836825
5,113,14.432321205211341
5,114,10.78868639631263
5,115,11.71277435130847
5,116,13.589366407963213
5,117,11.168184579917103
5,118,8.769693002837444
5,119,12.03153248782746
5,120,13.133122233392712
5,121,10.345973778019774
5,122,11.4239849453129
6,1,8.808583453961127
6,2,6.336565292881986
6,3,5.188529917507089
6,4,5.526093612666956
6,5,3.8014435569730423
6,7,3.800020676944333
6,8,5.383633505343023
6,9,5.128220722939706
6,10,6.3591743351041705
6,11,8.638050099043287
6,12,10.037268491450932
6,13,10.818004563629598
6,14,12.676549959659004
6,15,14.352135019424649
6,16,15.579072887762742
6,17,17.23856923533756
6,18,18.645495325139162
6,19,20.05216138308547
6,20,21.59933880105372
6,21,23.34151503530643
6,22,24.61099258039832
6,23,25.54563023480523
6,24,27.740086829949387
6,25,30.864597365172646
6,26,30.7646724506154
6,27,33.854553677352165
6,28,32.049252075822764
6,29,30.285155529005923
6,30,32.72327687826117
6,31,31.9832578047865
6,32,28.188666874293705
6,33,28.990264654309883
6,34,30.949575914274472
6,35,27.837484084047148
6,36,27.260024192829576
6,37,23.929651013047884
6,38,23.538043191902137
6,39,21.59275985430506
6,40,20.65674310502222
6,41,23.21760524782101
6,42,20.81639711139796
6,43,17.137846435993264
6,44,16.349807299663116
6,45,14.452692527628427
6,46,11.576288978650883
6,47,14.464232131721694
6,48,15.52261637099555
6,49,12.760915602078615
6,50,15.648526313761417
6,51,17.433480674034318
6,52,15.057624674049476
6,53,15.28514634415809
6,54,19.09036941826477
6,55,19.254288472307405
6,56,17.612510978584865
6,57,21.110716430785697
6,58,22.72838044177025
6,59,19.916657757613034
6,60,20.707932444699154
6,61,24.332224360901407
6,62,23.87386723386926
6,63,21.850643488769222
6,64,24.933125410351874
6,65,27.073039365831256
6,66,25.043880232775287
6,67,25.73690080466645
6,68,28.694628492860204
6,69,30.502195528431354
6,70,28.53676466662027
6,71,24.933003877983126
6,72,23.462037347970956
6,73,20.41575207038578
6,74,19.906577410569845
6,75,19.721279872493945
6,76,19.232424819656593
6,77,16.709314302072798
6,78,14.534082518517033
6,79,14.879278033396414
6,80,14.14851300252503
6,81,10.837220581297782
6,82,9.959152878097775
6,83,11.48946501204766
6,84,9.798805402687302
6,85,6.3182488133056784
6,86,8.53742176586986
6,87,10.336946602239818
6,88,7.863411929892371
6,89,7.438997300400211
6,90,11.183130166110521
6,91,13.012276014460818
6,92,20.523426135573043
6,93,23.028384571544468
6,94,21.20850313423035
6,95,23.692193263440966
6,96,24.296721349091555
6,97,26.065959612823175
6,98,29.496489224079212
6,99,28.71921818997341
6,100,27.230423732712495
6,101,25.23234884063459
6,102,25.40277461324034
6,103,22.389705495869727
6,104,22.286331160738033
6,105,22.34590945712193
6,106,19.73847812204305
6,107,17.124967557261797
6,108,18.056017789684127
6,109,17.658521325360027
6,110,14.074751121376702
6,111,13.306404031039365
6,112,15.07729537997933
6,113,13.18727559054476
6,114,9.853251260770495
6,115,11.960066835695137
6,116,13.638810041498807
6,117,11.012449431192193
6,118,9.76518907581437
6,119,13.472983904473738
6,120,14.154333737584464
6,121,11.88457106553624
6,122,13.836769385901649
7,1,10.14062131566283
7,2,8.758471267262566
7,3,6.363195046938683
7,4,5.1293340857218075
7,5,5.268027146625194
7,6,3.800020676944333
7,8,3.7920145983965767
7,9,5.423736287190914
7,10,5.087636864301749
7,11,6.071469499193936
7,12,8.644438043206431
7,13,9.906116706142956
7,14,10.68642198173594
7,15,12.180666889273875
7,16,14.227074538826603
7,17,15.71964420618012
7,18,16.441159709810254
7,19,18.06265695488045
7,20,20.051293050552015
7,21,21.408596118057407
7,22,22.338276370861976
7,23,23.602793136540033
7,24,26.086708558105006
7,25,29.12077405796816
7,26,29.194489808930385
7,27,32.275866940287344
7,28,30.523511021886325
7,29,28.394555336888157
7,30,30.645654100243302
7,31,30.18916608600084
7,32,26.372676257976337
7,33,26.74528678890617
7,34,28.807336098114114
7,35,25.86919799199302
7,36,25.068917815527797
7,37,21.6700686061279
7,38,21.15169269864449
7,39,18.85496353967151
7,40,17.963136413551368
7,41,20.346158784042125
7,42,17.889244203480356
7,43,14.117805763623991
7,44,13.350320922775499
7,45,12.118937703572401
7,46,9.884384010449855
7,47,13.183510358183534
7,48,13.523250200923165
7,49,11.084504212242708
7,50,14.51337208058631
7,51,15.643053428733966
7,52,13.31433810614392
7,53,14.462729729115404
7,54,18.093616544763673
7,55,17.876648414389088
7,56,16.802138873474597
7,57,20.514163947012616
7,58,21.569240184273852
7,59,18.710888990455313
7,60,20.147968736786392
7,61,23.521713003177567
7,62,22.626355969298498
7,63,20.988746761672378
7,64,24.39419923114606
7,65,26.09567133289234
7,66,23.92688722399305
7,67,25.11275300800245
7,68,27.907412875914574
7,69,29.943605289707392
7,70,27.748202385443697
7,71,24.19730309105123
7,72,23.234658602863398
7,73,20.366277879375104
7,74,20.36606213297539
7,75,19.842315136409386
7,76,19.91594466586374
7,77,17.823006289342747
7,78,15.003664365211565
7,79,15.135420731134369
7,80,15.312105409763868
7,81,12.264870643223594
7,82,10.283533180878612
7,83,12.231951782295456
7,84,11.678838389606891
7,85,7.894225108022475
7,86,8.759442568153652
7,87,11.517476972126744
7,88,9.893000347098319
7,89,8.074147021705858
7,90,11.277375534466401
7,91,14.033295719097318
7,92,19.707364544815622
7,93,21.847737935697808
7,94,19.58657030543811
7,95,21.594428418885144
7,96,21.882515068885386
7,97,23.262076917208944
7,98,26.681502892782373
7,99,25.760496061597678
7,100,24.497715904954294
7,101,22.435101422970284
7,102,22.757781738354467
7,103,19.999250773591935
7,104,19.526144952876493
7,105,19.261149898953335
7,106,16.91878394794314
7,107,14.340913365187301
7,108,14.771358045880538
7,109,14.267089249304405
7,110,10.869280464739825
7,111,9.877259073276813
7,112,11.331593890882367
7,113,9.557005365638522
7,114,6.086791870098044
7,115,8.256081096993906
7,116,10.028187344918603
7,117,7.836674096599066
7,118,6.7728689498292125
7,119,10.540988807288
7,120,11.563515991825843
7,121,10.133653949214702
7,122,12.103022821440158
8,1,10.525291966051219
8,2,9.862898876888433
8,3,8.726982388049187
8,4,6.291567322626493
8,5,4.876393711076862
8,6,5.383633505343023
8,7,3.7920145983965767
8,9,3.822430315110434
8,10,5.379417247633415
8,11,4.946253986080792
8,12,6.155494908840458
8,13,8.608715396749506
8,14,9.900997462476097
8,15,10.329700998371969
8,16,12.120521636729137
8,17,14.402577256688005
8,18,15.064456796664393
8,19,15.946124582994733
8,20,18.115952013435066
8,21,19.963834320914145
8,22,20.596821735865458
8,23,21.341723037677326
8,24,23.959451217551866
8,25,27.243996210808593
8,26,27.67895383178209
8,27,31.006380754425017
8,28,29.648258453236995
8,29,27.513567011734985
8,30,30.084515987649716
8,31,29.921176606729134
8,32,26.120398189381483
8,33,26.62916033712399
8,34,29.090959988925704
8,35,26.418757114121735
8,36,26.066735849056077
8,37,22.950343575302647
8,38,22.953103426758794
8,39,20.77680399350005
8,40,20.418741650386888
8,41,22.861662893983457
8,42,20.57934031608699
8,43,16.776922542519923
8,44,16.135565465588606
8,45,15.458370634821437
8,46,13.55249849118483
8,47,16.871834055857917
8,48,16.869107370336994
8,49,14.323342185584519
8,50,17.737782365514825
8,51,18.464784533150016
8,52,15.712315935087103
8,53,16.969559486778003
8,54,20.559881821178564
8,55,19.780976459272388
8,56,18.357975781128225
8,57,21.921912757997877
8,58,22.69353553834618
8,59,19.43117329637061
8,60,20.64674909813098
8,61,23.933530395942554
8,62,22.650857899104636
8,63,20.619624109320448
8,64,24.002627678972235
8,65,25.492898712480148
8,66,22.901635843733324
8,67,23.79439752179946
8,68,26.278249950191956
8,69,27.961236860067267
8,70,25.491859931051028
8,71,22.122772931645105
8,72,21.387005885076224
8,73,18.908315947763427
8,74,19.415714557426302
8,75,19.516653365819042
8,76,20.06424916445152
8,77,17.606608437818565
8,78,14.67469069598716
8,79,15.71393812810056
8,80,16.138950456679087
8,81,12.729753923420468
8,82,11.315415028613678
8,83,14.072821468073787
8,84,13.472740388876387
8,85,9.984185440147867
8,86,11.64816390891032
8,87,14.507953444677309
8,88,12.813836391418697
8,89,11.626281567820797
8,90,14.948430866459683
8,91,17.515882014203154
8,92,23.336269876314294
8,93,25.292163545191134
8,94,22.809025795086747
8,95,24.58486035805662
8,96,24.449470036555617
8,97,25.479531415986443
8,98,28.695616681419878
8,99,27.329363587283527
8,100,25.86800014580122
8,101,23.355409637915404
8,102,23.13288673779282
8,103,20.160340753756838
8,104,19.246368757463667
8,105,19.537243034519577
8,106,17.65654776467238
8,107,14.500221884070463
8,108,14.72337814587429
8,109,15.163066676154989
8,110,12.079534892994976
8,111,9.976955413403083
8,112,11.848718429425855
8,113,11.26627264980762
8,114,7.485018511844258
8,115,8.38387767109944
8,116,11.227357491082072
8,117,9.958199679285853
8,118,7.590790633895275
8,119,10.888317998819044
8,120,12.95123016897576
8,121,11.40983498911453
8,122,12.23060884858497
9,1,12.398509229183283
9,2,10.718527201174036
9,3,10.044593710459354
9,4,8.84853490321862
9,5,6.251427931675864
9,6,5.128220722939706
9,7,5.423736287190914
9,8,3.822430315110434
9,10,3.792818665687911
9,11,5.457120770787894
9,12,5.260971201208401
9,13,6.303057174825478
9,14,8.825432949149308
9,15,9.977109794869943
9,16,10.68182113172026
9,17,12.778697872243862
9,18,14.377704351064521
9,19,15.353572007050104
9,20,16.7822660865207
9,21,18.874249247160133
9,22,20.135745378717584
9,23,20.738898824168448
9,24,22.853104311273107
9,25,26.091295942598055
9,26,26.15157198608738
9,27,29.399960464522604
9,28,27.88760733986109
9,29,26.16818485422833
9,30,28.903384321462077
9,31,28.38035538103
9,32,24.609292123362437
9,33,25.628019412876306
9,34,27.963102780943665
9,35,25.120122677113226
9,36,25.12059560329068
9,37,22.17699648830438
9,38,22.55545798150084
9,39,20.94259532481506
9,40,20.910342005660098
9,41,23.802986149531968
9,42,21.925554128224736
9,43,18.16605560722951
9,44,18.122070790373115
9,45,17.11976576758365
9,46,14.597163136141003
9,47,17.385847107481403
9,48,17.415234273816715
9,49,14.260769635908936
9,50,17.177241218838702
9,51,18.07348541161794
9,52,14.935557103930458
9,53,15.48976261419168
9,54,19.146086255347814
9,55,18.33986543639976
9,56,16.283134627032105
9,57,19.60321712335726
9,58,20.719112490767824
9,59,17.39832899231796
9,60,18.02442789048994
9,61,21.49032831867256
9,62,20.553667890459895
9,63,18.1621798720009
9,64,21.283956601325446
9,65,23.156267878956104
9,66,20.755502144956292
9,67,21.274441988413468
9,68,24.00580301572039
9,69,25.65058749980842
9,70,23.529946472204497
9,71,19.998794647756405
9,72,18.729939527892487
9,73,15.963593553435437
9,74,16.056512141243914
9,75,16.323799801508155
9,76,16.622964083006096
9,77,13.943142984302584
9,78,11.256832162970083
9,79,12.591295157022342
9,80,12.731548372011561
9,81,9.16676242263591
9,82,8.406383012653613
9,83,11.400577405367207
9,84,10.650508150135941
9,85,7.711809297717965
9,86,10.183188288803647
9,87,12.887663858206006
9,88,11.522640255525447
9,89,11.354059451197783
9,90,14.6591849745753
9,91,16.73519229173978
9,92,23.218220971320523
9,93,25.110644553179657
9,94,22.72424281139149
9,95,24.80014036391566
9,96,24.635985740033195
9,97,25.990465894751537
9,98,29.0779537984071
9,99,27.682226768142527
9,100,25.767281622478098
9,101,23.22276601518364
9,102,22.698007326624587
9,103,19.37689304002001
9,104,19.041439428631605
9,105,19.833345311266772
9,106,17.554158149705746
9,107,14.355569013640197
9,108,15.515015133956668
9,109,16.144358506538186
9,110,12.761487670682103
9,111,11.22631142479783
9,112,13.928075115943642
9,113,13.187554046602868
9,114,9.709509492102056
9,115,11.475278100773764
9,116,14.315144381495895
9,117,12.91213205989445
9,118,11.139886023753194
9,119,14.60078555851437
9,120,16.407619502117388
9,121,14.75045027908335
9,122,15.86589317413934
10,1,14.504508323599623
10,2,12.623219544034386
10,3,10.833595316117826
10,4,9.99521554890083
10,5,8.646921721104238
10,6,6.3591743351041705
10,7,5.087636864301749
10,8,5.379417247633415
10,9,3.792818665687911
10,11,3.7882343392671225
10,12,5.473305222551925
10,13,5.12288145211733
10,14,6.386816281613264
10,15,8.691408379289252
10,16,10.022448436994441
10,17,11.093641908466388
10,18,12.50610570613481
10,19,14.356492656821388
10,20,15.730840007845435
10,21,17.143749691707274
10,22,18.627049788040168
10,23,19.894036555597943
10,24,21.940892579124526
10,25,24.863152642573073
10,26,24.629791960662512
10,27,27.645043692104178
10,28,25.811908518708478
10,29,23.947684938207768
10,30,26.373533992814565
10,31,25.72591191397519
10,32,21.919513295701336
10,33,22.72009574609259
10,34,24.835814540393685
10,35,21.875490734829693
10,36,21.604882691214414
10,37,18.529630095013978
10,38,18.78052483596484
10,39,17.197724573489104
10,40,17.253038116715544
10,41,20.28149473086314
10,42,18.668200550689228
10,43,14.991450176398356
10,44,15.499542901513014
10,45,14.726527668604726
10,46,12.294380635009109
10,47,14.773668593690187
10,48,14.261952816623813
10,49,11.011386418982005
10,50,13.929481221827304
10,51,14.459381081884198
10,52,11.238376711462415
10,53,12.137496143897808
10,54,15.6874156555902
10,55,14.754597504596177
10,56,13.038654915418729
10,57,16.55816831819054
10,58,17.485143511464813
10,59,14.30409465068099
10,60,15.447628720986307
10,61,18.830350195334926
10,62,17.896471531703
10,63,16.004392559239836
10,64,19.36271428485601
10,65,21.13054515860175
10,66,19.006374968003595
10,67,20.103405335459733
10,68,23.018883180952084
10,69,25.164038611505422
10,70,23.208479882449076
10,71,19.54108701676441
10,72,18.408278690923527
10,73,15.418901168008784
10,74,15.447782223994286
10,75,14.856769990501466
10,76,15.270765653521977
10,77,13.339766219907641
10,78,10.180524414536139
10,79,10.581063223748469
10,80,11.42507313410019
10,81,8.524772912863055
10,82,6.241578484600942
10,83,9.277525101792005
10,84,9.7010029720371
10,85,6.649477375919418
10,86,7.8345805216797855
10,87,11.222378090964439
10,88,10.858439435575495
10,89,10.055989651043813
10,90,12.702138411388333
10,91,15.232812501159689
10,92,20.36649204148009
10,93,21.91381808881815
10,94,19.30330087544589
10,95,21.228370068354078
10,96,20.91732691979686
10,97,22.29138109036455
10,98,25.3495246821069
10,99,24.014482329860208
10,100,22.09258442014651
10,101,19.693568927857655
10,102,19.419752980998204
10,103,16.225200397726876
10,104,16.170717893855848
10,105,16.661929695773033
10,106,14.08628805955913
10,107,11.174525282960824
10,108,12.664630175617473
10,109,12.896816132821636
10,110,9.341280410430075
10,111,8.548173808329242
10,112,11.485932716765284
10,113,10.43933352343651
10,114,7.540586351556109
10,115,10.215202158148543
10,116,12.763051137778845
10,117,11.632545124103505
10,118,10.899949096339693
10,119,14.38872008867582
10,120,15.939008932704583
10,121,15.025214344081537
10,122,16.67361994404034
11,1,15.257769981985735
11,2,14.266914669012618
11,3,12.391827718023674
11,4,10.430948906044677
11,5,9.617023766398631
11,6,8.638050099043287
11,7,6.071469499193936
11,8,4.946253986080792
11,9,5.457120770787894
11,10,3.7882343392671225
11,12,3.8100538259758174
11,13,5.45793928948545
11,14,5.229861819972614
11,15,6.122436990587938
11,16,8.581395078001279
11,17,10.127182771818342
11,18,10.476402989857823
11,19,12.017692653429066
11,20,14.164210992087916
11,21,15.493164999389583
11,22,16.286835326919487
11,23,17.563647693728058
11,24,20.098157920999775
11,25,23.12568552557066
11,26,23.383446259364895
11,27,26.573773629191408
11,28,25.096381921246213
11,29,22.808082224542865
11,30,25.241913640893873
11,31,25.133789594527087
11,32,21.334259614236903
11,33,21.70594953080095
11,34,24.209223108942272
11,35,21.649590194493182
11,36,21.39132980281121
11,37,18.441504672122885
11,38,18.811769400056665
11,39,16.87117945985608
11,40,17.204775028424667
11,41,19.928694345198334
11,42,18.284659410354287
11,43,14.603635513916885
11,44,15.021624102886427
11,45,15.114578112132794
11,46,13.52349055511181
11,47,16.362895584896272
11,48,15.295067044966988
11,49,12.603738207717965
11,50,15.89058858630697
11,51,15.704544027930764
11,52,12.58798602920755
11,53,14.397651170674445
11,54,17.606789915092378
11,55,16.12475921987066
11,56,14.920762303953893
11,57,18.417932508572907
11,58,18.601768619504764
11,59,15.240488728465962
11,60,16.89047457787015
11,61,19.85728844106054
11,62,18.219147070644215
11,63,16.526922227347185
11,64,20.128959803829527
11,65,21.257595042617535
11,66,18.692965792857663
11,67,20.092352994251037
11,68,22.563421670222557
11,69,24.653359548383115
11,70,22.248331335498438
11,71,18.813645598734574
11,72,18.41774198754072
11,73,15.986768104087028
11,74,16.870645916718875
11,75,16.443322170264253
11,76,17.60672577296877
11,77,15.844026903559921
11,78,12.332779492898192
11,79,13.095139970999341
11,80,14.61804997904698
11,81,11.86307217171442
11,82,9.497174681252343
11,83,12.707978892658655
11,84,13.470919152827898
11,85,10.372020076484107
11,86,11.069751444093416
11,87,14.645648977790518
11,88,14.221388060413549
11,89,12.78855371519888
11,90,15.297634414214908
11,91,18.255230521759795
11,92,22.30930971958661
11,93,23.568820567904996
11,94,20.60034784241573
11,95,21.935281562656904
11,96,21.172429572513707
11,97,21.911520487585587
11,98,24.841106066944434
11,99,23.129858261664733
11,100,21.414241583737933
11,101,18.681411716586844
11,102,18.244972293175223
11,103,15.247199655155317
11,104,14.333364109681918
11,105,14.802163722480687
11,106,12.955624618430429
11,107,9.628383814164732
11,108,10.18555740411434
11,109,11.053919179635777
11,110,8.085594519205587
11,111,5.872906941045093
11,112,8.848658804578182
11,113,8.947002739945782
11,114,5.94696936508088
11,115,7.574815734944786
11,116,10.793662989938074
11,117,10.704736078488926
11,118,9.522306600646266
11,119,12.446006364620045
11,120,14.707219047771018
11,121,14.35081031495488
11,122,15.376579038619644
12,1,16.473418509082038
12,2,15.499001996346475
12,3,14.471785164322096
12,4,12.425815529602819
12,5,10.529987368888726
12,6,10.037268491450932
12,7,8.644438043206431
12,8,6.155494908840458
12,9,5.260971201208401
12,10,5.473305222551925
12,11,3.8100538259758174
12,13,3.8286044351726414
12,14,5.388411986416515
12,15,4.985862695510849
12,16,5.980172436439676
12,17,8.638073035172907
12,18,9.642873474505052
12,19,10.197990542618244
12,20,12.037659674806086
12,21,14.187267880358784
12,22,15.064225078054223
12,23,15.588384653152474
12,24,17.945971945399663
12,25,21.251567329772808
12,26,21.672672915597964
12,27,25.083360983758144
12,28,23.93849366596326
12,29,21.933641489586677
12,30,24.799037559648088
12,31,24.76065370111758
12,32,21.042248690346355
12,33,21.886475126173888
12,34,24.663926276518733
12,35,22.291858508587357
12,36,22.669266478631886
12,37,20.140702466815817
12,38,21.119658643384415
12,39,19.630846445215205
12,40,20.415043516106607
12,41,23.31009776703457
12,42,21.911526837884047
12,43,18.290087158254146
12,44,18.827848352167194
12,45,18.86079077607125
12,46,17.046575910340486
12,47,19.780114101743543
12,48,18.802380594430716
12,49,15.829987885639085
12,50,18.81699262402155
12,51,18.64426026710124
12,52,15.212493298665985
12,53,16.550548077463592
12,54,19.722130622025205
12,55,17.933893991095637
12,56,16.099045762171894
12,57,19.21157101168456
12,58,19.38860624358184
12,59,15.725827990217113
12,60,16.715446741790554
12,61,19.646461150183036
12,62,17.87825579555435
12,63,15.550074738904138
12,64,18.903271510032116
12,65,20.039689801939932
12,66,17.14169698189953
12,67,17.952359923195537
12,68,20.228438072355345
12,69,21.903591692868872
12,70,19.388830704306773
12,71,16.026622565848516
12,72,15.572814968408396
12,73,13.436831063800334
12,74,14.694001862618485
12,75,15.060765676849535
12,76,16.551497189111753
12,77,14.365555248029228
12,78,10.993943804893114
12,79,12.828796982276613
12,80,14.333881442880472
12,81,11.37088865171965
12,82,10.026527236435449
12,83,13.699197222225033
12,84,14.194755211023951
12,85,11.648237229740278
12,86,13.233972186621768
12,87,16.566930909387345
12,88,16.017602946475556
12,89,15.349969148677767
12,90,18.122995516042604
12,91,20.6782597227189
12,92,25.47925435963965
12,93,26.713017318380114
12,94,23.76856300262881
12,95,25.168456620477567
12,96,24.211215095846818
12,97,24.90350936698991
12,98,27.589512187427008
12,99,25.58406454361153
12,100,23.506892377559414
12,101,20.462369471678446
12,102,19.358747643159848
12,103,16.02193221628868
12,104,15.068613751644186
12,105,16.40762614224252
12,106,14.839339235801463
12,107,11.173157535869546
12,108,12.077425411216314
12,109,13.81104346112377
12,110,11.18141821824393
12,111,8.740516553276729
12,112,11.965059449281194
12,113,12.632846941738613
12,114,9.685288684570171
12,115,10.664028598338769
12,116,14.199925404604741
12,117,14.19319830104832
12,118,12.392841395250906
12,119,15.144458857671765
12,120,17.764468767835368
12,121,17.015295393215297
12,122,17.513013056886077
13,1,18.57870728945804
13,2,16.89109695138661
13,3,15.668121897517185
13,4,14.440861239283096
13,5,12.446795495613989
13,6,10.818004563629598
13,7,9.906116706142956
13,8,8.608715396749506
13,9,6.303057174825478
13,10,5.12288145211733
13,11,5.45793928948545
13,12,3.8286044351726414
13,14,3.8106113891039413
13,15,5.623274022394822
13,16,5.321217859484508
13,17,6.578433047707117
13,18,8.823878704807685
13,19,10.22878198875994
13,20,10.984764747482144
13,21,12.873311163858027
13,22,14.677674221732042
13,23,15.54201019589518
13,24,17.226756639843742
13,25,20.21825194872809
13,26,19.98898870830215
13,27,23.14628028843507
13,28,21.585451131191444
13,29,19.938700067203616
13,30,22.767648809479084
13,31,22.241274711023856
13,32,18.51312746806458
13,33,19.77863040582965
13,34,22.262262401123966
13,35,19.626512647223308
13,36,20.204362938682287
13,37,17.800956803318766
13,38,19.07144444696118
13,39,18.17020281655439
13,40,19.252688707779235
13,41,22.52465179564676
13,42,21.588965065054463
13,43,18.13771446545873
13,44,19.30104869615052
13,45,19.117364707944105
13,46,16.944866736607608
13,47,19.071918406181133
13,48,17.939422783327487
13,49,14.60119958081292
13,50,17.01854813330185
13,51,16.788852459054002
13,52,13.107922830286542
13,53,13.937097162331078
13,54,16.952410786602226
13,55,15.043702704456685
13,56,12.774173385012022
13,57,15.664731194192354
13,58,16.03396298602448
13,59,12.357345977776482
13,60,13.008758830468098
13,61,16.09156544528809
13,62,14.669796676922653
13,63,12.201730189451608
13,64,15.495163551191723
13,65,17.014352903067056
13,66,14.500075158598898
13,67,15.310841341160149
13,68,18.05950152130458
13,69,20.078214839196004
13,70,18.097165797961107
13,71,14.426380033691427
13,72,13.402170066510967
13,73,10.672210884776446
13,74,11.444973224520892
13,75,11.384764150031728
13,76,12.825478015212342
13,77,10.948392515174568
13,78,7.36864808389638
13,79,9.100535313703169
13,80,10.970145230848278
13,81,8.517307623818493
13,82,7.079350091155634
13,83,10.86929923725164
13,84,11.966421282549287
13,85,10.186517717421745
13,86,11.587810323024042
13,87,14.854274700917161
13,88,15.05396139305003
13,89,14.84289967740643
13,90,17.17859248052668
13,91,19.46678391629325
13,92,24.010072900517848
13,93,25.008563971589606
13,94,22.111048240089815
13,95,23.669725043658474
13,96,22.654836086434894
13,97,23.655233818312148
13,98,26.18986812591154
13,99,24.25199258054681
13,100,21.78037475302219
13,101,18.850654528669313
13,102,17.620620800275766
13,103,14.016427194226202
13,104,13.932828831263079
13,105,15.558048201406127
13,106,13.42234700369455
13,107,10.029984200812804
13,108,12.103844960147953
13,109,13.627402791569027
13,110,10.786646001531949
13,111,9.504065659545072
13,112,13.182642884603082
13,113,13.378866431805717
13,114,10.999546107679162
13,115,12.94927345046663
13,116,16.10402086173716
13,117,15.874815940671995
13,118,14.81419988284933
13,119,17.862356718171966
13,120,20.05094426491772
13,121,19.380412050826436
13,122,20.432353992965638
14,1,20.226853466109667
14,2,18.80693521154567
14,3,16.927663989617326
14,4,15.470407927662514
14,5,14.331295869488871
14,6,12.676549959659004
14,7,10.68642198173594
14,8,9.900997462476097
14,9,8.825432949149308
14,10,6.386816281613264
14,11,5.229861819972614
14,12,5.388411986416515
14,13,3.8106113891039413
14,15,3.818823557849067
14,16,5.42381410891639
14,17,5.281593775526411
14,18,6.206499071740136
14,19,8.671017299354832
14,20,9.96800727035574
14,21,10.859847060749415
14,22,12.419916102665734
14,23,14.096406847183646
14,24,16.062760957349063
14,25,18.75934589412671
14,26,18.573462298297557
14,27,21.597025887110455
14,28,19.93902057123548
14,29,17.789122837538713
14,30,20.28776220317728
14,31,20.022180713984636
14,32,16.226407028217324
14,33,16.91572485955013
14,34,19.475333033291143
14,35,16.98486621673385
14,36,17.28245451938764
14,37,14.830744225506022
14,38,16.103519704716476
14,39,15.041743582716112
14,40,16.456457043559077
14,41,19.61990905707389
14,42,18.963098192622706
14,43,15.71750329402654
14,44,17.297720658510567
14,45,17.76740436117082
14,46,16.194845516704277
14,47,18.19344100894721
14,48,16.370343946630154
14,49,13.441812273042531
14,50,15.946611878834615
14,51,14.94112471714655
14,52,11.37892220949436
14,53,13.109799374828526
14,54,15.679437386960242
14,55,13.295742264759477
14,56,11.844128283109539
14,57,14.849414842155001
14,58,14.448234999436393
14,59,10.832350242732893
14,60,12.517658652286936
14,61,15.113090616812606
14,62,13.144745303369795
14,63,11.513342720467408
14,64,15.210339872468731
14,65,16.090812939799047
14,66,13.588804428917953
14,67,15.314677601959037
14,68,17.870637979671578
14,69,20.339003756457146
14,70,18.23918618643596
14,71,14.704746633788325
14,72,14.425517775300747
14,73,12.039266595941768
14,74,13.251607976423493
14,75,12.389526729854342
14,76,14.296636538823122
14,77,13.325079806345123
14,78,9.533143066364572
14,79,10.255185796427979
14,80,12.91637466140927
14,81,11.174453592861529
14,82,8.65122139283107
14,83,12.061574789665112
14,84,13.97923256711643
14,85,11.982043057992033
14,86,12.237490806697258
14,87,15.874600597876219
14,88,16.552788058215167
14,89,15.588553781605883
14,90,17.375247485257823
14,91,20.147935656349734
