1,2,3.7934447756129965
1,3,5.520028310151745
1,4,5.639182506782397
1,5,6.51071159097016
1,6,8.861709739830923
1,7,10.185482817411092
1,8,10.941593141645622
1,9,12.691711692806134
1,10,14.586965040166742
1,11,15.666884136525923
1,12,16.943374318975902
1,13,18.87812334810762
1,14,20.16343056631007
1,15,21.478499404192377
1,16,23.210783583857815
1,17,24.949674851326375
1,18,25.924453457701624
1,19,27.350798527898117
1,20,29.517315159261976
1,21,30.585756331213446
1,22,31.455430637593217
1,23,33.51023877483792
1,24,35.384808011611184
1,25,36.05354075693634
1,26,36.849165246950946
1,27,39.549658351606894
1,28,42.5251047696429
1,29,42.690166248506046
1,30,46.159641257624045
1,31,44.47862939358147
1,32,42.748226147974734
1,33,45.19432056896915
1,34,44.58659437922358
1,35,40.7556660227771
1,36,41.10046544005335
1,37,42.90996007351689
1,38,39.87539037458354
1,39,38.81039406853384
1,40,35.136111786979875
1,41,34.0793718844961
1,42,31.602988736381544
1,43,29.32291304793836
1,44,31.185432250618742
1,45,27.94439614932813
1,46,24.703602748287462
1,47,22.260033552764323
1,48,19.637472931251203
1,49,17.5869627235605
1,50,20.09340197051756
1,51,22.82651154034183
1,52,21.607046355579836
1,53,24.09352496324586
1,54,26.76014346694645
1,55,25.62471349011657
1,56,25.524560363123715
1,57,29.10688109166882
1,58,30.36539979509852
1,59,29.211058066868944
1,60,32.63430397446591
1,61,34.47976096417649
1,62,32.158842621034324
1,63,32.89333062371981
1,64,36.58624033760965
1,65,36.46248969265093
1,66,34.455351108661596
1,67,37.509009070095196
1,68,39.659441972435175
1,69,37.438479362742804
1,70,37.992693484313534
1,71,40.55962448624132
1,72,41.86383391619746
1,73,39.45103698394419
1,74,36.33372460493503
1,75,35.106539975650676
1,76,32.747558246243244
1,77,31.75261309577423
1,78,31.828049478245017
1,79,31.049982991198615
1,80,28.29247153422008
1,81,26.70155221568841
1,82,27.03368417371846
1,83,25.463086584400237
1,84,22.407777210217805
1,85,22.12797081576228
1,86,22.743548014919853
1,87,19.97682497318568
1,88,17.366642496859185
1,89,18.984748391779497
1,90,18.945942103721638
1,91,15.24595567540461
1,92,14.663330811448386
1,93,17.651248135267867
1,94,16.93618503035043
1,95,25.42663744030473
1,96,28.77228708183872
1,97,28.92463454216813
1,98,31.42691245061781
1,99,33.1918019249083
1,100,34.99156518788998
1,101,38.69074075283815
1,102,38.633545010503774
1,103,37.69685024040057
1,104,36.37143593245338
1,105,36.9678233305882
1,106,34.419396004487595
1,107,33.9928007589843
1,108,33.39012570340166
1,109,31.010204431901425
1,110,28.789402902544953
1,111,28.899508071530065
1,112,27.93096172121551
1,113,24.800123336044443
1,114,23.921205797316695
1,115,24.22387876264119
1,116,22.041257523393035
1,117,19.14162127786644
1,118,19.8391930270398
1,119,19.970686596806694
1,120,16.605438385856182
1,121,14.915109318409431
1,122,17.103931679067845
1,123,15.664501063389878
1,124,11.979472688938749
1,125,12.845801837294518
2,1,3.7934447756129965
2,3,3.823311563420897
2,4,5.507042983639838
2,5,5.044832918944701
2,6,6.066149731200997
2,7,8.496313961019457
2,8,9.78764925421804
2,9,10.559033663592748
2,10,12.281453941175466
2,11,14.167363801384207
2,12,15.324783507514633
2,13,16.62182312844797
2,14,18.207757078290502
2,15,19.995535649685813
2,16,21.33692079039743
2,17,22.781262255218724
2,18,24.175746292357683
2,19,25.777734600303383
2,20,27.553576644619135
2,21,28.61689840341316
2,22,29.894785848778675
2,23,31.869364327853226
2,24,33.45939243912366
2,25,34.31945531364323
2,26,35.444719113656745
2,27,38.054814772790884
2,28,40.82330905216461
2,29,40.7703886997134
2,30,44.12149656429475
2,31,42.21252434310508
2,32,40.45651174112687
2,33,42.71761956854832
2,34,41.96843903176173
2,35,38.15287483189883
2,36,38.42389031548337
2,37,40.025459562542125
2,38,36.904781924429294
2,39,35.66122121719767
2,40,31.9433375734077
2,41,30.710284410783647
2,42,28.273380338683143
2,43,25.890384111149423
2,44,27.771046052229465
2,45,24.616409459200934
2,46,21.451143047743734
2,47,19.148397191736414
2,48,16.2781210250924
2,49,14.041573382572482
2,50,16.369766693254064
2,51,19.2192514832799
2,52,18.074239598952328
2,53,20.43030037807419
2,54,23.195045674402433
2,55,22.26692787316682
2,56,22.10489825277214
2,57,25.605606834062673
2,58,27.041519084088087
2,59,26.08884839479604
2,60,29.527951824952197
2,61,31.388725014492348
2,62,29.286039884220987
2,63,30.173305900136494
2,64,33.81715294155593
2,65,33.81797008044059
2,66,32.06037796953528
2,67,35.15770291617628
2,68,37.310896020486766
2,69,35.29931871780665
2,70,36.0852193565845
2,71,38.852862380694155
2,72,40.45364670836851
2,73,38.15536538523834
2,74,34.85662630456655
2,75,33.6491005759661
2,76,31.043619825837624
2,77,29.945531590111678
2,78,29.62572832425297
2,79,28.733649035700292
2,80,26.275194425371417
2,81,24.590842609633935
2,82,24.48393204101255
2,83,22.972263893858134
2,84,20.168509152431447
2,85,19.51292894383554
2,86,19.804537990623484
2,87,17.235650614284054
2,88,14.596417577604326
2,89,15.751025438442142
2,90,15.584298088788923
2,91,11.993886920837053
2,92,11.142864032194625
2,93,13.939329480295582
2,94,13.190689838480095
2,95,21.64166178072512
2,96,24.983019324540763
2,97,25.193416831770556
2,98,27.754911540499126
2,99,29.61714156429239
2,100,31.550598227377353
2,101,35.25580495640133
2,102,35.359108160400915
2,103,34.46840676364084
2,104,33.349990922493205
2,105,34.129081201441814
2,106,31.712899017463055
2,107,31.50899993849902
2,108,30.71997278725801
2,109,28.153114802968428
2,110,26.212634710891784
2,111,26.4782225082307
2,112,25.19355828431209
2,113,22.01048037005524
2,114,21.58905223308144
2,115,21.906621834478777
2,116,19.350951802147907
2,117,16.689844941677933
2,118,17.926163652641876
2,119,17.85372029452891
2,120,14.240822492086465
2,121,13.218878243851035
2,122,15.801514923105584
2,123,14.109340247811582
2,124,10.752375398077062
2,125,12.666776042373012
3,1,5.520028310151745
3,2,3.823311563420897
3,4,3.8154539515896575
3,5,5.521400360134167
3,6,5.249463951034374
3,7,6.247551568472195
3,8,8.736964770209285
3,9,10.157433716841945
3,10,10.772229480451717
3,11,12.477039016744744
3,12,14.519018075042707
3,13,15.651589522559997
3,14,16.488939074464405
3,15,18.55372009296012
3,16,20.3686269222399
3,17,21.398604723325104
3,18,22.412247315120737
3,19,24.426808875525445
3,20,26.30601404031898
3,21,26.903938986088452
3,22,28.10725742010755
3,23,30.437167910825377
3,24,31.880226178094567
3,25,32.37638085556644
3,26,33.575520697311454
3,27,36.42552349249303
3,28,39.19111852412369
3,29,39.40805063262318
3,30,42.830898303968674
3,31,41.06781622258412
3,32,39.03271093446221
3,33,41.2408000550588
3,34,40.795946285895084
3,35,36.980865473646524
3,36,36.95359399819045
3,37,38.74971374636048
3,38,35.84609713377152
3,39,34.5296611794262
3,40,30.80299503226563
3,41,29.564808638126863
3,42,26.81815196447523
3,43,24.427387052621444
3,44,26.090268696701933
3,45,22.732322975655435
3,46,19.494732818345984
3,47,16.894460895317355
3,48,14.528785511682235
3,49,12.87171686172893
3,50,15.823027907796249
3,51,18.199327024823553
3,52,17.33321855726822
3,53,20.193220107054056
3,54,22.480423631469918
3,55,21.535546780603017
3,56,22.03065186793519
3,57,25.5194483458135
3,58,26.589466569934444
3,59,25.915729704476487
3,60,29.552100396467527
3,61,30.977275211073113
3,62,28.721454401058047
3,63,29.993009230937027
3,64,33.52004508535227
3,65,33.12288475196752
3,66,31.491383320432643
3,67,34.81553071782171
3,68,36.62717796029207
3,69,34.40443804866278
3,70,35.4449651993642
3,71,38.04341565443136
3,72,39.659082800707814
3,73,37.11027148932682
3,74,33.91129870204592
3,75,33.10517201233733
3,76,30.697820536064018
3,77,30.044279279128766
3,78,29.64470157417284
3,79,29.21136203220429
3,80,26.87171361565869
3,81,24.702367451198704
3,82,24.671445069990863
3,83,23.727278371462717
3,84,20.747412585191793
3,85,19.57546882252359
3,86,20.34539599986019
3,87,18.309961122404307
3,88,15.122332757230163
3,89,15.921378959417755
3,90,16.561538524801534
3,91,13.325466911473894
3,92,11.460320418502084
3,93,14.216203466390208
3,94,14.190963103075722
3,95,21.685176915772693
3,96,24.892268228975972
3,97,24.67812891498357
3,98,26.830490462526495
3,99,28.46317679947965
3,100,29.99478230438886
3,101,33.712155472087474
3,102,33.62212915642555
3,103,32.9097884439194
3,104,31.653873445606113
3,105,32.501486659567405
3,106,30.236356275319544
3,107,29.63353034630659
3,108,28.676418568790815
3,109,26.44553147868242
3,110,24.451658634519415
3,111,24.232135118346665
3,112,22.990621974327336
3,113,20.094414319390772
3,114,19.356279164268884
3,115,19.21997034743584
3,116,16.89738759381854
3,117,14.31715990452773
3,118,14.974470771957918
3,119,14.66702533058046
3,120,11.214826842785133
3,121,9.983892284253082
3,122,12.18218208796252
3,123,10.450896593950379
3,124,6.976654157984959
3,125,8.96590314886697
4,1,5.639182506782397
4,2,5.507042983639838
4,3,3.8154539515896575
4,5,3.8256532531937526
4,6,5.455930532852881
4,7,4.950738311330136
4,8,6.123088351765199
4,9,8.671095309910177
4,10,9.787114177212484
4,11,10.41272829184866
4,12,12.360158481663996
4,13,14.304156077453445
4,14,14.983650038696766
4,15,16.37443508226745
4,16,18.503454059465234
4,17,20.006577163362746
4,18,20.647168861868384
4,19,22.315523536670756
4,20,24.597618246898787
4,21,25.371193801309996
4,22,26.1415967293286
4,23,28.42093959207095
4,24,30.230258927603796
4,25,30.673163413631165
4,26,31.491201508281577
4,27,34.33059680622077
4,28,37.30861381428046
4,29,37.669636260631805
4,30,41.204815466232404
4,31,39.680683641026505
4,32,37.770305610569736
4,33,40.251837408806665
4,34,39.902733653083956
4,35,36.07349682059812
4,36,36.27882493238718
4,37,38.334042633860975
4,38,35.51143046118109
4,39,34.58270806930136
4,40,30.979678337651045
4,41,30.199056173259734
4,42,27.618475088592607
4,43,25.668670208612458
4,44,27.66958046684634
4,45,24.471814752181466
4,46,20.961506627884425
4,47,18.731012874404048
4,48,16.750188272270094
4,49,14.759498586837836
4,50,17.919542639841342
4,51,19.909319249508357
4,52,18.432960543169663
4,53,21.482367759836443
4,54,23.566020541240263
4,55,22.024325462195385
4,56,22.523595403963732
4,57,26.191786225275717
4,58,26.861046985440886
4,59,25.745223591759313
4,60,29.334546580759742
4,61,30.7377036190813
4,62,28.129355140894795
4,63,29.13027523631385
4,64,32.72221594944393
4,65,32.1758511878235
4,66,30.18536539712029
4,67,33.434432494655795
4,68,35.26325619077844
4,69,32.81397221436311
4,70,33.556475049943415
4,71,35.96087521603495
4,72,37.29102822853081
4,73,34.67328707733996
4,74,31.62169553242536
4,75,30.75948401535888
4,76,28.587536148574017
4,77,28.069130951202144
4,78,28.101318033213264
4,79,27.87727925558379
4,80,25.21868572181238
4,81,23.070307163405914
4,82,23.60615139865479
4,83,22.700877832192376
4,84,19.3650376480174
4,85,18.618761057051312
4,86,19.949058918184452
4,87,17.765129583535813
4,88,14.50095432900364
4,89,16.07368408840853
4,90,17.124907873558495
4,91,13.800385935964863
4,92,12.400658096565264
4,93,15.741547303895118
4,94,16.264566011501444
4,95,24.023194900296975
4,96,26.985431176211797
4,97,26.427216669151044
4,98,28.65402881986447
4,99,29.901378457455984
4,100,31.346229249890143
4,101,34.95731982180787
4,102,34.49224132082802
4,103,33.44372378229991
4,104,31.79806242301429
4,105,32.21465065250758
4,106,29.641481111293924
4,107,28.903038615637925
4,108,28.4034486366548
4,109,26.290043729055306
4,110,23.83291735595102
4,111,23.717926989215954
4,112,23.067670208935947
4,113,20.040062152077866
4,114,18.72212262544131
4,115,19.066285344537807
4,116,17.30157057812736
4,117,14.132517234525706
4,118,14.510578482148924
4,119,15.122461569287363
4,120,12.075985021872775
4,121,9.7411909757167
4,122,12.208213277351216
4,123,11.61907182652709
4,124,7.889820051262149
4,125,8.530844407841213
5,1,6.51071159097016
5,2,5.044832918944701
5,3,5.521400360134167
5,4,3.8256532531937526
5,6,3.8153043514675438
5,7,5.295970569754667
5,8,5.008092841449115
5,9,6.200319957530077
5,10,8.548622369258748
5,11,9.73410365318623
5,12,10.566869901473353
5,13,12.442450181007121
5,14,14.04759261393492
5,15,15.333886269558565
5,16,16.777300582353405
5,17,18.603915692849093
5,18,19.81370413219434
5,19,21.1107041083637
5,20,23.121500971783334
5,21,24.38015200445859
5,22,25.396854701909323
5,23,27.259421169721403
5,24,29.104644054262042
5,25,30.01098220220441
5,26,30.891613069790633
5,27,33.42837501053533
5,28,36.31646462985352
5,29,36.321779233915386
5,30,39.74619076935646
5,31,38.01414485234884
5,32,36.36989305013568
5,33,38.86499248416174
5,34,38.19087637215045
5,35,34.36216702854631
5,36,34.85890266572444
5,37,36.7058319350883
5,38,33.67128147323249
5,39,32.839257590334924
5,40,29.26048950487706
5,41,28.566059548100625
5,42,26.33483310670159
5,43,24.52512839942434
5,44,26.879355208168363
5,45,23.97740173991231
5,46,20.43911897883831
5,47,18.717401950412405
5,48,16.358014078338087
5,49,13.6473073436151
5,50,16.383223484072523
5,51,18.54509596446175
5,52,16.587374024729353
5,53,19.29363865258874
5,54,21.675972211622973
5,55,19.98705108710446
5,56,19.954415868635888
5,57,23.674367035133802
5,58,24.540238739948386
5,59,23.139388817105118
5,60,26.580308758464668
5,61,28.322946948703468
5,62,25.829730285401457
5,63,26.521085917433506
5,64,30.209909032318656
5,65,30.012627909663163
5,66,27.952521322325467
5,67,31.02671141593533
5,68,33.15009396724597
5,69,30.9450663305758
5,70,31.536810198983037
5,71,34.172077996733215
5,72,35.61873038039324
5,73,33.286973802087005
5,74,30.055329649304905
5,75,28.836612738090746
5,76,26.381582304434396
5,77,25.46040865938784
5,78,25.427437966117733
5,79,24.842781870661348
5,80,22.165367289705216
5,81,20.32579106934976
5,82,20.71538749348001
5,83,19.43343768091888
5,84,16.222301350019126
5,85,15.78547907599202
5,86,16.801127464923415
5,87,14.29104540732946
5,88,11.308331622399649
5,89,13.250973677330574
5,90,13.931869427560576
5,91,10.440862664767817
5,92,9.773584121814888
5,93,13.365665122454283
5,94,13.863973751772265
5,95,22.183124469682813
5,96,25.062664489317815
5,97,24.63578400032462
5,98,27.2352729225555
5,99,28.521362300101977
5,100,30.331449265579522
5,101,33.88986229363036
5,102,33.51935338966252
5,103,32.204014619584584
5,104,30.649945753059686
5,105,30.962241245782636
5,106,28.228943699960475
5,107,27.953658783305762
5,108,27.640719689797624
5,109,25.139354840203378
5,110,22.751771901861172
5,111,23.23645885490325
5,112,22.53346443227408
5,113,19.156168852194657
5,114,18.26472924779352
5,115,19.220223293821487
5,116,17.157716179144444
5,117,13.891424021027364
5,118,15.187340811187957
5,119,16.13836896178993
5,120,12.883418296278935
5,121,11.0552748432868
5,122,14.252987361135723
5,123,13.765659229143036
5,124,10.40415210462005
5,125,11.738356307747619
6,1,8.861709739830923
6,2,6.066149731200997
6,3,5.249463951034374
6,4,5.455930532852881
6,5,3.8153043514675438
6,7,3.7892260952052568
6,8,5.503558721730902
6,9,5.284557426159563
6,10,6.278119330384864
6,11,8.73099612218425
6,12,10.048420716706179
6,13,10.78322058067869
6,14,12.295721859683288
6,15,14.448951242645903
6,16,15.684083074085843
6,17,16.81519031218281
6,18,18.325978047790148
6,19,20.1283208526714
6,20,21.70854924301892
6,21,22.647695423289782
6,22,24.120190406193387
6,23,26.11970717986804
6,24,27.522914656475333
6,25,28.416541834367376
6,26,29.731313158179876
6,27,32.3184697939017
6,28,34.96508938597715
6,29,34.889022339572215
6,30,38.21987309513327
6,31,36.304414405015926
6,32,34.45100755126935
6,33,36.68844650644223
6,34,36.02761167762908
6,35,32.20677475036163
6,36,32.41720401448623
6,37,34.12494131431503
6,38,31.098496815524584
6,39,29.966592303818093
6,40,26.29205162283709
6,41,25.32570732391903
6,42,22.913929235750228
6,43,20.911177069503513
6,44,23.14136858874319
6,45,20.18787892536841
6,46,16.688654136737366
6,47,14.946373899424465
6,48,12.561976497021622
6,49,9.896446781469233
6,50,12.83507743723585
6,51,14.87937183831248
6,52,13.183011781254612
6,53,16.079556917630235
6,54,18.33665296957751
6,55,16.929886548263024
6,56,17.236181402104112
6,57,20.863392082540777
6,58,21.77969144199587
6,59,20.835724560717814
6,60,24.43741058376742
6,61,25.953944621394506
6,62,23.6553785646778
6,63,24.790644088309655
6,64,28.3551211393062
6,65,28.08431557196794
6,66,26.419977255598564
6,67,29.684233220589498
6,68,31.612435221256405
6,69,29.53785090427064
6,70,30.56158214966905
6,71,33.32554096954373
6,72,35.10964667814204
6,73,32.76501434357379
6,74,29.404084328596053
6,75,28.4521912238591
6,76,25.840075279395595
6,77,25.052828355677747
6,78,24.487718078832614
6,79,24.012321939503202
6,80,21.797476694561677
6,81,19.58520109837646
6,82,19.428707913450097
6,83,18.557513094132638
6,84,15.628458984731529
6,85,14.331647662479744
6,86,15.172280572432676
6,87,13.296289174655024
6,88,9.941206784065441
6,89,10.88322896865567
6,90,11.927817484088708
6,91,8.888708138021592
6,92,6.982101230287617
6,93,10.345254243436717
6,94,11.293706826819642
6,95,18.908371772053552
6,96,21.736759928198367
6,97,21.174600343933502
6,98,23.612575023492447
6,99,24.934645035852622
6,100,26.685843625500656
6,101,30.292891423375238
6,102,30.039441769899284
6,103,28.919498265122087
6,104,27.55789574421026
6,105,28.175858293046318
6,106,25.70636546835299
6,107,25.45386183363195
6,108,24.76719620984578
6,109,22.221031175208044
6,110,20.1637093865913
6,111,20.520118194034545
6,112,19.397916182727474
6,113,16.101863223779006
6,114,15.630153761315349
6,115,16.286812347531814
6,116,13.831497307070633
6,117,10.9056743811467
6,118,12.60615642347836
6,119,13.120368270400755
6,120,9.645822500465343
6,121,8.659024541241074
6,122,12.059328426657745
6,123,11.278840441246794
6,124,8.541399179249604
6,125,10.898545026642626
7,1,10.185482817411092
7,2,8.496313961019457
7,3,6.247551568472195
7,4,4.950738311330136
7,5,5.295970569754667
7,6,3.7892260952052568
7,8,3.8094324397748154
7,9,5.511144214198591
7,10,5.105557208097362
7,11,6.270363361514915
7,12,8.790294622418118
7,13,9.971477172195934
7,14,10.362658712889084
7,15,12.359539626788813
7,16,14.405767806929926
7,17,15.417696255204872
7,18,16.207560649268466
7,19,18.232923701824692
7,20,20.2272926097422
7,21,20.788023220982424
7,22,21.87293777823104
7,23,24.225694277455492
7,24,25.739184572977937
7,25,26.213801618231088
7,26,27.34389041300707
7,27,30.182133927794336
7,28,32.98096333848863
7,29,33.27664031410573
7,30,36.757364825203794
7,31,35.148535470414615
7,32,33.10389218129421
7,33,35.47236909091961
7,34,35.17666810051365
7,35,31.355061170594706
7,36,31.42222893755844
7,37,33.49155829021304
7,38,30.7441142569104
7,39,29.797880809005175
7,40,26.221411024425336
7,41,25.550847885203908
7,42,22.95705575005877
7,43,21.249384825347228
7,44,23.42087986867069
7,45,20.39654882806088
7,46,16.7258520501306
7,47,14.934817205698407
7,48,13.419513480043832
7,49,11.354720172209115
7,50,14.81219131408014
7,51,16.108150496593215
7,52,14.411607297109887
7,53,17.78409431174293
7,54,19.393149266489967
7,55,17.631974848915043
7,56,18.58056697204614
7,57,22.206650732900243
7,58,22.510105747091576
7,59,21.564918426934227
7,60,25.259329134848343
7,61,26.332063573420804
7,62,23.674120304238727
7,63,24.986681003678783
7,64,28.449194966362125
7,65,27.694769566778348
7,66,25.91664878924322
7,67,29.32995980887169
7,68,30.93235168120802
7,69,28.498794409108843
7,70,29.562715450136157
7,71,32.02044124550511
7,72,33.61692039293307
7,73,30.978252259403753
7,74,27.820580753676133
7,75,27.22864134301834
7,76,24.989282857945323
7,77,24.73182046655411
7,78,24.403808425687895
7,79,24.504017802126334
7,80,22.203332960320214
7,81,19.588906474378405
7,82,19.91644424630131
7,83,19.611236157418237
7,84,16.351469589219672
7,85,14.909998017499854
7,86,16.57791762720807
7,87,15.141057658785886
7,88,11.464376254997404
7,89,12.547014848013092
7,90,14.470896049358169
7,91,11.860937642477287
7,92,9.683095926109596
7,93,12.946291488893156
7,94,14.53609253190005
7,95,21.249931762631824
7,96,23.79747502949237
7,97,22.714180671832455
7,98,24.7605219925565
7,99,25.634045052300216
7,100,26.91721383423263
7,101,30.44197890293376
7,102,29.775739525974434
7,103,28.635486879479597
7,104,26.889891917890015
7,105,27.28961159299918
7,106,24.77415707139249
7,107,24.0026603820921
7,108,23.45558166862135
7,109,21.36174545669521
7,110,18.917798413911953
7,111,18.80422380462491
7,112,18.164520257276553
7,113,15.114334059867625
7,114,13.807324817147304
7,115,14.30907880378842
7,116,12.571690447767748
7,117,9.24265943469714
7,118,9.996916591731859
7,119,11.034587896638412
7,120,8.123075003138618
7,121,5.822889743487297
7,122,9.2127391840328
7,123,9.384658151014698
7,124,6.608680021604367
7,125,8.0802185269486
8,1,10.941593141645622
8,2,9.78764925421804
8,3,8.736964770209285
8,4,6.123088351765199
8,5,5.008092841449115
8,6,5.503558721730902
8,7,3.8094324397748154
8,9,3.7785272601076785
8,10,5.310527800269621
8,11,4.963659493990549
8,12,6.265129962676471
8,13,8.689632861035374
8,14,9.621637577409805
8,15,10.539307194400447
8,16,12.489478637844098
8,17,14.368950362221364
8,18,15.112323004119974
8,19,16.415869016624
8,20,18.713681095393614
8,21,19.831153724726168
8,22,20.57324034563272
8,23,22.57283109190795
8,24,24.534222297517303
8,25,25.26134740570372
8,26,25.996867452225008
8,27,28.620826451350407
8,28,31.597437822311104
8,29,31.813465852714554
8,30,35.33920808653764
8,31,33.8440769015626
8,32,32.11433442138905
8,33,34.76524670395099
8,34,34.34886011175357
8,35,30.527273357787983
8,36,31.02605043981393
8,37,33.196221162522214
8,38,30.398936813243953
8,39,29.89029174664666
8,40,26.479987068219334
8,41,26.278854127653947
8,42,24.100302153267315
8,43,22.861138250685624
8,44,25.450442385853247
8,45,22.76827184158984
8,46,19.0081220501893
8,47,17.78997171880526
8,48,16.289176851512075
8,49,13.700715984922725
8,50,16.829952830244558
8,51,18.015443921281808
8,52,15.625451711791676
8,53,18.77406991403535
8,54,20.4161815298863
8,55,18.097457395134644
8,56,18.629795191788315
8,57,22.381011816509723
8,58,22.4752037895383
8,59,20.910717436372277
8,60,24.408739065769627
8,61,25.70284122522772
8,62,22.79691447406166
8,63,23.58910954033506
8,64,27.176396193061343
8,65,26.522632966913882
8,66,24.31171837671875
8,67,27.51293830224964
8,68,29.34537762820108
8,69,26.83831496753995
8,70,27.461148387331672
8,71,29.86860656671462
8,72,31.224954142662444
8,73,28.694530335395868
8,74,25.570433200990838
8,75,24.654123723306448
8,76,22.476368347948327
8,77,22.082404474013835
8,78,22.207409917970903
8,79,22.275263375084783
8,80,19.596206329824643
8,81,17.227574712108094
8,82,18.1109762770953
8,83,17.57265741869367
8,84,14.010058841973972
8,85,13.31849473939079
8,86,15.362100334763447
8,87,13.565595138467982
8,88,10.125125026925216
8,89,12.275082003707336
8,90,14.213300298393962
8,91,11.533192618604724
8,92,10.424687310578134
8,93,14.084148067609377
8,94,15.814069552815873
8,95,23.022919691291506
8,96,25.365988184805804
8,97,24.200815567945032
8,98,26.521431360186597
8,99,27.15362834181979
8,100,28.59269625472977
8,101,31.961918691584444
8,102,31.074368920234658
8,103,29.50087928510237
8,104,27.494485043768993
8,105,27.417718432339242
8,106,24.514507996866925
8,107,23.926321174502373
8,108,23.96848570813814
8,109,21.766835965675607
8,110,18.94404753176213
8,111,19.350488001760123
8,112,19.27573308605965
8,113,15.966213028714561
8,114,14.398196113308934
8,115,15.780473479395956
8,116,14.467569199305272
8,117,10.76612452805182
8,118,11.760408693183619
8,119,13.720312845414764
8,120,11.260248855440155
8,121,8.69901231196285
8,122,12.115825688607929
8,123,12.954654277433475
8,124,10.206786871285757
8,125,10.848863058032943
9,1,12.691711692806134
9,2,10.559033663592748
9,3,10.157433716841945
9,4,8.671095309910177
9,5,6.200319957530077
9,6,5.284557426159563
9,7,5.511144214198591
9,8,3.7785272601076785
9,10,3.7875472343844154
9,11,5.350488673252923
9,12,5.041550859548423
9,13,6.312012056869292
9,14,8.56054724957653
9,15,9.979876939092627
9,16,10.81111540787698
9,17,12.597016748763654
9,18,14.246593674646007
9,19,15.456047753835241
9,20,17.116452842900088
9,21,18.565314889492008
9,22,19.883712235579793
9,23,21.506959469473895
9,24,23.202750429455392
9,25,24.407510407347825
9,26,25.487715119349872
9,27,27.81826690840022
9,28,30.53540655924148
9,29,30.33343646588425
9,30,33.683846260982996
9,31,31.855648119454667
9,32,30.2656113506117
9,33,32.7665257403859
9,34,32.02406384320631
9,35,28.19912237461518
9,36,28.820842574940404
9,37,30.691194046881293
9,38,27.67254114969244
9,39,27.08054141891408
9,40,23.63272751785375
9,41,23.37119107975843
9,42,21.45947148244684
9,43,20.2842303764052
9,44,23.136048412761507
9,45,20.75569474268827
9,46,17.061772046975086
9,47,16.380833267581238
9,48,14.622330388714115
9,49,11.513474978122256
9,50,14.188467714839195
9,51,15.340295731230052
9,52,12.55690778358257
9,53,15.433537705237896
9,54,17.246152586805536
9,55,14.869849842324
9,56,15.040487264108208
9,57,18.818512404223554
9,58,19.108971504671175
9,59,17.476457293289567
9,60,20.950679330922114
9,61,22.473281864519652
9,62,19.780500410202844
9,63,20.521822951493824
9,64,24.16868695952425
9,65,23.83916785511006
9,66,21.79405490482825
9,67,24.950519856939593
9,68,26.98389934938927
9,69,24.817235916562744
9,70,25.563666282413166
9,71,28.30694999917203
9,72,30.003427216305372
9,73,27.770805558886433
9,74,24.3805886854781
9,75,23.254501281144083
9,76,20.65104262125451
9,77,19.890261980939787
9,78,19.575474642055163
9,79,19.319507347221826
9,80,16.90597775893136
9,81,14.58765493855437
9,82,14.93987230199094
9,83,14.269236146276075
9,84,10.948552471656729
9,85,9.9684271899703
9,86,11.679874604605425
9,87,9.96685616697109
9,88,6.400040768241234
9,89,8.560812146544436
9,90,10.556134488468643
9,91,8.217296888616746
9,92,7.330182397590526
9,93,10.967757285044657
9,94,13.039480933084855
9,95,20.070215430170688
9,96,22.231444896107043
9,97,21.094602370174584
9,98,23.662611581768317
9,99,24.32748066094632
9,100,26.078131260751643
9,101,29.404339791204034
9,102,28.68095541312726
9,103,26.961194284423748
9,104,25.165603125275553
9,105,25.167814948624667
9,106,22.2579763609822
9,107,22.18190619542005
9,108,22.184012772265
9,109,19.550668654307277
9,110,17.014701059087134
9,111,17.998207861159617
9,112,17.611839913849536
9,113,14.008415170095747
9,114,13.206178577372459
9,115,15.033112567445544
9,116,13.23052251600254
9,117,9.77296720605504
9,118,11.930333551161977
9,119,13.817449227864902
9,120,11.211128835794288
9,121,9.757228318939088
9,122,13.534275952078627
9,123,14.108862758420534
9,124,11.911687809278455
9,125,13.461909914519817
10,1,14.586965040166742
10,2,12.281453941175466
10,3,10.772229480451717
10,4,9.787114177212484
10,5,8.548622369258748
10,6,6.278119330384864
10,7,5.105557208097362
10,8,5.310527800269621
10,9,3.7875472343844154
10,11,3.799030771981742
10,12,5.412778323941125
10,13,5.095226599620218
10,14,6.052535584524461
10,15,8.661985748948089
10,16,9.928812458198667
10,17,10.650521560773013
10,18,12.102852505293836
10,19,14.136887113333428
10,20,15.618290798106878
10,21,16.37745723462798
10,22,17.93332055086469
10,23,19.998423895195998
10,24,21.284534460279062
10,25,22.152102775035363
10,26,23.572555270357075
10,27,26.156078875112595
10,28,28.73634738789574
10,29,28.730583001872013
10,30,32.09786313258422
10,31,30.299849963195562
10,32,28.335161274989243
10,33,30.6598351233434
10,34,30.200198744520073
10,35,26.37184202540688
10,36,26.565293678642536
10,37,28.557519047113278
10,38,25.741618089401396
10,39,24.93975786127472
10,40,21.434358959347673
10,41,21.074127853339128
10,42,18.800894465341354
10,43,17.62343788120003
10,44,20.303886108898325
10,45,17.81971597067532
10,46,14.03777705263028
10,47,13.377807133124444
10,48,12.283544064605948
10,49,9.742109455151391
10,50,12.884965890473817
10,51,13.323318677573774
10,52,10.859427141753413
10,53,14.286014161893256
10,54,15.447254151370101
10,55,13.131822204014963
10,56,14.232798055796078
10,57,17.852048533454873
10,58,17.752946882380026
10,59,16.678511678411514
10,60,20.378332764416264
10,61,21.311120412809828
10,62,18.580092358656792
10,63,19.97063936516119
10,64,23.379853386133174
10,65,22.609434130997325
10,66,20.932026308506757
10,67,24.394413513995183
10,68,25.96808693421587
10,69,23.677544666157146
10,70,24.919412728783527
10,71,27.556030102192867
10,72,29.447935224111806
10,73,26.99050231312329
10,74,23.639028180453945
10,75,23.073156592053515
10,76,20.61991457664942
10,77,20.405306578564844
10,78,19.709542335674275
10,79,19.985258369599645
10,80,18.051522865871583
10,81,15.12373689783949
10,82,15.211038324862066
10,83,15.42331579652301
10,84,12.35995346543819
10,85,10.307253644218196
10,86,12.349170405849641
10,87,11.741591129933093
10,88,7.954083372620755
10,89,8.695453644112611
10,90,11.567822873471748
10,91,10.069329103628036
10,92,7.855495032252359
10,93,10.825741390171997
10,94,13.537885157634081
10,95,19.144196089765916
10,96,21.071498247713944
10,97,19.472396551928107
10,98,21.57345467282535
10,99,21.97270617925481
10,100,23.32550362680727
10,101,26.66245687420521
10,102,25.77627634539461
10,103,24.256865475497612
10,104,22.381064297171697
10,105,22.57164781172269
10,106,19.907016664136123
10,107,19.44818557996988
10,108,19.12231964461399
10,109,16.74968310745333
10,110,14.25095275507278
10,111,14.731307136888004
10,112,14.230665803287264
10,113,10.809067965472428
10,114,9.808391141018713
10,115,11.303720966192827
10,116,9.583240882246365
10,117,6.014841723166367
10,118,8.245789480789558
10,119,10.211949543638772
10,120,8.008539805922194
10,121,6.848796681175936
10,122,10.587475852447254
10,123,11.551171997397436
10,124,10.212533976467356
10,125,11.926532981993864
11,1,15.666884136525923
11,2,14.167363801384207
11,3,12.477039016744744
11,4,10.41272829184866
11,5,9.73410365318623
11,6,8.73099612218425
11,7,6.270363361514915
11,8,4.963659493990549
11,9,5.350488673252923
11,10,3.799030771981742
11,12,3.8213214638961275
11,13,5.38865914655242
11,14,4.862865417935825
11,15,6.102282430985754
11,16,8.562905938926217
11,17,9.880000317142198
11,18,10.27170411495501
11,19,12.014959299464246
11,20,14.287111199231001
11,21,15.023842192277437
11,22,15.82473454905686
11,23,18.060026705680055
11,24,19.826607324955
11,25,20.39380733505314
11,26,21.304054579046184
11,27,24.034721732961604
11,28,26.92760240489901
11,29,27.2721129195589
11,30,30.829208352419684
11,31,29.434489408127316
11,32,27.501176837917296
11,33,30.146913072886772
11,34,29.974838572809844
11,35,26.174734700857314
11,36,26.516268129634152
11,37,28.912626023064256
11,38,26.363669333770076
11,39,26.024925064305112
11,40,22.780249836659834
11,41,22.9607506181593
11,42,20.82107973699741
11,43,20.144905607888912
11,44,22.86492388529068
11,45,20.512002561624385
11,46,16.721048981117544
11,47,16.174281472096975
11,48,15.623491292111
11,49,13.403684313992589
11,50,16.593887316057018
11,51,16.70001929632914
11,52,14.137889824096407
11,53,17.549246735595933
11,54,18.30425020943895
11,55,15.562227010395821
11,56,16.81512920537785
11,57,20.368927553484042
11,58,19.70437053421575
11,59,18.263788339104725
11,60,21.797663116411165
11,61,22.48812161523675
11,62,19.325121462020658
11,63,20.47351670390277
11,64,23.819209990270792
11,65,22.671663356730495
11,66,20.582612723835435
11,67,23.998072215960832
11,68,25.404897440829863
11,69,22.701321551523684
11,70,23.647133140685945
11,71,25.91570412230404
11,72,27.425207734470042
11,73,24.721776397117544
11,74,21.612929257120964
11,75,21.196276675706528
11,76,19.204592499835293
11,77,19.44073720755544
11,78,19.345623366574518
11,79,20.12712562286503
11,80,17.85654931221659
11,81,14.809615257195789
11,82,15.797216187150388
11,83,16.292267726608763
11,84,12.84125106380511
11,85,11.382124858568263
11,86,14.220332881717376
11,87,13.608208475374054
11,88,10.067602332927116
11,89,11.584114651608648
11,90,14.600559465549686
11,91,13.069331570464739
11,92,11.428739288099242
11,93,14.515493390810871
11,94,17.217712756293853
11,95,22.81258160263944
11,96,24.547096754952463
11,97,22.689730324686426
11,98,24.61102050750638
11,99,24.600269138949432
11,100,25.633765381950457
11,101,28.770338265238713
11,102,27.44340429534721
11,103,25.704308423832444
11,104,23.35639507929464
11,105,23.029621013287336
11,106,20.103309298641403
11,107,19.215892853136253
11,108,19.449689298212636
11,109,17.54915335503451
11,110,14.440722844025716
11,111,14.729829422085167
11,112,15.17440123905429
11,113,12.050317848193844
11,114,9.90512400677621
11,115,11.763271811056015
11,116,11.244646223632568
11,117,7.446169029160493
11,118,8.331597225466187
11,119,11.282332840496643
11,120,9.98311741104726
11,121,7.592894947031866
11,122,10.843983642070993
11,123,12.79833542065412
11,124,11.33344363753071
11,125,11.83263626997062
12,1,16.943374318975902
12,2,15.324783507514633
12,3,14.519018075042707
12,4,12.360158481663996
12,5,10.566869901473353
12,6,10.048420716706179
12,7,8.790294622418118
12,8,6.265129962676471
12,9,5.041550859548423
12,10,5.412778323941125
12,11,3.8213214638961275
12,13,3.8038297563520107
12,14,5.423792008995201
12,15,5.2801674063879025
12,16,6.336688482618229
12,17,8.83907385143459
12,18,9.981102117625518
12,19,10.65064242361676
12,20,12.740692472477413
12,21,14.411576591470164
12,22,15.283548446720117
12,23,16.78171942645577
12,24,18.826855220915753
12,25,20.031853147008267
12,26,20.780021820177378
12,27,23.039778252443597
12,28,25.911138689670025
12,29,25.85509320781262
12,30,29.32163178549626
12,31,27.789071435476327
12,32,26.284654149456713
12,33,29.08267582613592
12,34,28.543684020328318
12,35,24.752542763957337
12,36,25.60824797035931
12,37,27.851402326014668
12,38,25.096699809908912
12,39,25.09541375412503
12,40,22.002001165850093
12,41,22.524054023304082
12,42,20.952950412168477
12,43,20.647609953541842
12,44,23.77486343779108
12,45,21.854929103367603
12,46,18.145650890697954
12,47,18.18589173559164
12,48,17.328689199798045
12,49,14.539654844932567
12,50,17.149782308488128
12,51,17.29345657981564
12,52,14.126055771706762
12,53,17.028263993509153
12,54,17.952509983782832
12,55,14.816142165153112
12,56,15.387320165924145
12,57,18.97563810153395
12,58,18.293462546212478
12,59,16.221025713472976
12,60,19.49523589624759
12,61,20.575519526812393
12,62,17.345131586157546
12,63,17.892289774203558
12,64,21.41434320203791
12,65,20.625161685197533
12,66,18.191937222498787
12,67,21.35436027246151
12,68,23.171507090567292
12,69,20.648112869278126
12,70,21.20581031747476
12,71,23.694314804104646
12,72,25.20856419237915
12,73,22.843543686111538
12,74,19.550508922322333
12,75,18.586618870406674
12,76,16.300201777444126
12,77,16.10033035957682
12,78,16.190776903518756
12,79,16.72254008392092
12,80,14.208270058602212
12,81,11.39832371385687
12,82,12.698671526641812
12,83,12.911239191493783
12,84,9.290284694236421
12,85,8.503890498959215
12,86,11.585188548843222
12,87,10.81456387389769
12,88,7.782840666792729
12,89,10.127516099264593
12,90,13.00187717448627
12,91,11.777228378665948
12,92,11.165721073078672
12,93,14.27188500403389
12,94,17.024068937499127
12,95,22.850888118917133
12,96,24.36390591895187
12,97,22.573257284462578
12,98,24.86196203578404
12,99,24.7619191850277
12,100,26.148880358374544
12,101,29.12097886580728
12,102,27.794081617336982
12,103,25.638570812562705
12,104,23.27871006896505
12,105,22.605201974198703
12,106,19.346016061963553
12,107,19.054854258604344
12,108,19.787268058956204
12,109,17.494946252830744
12,110,14.347125121437013
12,111,15.569362574777262
12,112,16.20755665158114
12,113,12.78456156047599
12,114,11.178183058545025
12,115,13.888864269507904
12,116,13.249910659086174
12,117,9.709994253412733
12,118,11.438484621341047
12,119,14.438330703706313
12,120,13.021375052287095
12,121,11.164580591539398
12,122,14.56791536824111
12,123,16.29598313542654
12,124,14.685600242557195
12,125,15.411398468889193
13,1,18.87812334810762
13,2,16.62182312844797
13,3,15.651589522559997
13,4,14.304156077453445
13,5,12.442450181007121
13,6,10.78322058067869
13,7,9.971477172195934
13,8,8.689632861035374
13,9,6.312012056869292
13,10,5.095226599620218
13,11,5.38865914655242
13,12,3.8038297563520107
13,14,3.822412039081142
13,15,5.572129663063885
13,16,5.187205586409117
13,17,6.355014291143935
13,18,8.63594176524517
13,19,9.960424237372274
13,20,11.019094101327813
13,21,12.477316614239264
13,22,14.238174751200928
13,23,15.689327376336582
13,24,17.06277651436556
13,25,18.502733715823826
13,26,19.90063636946028
13,27,22.058439403528567
13,28,24.53701562464244
13,29,24.206408504092416
13,30,27.50564456564671
13,31,25.636564094734634
13,32,23.9630022772874
13,33,26.46515164668232
13,34,25.803170753278742
13,35,21.97487373359188
13,36,22.616590523897358
13,37,24.649134152405267
13,38,21.789837692584356
13,39,21.52813307299652
13,40,18.320618570477794
13,41,18.72907244493806
13,42,17.18615802675523
13,43,17.001138645269343
13,44,20.246057975903327
13,45,18.597704825874274
13,46,15.004973772873907
13,47,15.607050616679429
13,48,15.008785138285619
13,49,12.319584652912045
13,50,14.612513086048944
13,51,14.192661244498234
13,52,10.919754672526903
13,53,13.809187438101752
13,54,14.348913411262197
13,55,11.116841562849645
13,56,12.043424963860693
13,57,15.521896487253054
13,58,14.688590126613146
13,59,12.94389629004903
13,60,16.426140306231147
13,61,17.281438875621124
13,62,14.1979953522103
13,63,15.267427390418009
13,64,18.700955589846032
13,65,17.90122347612434
13,66,15.958197254768828
13,67,19.363290240020344
13,68,21.032115452588528
13,69,18.779221269821612
13,70,19.906959887915434
13,71,22.671395995330233
13,72,24.695004102096064
13,73,22.473020150290395
13,74,18.96479751451058
13,75,18.25475261444351
13,76,15.641684206518192
13,77,15.479830737625484
13,78,14.700172764895033
13,79,15.300048367917388
13,80,13.54888351900083
13,81,10.299175336132146
13,82,10.64207803090004
13,83,11.522733196872013
13,84,8.557742360951071
13,85,6.281147838444815
13,86,9.360735327779038
13,87,9.71869324162047
13,88,6.682454074529939
13,89,7.716760562476248
13,90,11.2100145125583
13,91,10.985927763807123
13,92,9.861830082834953
13,93,12.215193412535667
13,94,15.492995245645087
13,95,20.05790127910772
13,96,21.213677101944114
13,97,19.147267135433363
13,98,21.316756804352416
13,99,21.046398700613942
13,100,22.445611330175304
13,101,25.37113577490576
13,102,24.09150177968995
13,103,21.929577770449367
13,104,19.712537747333464
13,105,19.259356675237317
13,106,16.147545740152456
13,107,16.12571482953704
13,108,16.57103521032174
13,109,13.98523331815997
13,110,11.12977142857198
13,111,12.680561942041903
13,112,12.946580252583331
13,113,9.36397084605911
13,114,8.494418804936338
13,115,11.4866159542746
13,116,10.564865425243035
13,117,7.5830672274676845
13,118,10.203385783398293
13,119,12.978747805289112
13,120,11.837727068531864
13,121,11.0499319040927
13,122,14.397008893217116
13,123,15.978669573636276
13,124,15.116083082255045
13,125,16.48286420352094
14,1,20.16343056631007
14,2,18.207757078290502
14,3,16.488939074464405
14,4,14.983650038696766
14,5,14.04759261393492
14,6,12.295721859683288
14,7,10.362658712889084
14,8,9.621637577409805
14,9,8.56054724957653
14,10,6.052535584524461
14,11,4.862865417935825
14,12,5.423792008995201
14,13,3.822412039081142
14,15,3.830667139476182
14,16,5.418918496511814
14,17,5.273607070233584
14,18,6.0560833050320095
14,19,8.475555499911815
14,20,10.03835228715102
14,21,10.462291866699655
14,22,11.8965427900243
14,23,14.122481284111638
14,24,15.394421060481735
14,25,16.130507491392773
14,26,17.53998908294563
14,27,20.161791071927468
14,28,22.754340986716755
14,29,22.94910894683589
14,30,26.418898857196815
14,31,24.901485067733642
14,32,22.81659142455273
14,33,25.351427393379325
14,34,25.23473191987599
14,35,21.44348305229399
14,36,21.6695846493518
14,37,24.127372388566354
14,38,21.710068103530375
14,39,21.49527347350616
14,40,18.42314585305662
14,41,18.998115200137445
14,42,17.09578188291139
14,43,17.11570700044515
14,44,20.051313248421465
14,45,18.292864199346273
14,46,14.693987899275252
14,47,15.181533599156198
14,48,15.423799832211278
14,49,13.51627472197855
14,50,16.250647806117723
14,51,15.295033586652922
14,52,12.582776964727262
14,53,15.85688053814908
14,54,15.693379508255218
14,55,12.579477637991642
14,56,14.425251417435428
