1,2,3.79927962988218
1,3,5.66147022739027
1,4,5.816746190651975
1,5,6.639208958507818
1,6,8.974195848144845
1,7,10.458250218931912
1,8,11.021276954707842
1,9,12.765854342775485
1,10,14.828334656274464
1,11,15.714353109032093
1,12,16.824526750977235
1,13,18.9759511986915
1,14,20.60718647426733
1,15,21.262064767200876
1,16,22.82174225592355
1,17,25.150637581525338
1,18,26.058072915593296
1,19,26.769429704810044
1,20,29.006164135292774
1,21,30.863653483629466
1,22,31.38435452819215
1,23,32.19216061790415
1,24,34.69440776193157
1,25,37.96694565174846
1,26,38.31850883438431
1,27,41.72188287144428
1,28,40.2147811978564
1,29,38.32026031258651
1,30,40.800178511809165
1,31,40.413991064115635
1,32,36.61496896740141
1,33,36.83699110774738
1,34,39.02885049679505
1,35,36.108452216479584
1,36,35.112161648554505
1,37,31.53919464605687
1,38,30.72575519492167
1,39,28.253667407117412
1,40,26.255197865676614
1,41,28.190150545718197
1,42,25.079512519382085
1,43,21.713555967962662
1,44,19.37012014261161
1,45,17.15715130113035
1,46,15.301453488327349
1,47,18.510325964031086
1,48,20.551630659488225
1,49,19.08620583401248
1,50,22.066225465057055
1,51,24.18171403428483
1,52,22.564024884018274
1,53,23.003482396354183
1,54,26.689146359705713
1,55,27.359868457432377
1,56,26.209955657857506
1,57,29.764697647826765
1,58,31.31801460065638
1,59,28.59699952032448
1,60,29.64777451254443
1,61,33.22208550937615
1,62,32.58591177554256
1,63,30.563517699891733
1,64,33.73716749298525
1,65,35.68686215864764
1,66,33.26653238464115
1,67,34.01936293295918
1,68,36.57096032739022
1,69,37.84572312144349
1,70,35.31382681030596
1,71,32.22795766346249
1,72,31.000015204582326
1,73,28.4923408492437
1,74,28.5406726460138
1,75,28.499162054545803
1,76,28.15799552829343
1,77,25.37741476454509
1,78,23.53686385706983
1,79,23.933850177594156
1,80,22.852284427231737
1,81,19.547145976293514
1,82,18.933767246928902
1,83,19.91776390218295
1,84,17.64444964238058
1,85,14.54377059432049
1,86,16.253497299028734
1,87,17.02124099447377
1,88,13.502280891165078
1,89,12.439124469208565
1,90,15.768253144394603
1,91,16.499516706134624
1,92,23.93279059191969
1,93,24.610029689911617
1,94,27.48917084229922
1,95,26.935576430361916
1,96,29.142267067776114
1,97,30.23707214034008
1,98,31.66709697404393
1,99,35.30773948714704
1,100,35.14759978847117
1,101,34.153568457666196
1,102,32.51262546671565
1,103,32.90532899276011
1,104,30.20647280629107
1,105,29.51686827219251
1,106,29.099360816191872
1,107,26.95869752250068
1,108,24.504693363466796
1,109,24.440304351985287
1,110,23.71628529403682
1,111,20.63041908533909
1,112,19.460231635244384
1,113,19.88250073014522
1,114,18.04091789695578
1,115,14.851754510660786
1,116,15.315860457301012
1,117,15.87403952780661
1,118,12.815193693590542
1,119,10.751486642231177
1,120,13.088277633728307
1,121,12.708244098910246
1,122,8.969387952236973
1,123,10.175299138924338
2,1,3.79927962988218
2,3,3.8016834900828202
2,4,5.680239690855128
2,5,5.349137367298008
2,6,6.258578082246212
2,7,8.756996894852827
2,8,9.939162605231068
2,9,10.688014550076474
2,10,12.568335016590053
2,11,14.280619447962422
2,12,15.358689869044285
2,13,16.858867413744065
2,14,18.726008576197096
2,15,19.94007928991928
2,16,21.189073438962037
2,17,23.220634476618198
2,18,24.55650360607881
2,19,25.54348680290017
2,20,27.40397833326403
2,21,29.230816376327112
2,22,30.18437354626563
2,23,31.102808913893497
2,24,33.297719926290384
2,25,36.464290222887726
2,26,36.48373864251757
2,27,39.760420662024494
2,28,38.04144121004316
2,29,36.38273614729725
2,30,38.85826645990982
2,31,38.1753776227544
2,32,34.40327179250018
2,33,34.86736998956142
2,34,36.864460389290095
2,35,33.768246851846165
2,36,32.857075855170734
2,37,29.31167464945412
2,38,28.587793018917374
2,39,26.447519734121272
2,40,24.55249333065465
2,41,26.816239453503293
2,42,24.01202641567303
2,43,20.596694332152325
2,44,18.742479534154455
2,45,16.180277415466524
2,46,13.618639229096068
2,47,16.53190008780948
2,48,18.682937638678542
2,49,16.76396620648322
2,50,19.45207285833341
2,51,21.80196137596273
2,52,20.049195289856755
2,53,20.037013443926234
2,54,23.763407974482238
2,55,24.594487020054093
2,56,23.20992213461748
2,57,26.63556182213119
2,58,28.46270321330716
2,59,25.848216421480608
2,60,26.66078081152954
2,61,30.322203796950156
2,62,29.99358498090922
2,63,27.918343157510694
2,64,30.95093584921192
2,65,33.14287795519433
2,66,30.96189729934805
2,67,31.63422875660589
2,68,34.389144776966475
2,69,35.789645701384316
2,70,33.52755756529545
2,71,30.290822671535626
2,72,28.7791034028257
2,73,25.999169831259582
2,74,25.675743700658757
2,75,25.51916754438143
2,76,24.876786467583585
2,77,22.13590853068445
2,78,20.5249809052773
2,79,20.73740522689957
2,80,19.38127513962371
2,81,16.208283009079583
2,82,15.794131486734104
2,83,16.493832534260104
2,84,13.997189391072396
2,85,11.117855778016642
2,86,13.063969879653124
2,87,13.562248114417205
2,88,9.9496356873065
2,89,9.496482686920539
2,90,13.010195631560359
2,91,13.465461320710292
2,92,21.22980614333018
2,93,22.243399415876745
2,94,25.11944266040441
2,95,24.704964596340375
2,96,27.23521840358944
2,97,28.350015808718993
2,98,30.096276080613325
2,99,33.6817310793565
2,100,33.599996937431165
2,101,32.34767778282418
2,102,30.77486345283428
2,103,31.07731929101399
2,104,28.259502352328283
2,105,28.00031448524236
2,106,27.735189651992428
2,107,25.23165196148145
2,108,22.856880993233478
2,109,23.354249420265134
2,110,22.553236224922816
2,111,19.15070269060051
2,112,18.42205391872358
2,113,19.373639097297065
2,114,17.237672547459407
2,115,14.000518100687517
2,116,15.348746331438576
2,117,16.19177143947159
2,118,12.94320753319157
2,119,11.411525860008638
2,120,14.513691354159926
2,121,14.189696243897712
2,122,10.822421382689168
2,123,12.740433428035855
3,1,5.66147022739027
3,2,3.8016834900828202
3,4,3.786995790740151
3,5,5.431087744562979
3,6,5.199492580437813
3,7,6.291045852494085
3,8,8.626472806610744
3,9,9.961765769488784
3,10,10.787029920932124
3,11,12.33141594105638
3,12,14.275741361766304
3,13,15.629422619174349
3,14,16.80181074478564
3,15,18.243004923262788
3,16,20.009368394024197
3,17,21.660336450894675
3,18,22.65928974676713
3,19,24.06358186310974
3,20,26.09231086016066
3,21,27.49098372479349
3,22,28.396538617960644
3,23,29.725582476343952
3,24,32.026666752628785
3,25,35.00667778423687
3,26,34.94995914551641
3,27,38.12891707740644
3,28,36.26191192898369
3,29,34.38606800684786
3,30,36.61194177069927
3,31,35.97813080550288
3,32,32.206781564276284
3,33,32.36371599502821
3,34,34.26130158899172
3,35,31.17520391247089
3,36,29.97973899483801
3,37,26.339535806324296
3,38,25.365399790711248
3,39,23.019684724586
3,40,20.971334358684835
3,41,23.104950314920785
3,42,20.233761670298602
3,43,16.840691974518517
3,44,14.945343673551612
3,45,12.427580245680213
3,46,10.003227526129464
3,47,13.174251923386255
3,48,15.131730476623632
3,49,13.472305051507757
3,50,16.41108523924551
3,51,18.575594625165305
3,52,17.063400560343887
3,53,17.46224721938881
3,54,21.09935553801659
3,55,21.9183133860651
3,56,20.990307269658246
3,57,24.579324411467788
3,58,26.150956663941216
3,59,23.686669357434244
3,60,24.957823233911146
3,61,28.48391225880569
3,62,28.032832213237178
3,63,26.34614477884432
3,64,29.587056111630904
3,65,31.56662336954818
3,66,29.465986474303143
3,67,30.569004194997223
3,68,33.44429846868258
3,69,35.17887497938139
3,70,32.895652033748625
3,71,29.503542142605784
3,72,28.298225495328364
3,73,25.46272436339987
3,74,25.216085323301996
3,75,24.560437551971074
3,76,24.11492979110598
3,77,21.807243838232736
3,78,19.749524984404918
3,79,19.489012060367
3,80,18.648079340492387
3,81,15.722496811109439
3,82,14.431655404333256
3,83,15.024774212704974
3,84,13.256811595047887
3,85,9.916673951825855
3,86,10.901766383986583
3,87,11.899560354326905
3,88,8.771529979768319
3,89,6.952499549814751
3,90,10.337222430099015
3,91,11.668697424126512
3,92,18.812414527816557
3,93,19.327726950484653
3,94,22.03929757881555
3,95,21.393104299270853
3,96,23.72330140257162
3,97,24.82504136143926
3,98,26.47812868201521
3,99,30.10551950038427
3,100,30.103599248915845
3,101,29.045082235767037
3,102,27.635455123083954
3,103,28.226975388232567
3,104,25.660771537229415
3,105,25.378361958683143
3,106,24.748739607744465
3,107,22.24596073441637
3,108,20.15892101568745
3,109,20.484493587167705
3,110,19.31017937128195
3,111,16.01134883487231
3,112,15.610903884340644
3,113,16.22693185242181
3,114,13.770356250072439
3,115,10.832502620589874
3,116,12.49499441527246
3,117,12.924942365724117
3,118,9.491112360101173
3,119,8.686899733445953
3,120,11.996906959765075
3,121,11.39343595871657
3,122,8.566074030271412
3,123,11.243842074700366
4,1,5.816746190651975
4,2,5.680239690855128
4,3,3.786995790740151
4,5,3.8051644724569638
4,6,5.504951310890828
4,7,5.10258211929526
4,8,6.135468991774886
4,9,8.702022560884906
4,10,9.92835278102994
4,11,10.343524755360324
4,12,12.184572869607425
4,13,14.330476835002809
4,14,15.337361288439459
4,15,16.062351852028833
4,16,18.09132772878987
4,17,20.13329250405494
4,18,20.720464896065867
4,19,21.758806767896232
4,20,24.146061181620382
4,21,25.649651028047163
4,22,26.131145958589972
4,23,27.29252883953164
4,24,29.869533718589935
4,25,32.975223804565566
4,26,33.28301280658135
4,27,36.62483477400919
4,28,35.06077615530741
4,29,32.96594982074947
4,30,35.302291254973255
4,31,35.03679731509347
4,32,31.23726713774636
4,33,31.2457974326883
4,34,33.48537079206361
4,35,30.679033071035818
4,36,29.64476542956357
4,37,26.10198561781542
4,38,25.404040441624765
4,39,22.870698643974688
4,40,21.161208567940022
4,41,23.268695529679253
4,42,20.31852193395403
4,43,16.72787217964417
4,44,14.824579848093155
4,45,13.181509717616322
4,46,11.433580408409743
4,47,15.058850377251755
4,48,16.255625657723954
4,49,14.59557688850085
4,50,17.992911738306507
4,51,19.49485660472263
4,52,17.640893451515044
4,53,18.680595564339768
4,54,22.30877088753738
4,55,22.51373493508429
4,56,21.609480251948273
4,57,25.318346304893637
4,58,26.431879555213154
4,59,23.637815836052816
4,60,25.092716116448234
4,61,28.48191016197796
4,62,27.54357423540154
4,63,25.799847119557167
4,64,29.194705597323246
4,65,30.836758296245925
4,66,28.38215048721214
4,67,29.529134821809375
4,68,32.12944153620111
4,69,33.7205601892949
4,70,31.136416581397654
4,71,27.905770317913362
4,72,27.06251457496369
4,73,24.589947404825665
4,74,24.906736986725864
4,75,24.46478150020155
4,76,24.59158204633146
4,77,22.21266418569617
4,78,19.74501592504597
4,79,19.95797897198783
4,80,19.659513924868413
4,81,16.433562225797303
4,82,14.945155957486365
4,83,16.38119182638534
4,84,15.042257552781631
4,85,11.376675940280974
4,86,12.543066071652758
4,87,14.421817879820663
4,88,11.690676190931423
4,89,9.601117103132152
4,90,12.976160411214824
4,91,14.928875925915493
4,92,21.612048576642632
4,93,21.666622605806204
4,94,24.000768665458153
4,95,22.808450036444356
4,96,24.71985605878573
4,97,25.34789326943994
4,98,26.50716556626499
4,99,30.060071591471964
4,100,29.644783559028717
4,101,28.588422332507257
4,102,26.818683207717548
4,103,27.206983580012622
4,104,24.59861206256217
4,105,23.79633014391598
4,106,23.295120445936732
4,107,21.246513950098695
4,108,18.798954131783947
4,109,18.635570860139207
4,110,17.937696042105138
4,111,14.89305757195661
4,112,13.660376231768284
4,113,14.16316341789156
4,114,12.425373123236616
4,115,9.072687965263903
4,116,9.798083782690783
4,117,10.79274864476248
4,118,7.976250286830384
4,119,5.825284184108901
4,120,9.141618633373554
4,121,9.555536344515723
4,122,6.806745001251027
4,123,8.583188562113778
5,1,6.639208958507818
5,2,5.349137367298008
5,3,5.431087744562979
5,4,3.8051644724569638
5,6,3.783739210292284
5,7,5.2930438780877145
5,8,4.838420070072153
5,9,6.166699320161773
5,10,8.624283074581571
5,11,9.556978472064863
5,12,10.291808892275427
5,13,12.378458514539387
5,14,14.253936979601843
5,15,14.94257855134936
5,16,16.250780957541252
5,17,18.598038202008837
5,18,19.727570495382135
5,19,20.422236866809573
5,20,22.4633753812087
5,21,24.410842270011734
5,22,25.136665698805984
5,23,25.909631381373785
5,24,28.234165227977975
5,25,31.484065349977836
5,26,31.751742587257063
5,27,35.15923772903555
5,28,33.70485845341839
5,29,31.90890668564419
5,30,34.5367926017432
5,31,34.15384110910536
5,32,30.361981027303127
5,33,30.809040188131167
5,34,33.14590584393453
5,35,30.322425766755686
5,36,29.72833431761521
5,37,26.359387650937972
5,38,26.139732483323034
5,39,24.037599721311683
5,40,22.761408790473563
5,41,25.29978076358416
5,42,22.701023256710325
5,43,18.984712104967677
5,44,17.653507678520754
5,45,15.977247979232008
5,46,13.65176930210668
5,47,17.017999508183376
5,48,18.13054829440536
5,49,15.773354789935055
5,50,18.938059628124744
5,51,20.474948532612952
5,52,18.075076676046965
5,53,18.681848259785305
5,54,22.443229439812153
5,55,22.447749359106783
5,56,20.923872156337314
5,57,24.461240623923544
5,58,25.77816785403727
5,59,22.743399601506574
5,60,23.682439512490618
5,61,27.19975538403841
5,62,26.363443782915972
5,63,24.177850020848567
5,64,27.36298773167339
5,65,29.218749525407038
5,66,26.699892416553226
5,67,27.412541972480046
5,68,29.93922684096642
5,69,31.271793438942918
5,70,28.771260884383103
5,71,25.621632288367273
5,72,24.454019217985607
5,73,21.98757900326834
5,74,22.26369580926527
5,75,22.27081393719
5,76,22.342191430001183
5,77,19.595547085960437
5,78,17.394988680554206
5,79,18.15057763401095
5,80,17.566449085495353
5,81,14.034161666004406
5,82,13.272796055632323
5,83,15.118548812581107
5,84,13.361733639439155
5,85,9.94809237607785
5,86,12.184054723724655
5,87,14.063713941327968
5,88,11.236187924871983
5,89,10.266681994700097
5,90,14.009257399111029
5,91,15.553781139016904
5,92,22.738416616463322
5,93,23.21474759936155
5,94,25.47685174957456
5,95,24.297454736102612
5,96,26.475832517927277
5,97,26.878145021718037
5,98,28.170165440612127
5,99,31.57733499773661
5,100,30.941254191646703
5,101,29.448910803785363
5,102,27.401090265715336
5,103,27.30654129123576
5,104,24.32018241904171
5,105,23.69657022120772
5,106,23.790465277170416
5,107,21.62304349153948
5,108,18.797327248042894
5,109,19.16141425089101
5,110,19.020391225602584
5,111,15.707405509960681
5,112,14.246997000339402
5,113,15.649491404403383
5,114,14.313420164008473
5,115,10.607011004316021
5,116,11.596236264375227
5,117,13.513999664567583
5,118,11.14498718847523
5,119,8.748698396870564
5,120,12.122680739324549
5,121,13.161559467710202
5,122,10.469729582824975
5,123,11.595161393395658
6,1,8.974195848144845
6,2,6.258578082246212
6,3,5.199492580437813
6,4,5.504951310890828
6,5,3.783739210292284
6,7,3.8032673324371156
6,8,5.390376464216019
6,9,5.0710646209211045
6,10,6.351994053103326
6,11,8.621205511251759
6,12,9.867654702220094
6,13,10.809523988436576
6,14,12.603351694448774
6,15,14.220873081311572
6,16,15.405801258766957
6,17,17.111472741566683
6,18,18.60312788087262
6,19,19.882596977226417
6,20,21.538248917878622
6,21,23.198276395939505
6,22,24.41364194743103
6,23,25.537216191363658
6,24,27.549652427339613
6,25,30.565239769214926
6,26,30.399922370276315
6,27,33.60260577776557
6,28,31.80665663316275
6,29,30.173058112119094
6,30,32.65189972635674
6,31,31.932805324798384
6,32,28.16291896926246
6,33,28.7255459855341
6,34,30.761714351929587
6,35,27.70901875489147
6,36,27.031487775539905
6,37,23.619534422034537
6,38,23.332380905849906
6,39,21.505485166185743
6,40,20.230892590726125
6,41,23.015012329296763
6,42,20.72402369511077
6,43,17.066013462252343
6,44,16.23464266712884
6,45,14.239332384669892
6,46,11.333872691766919
6,47,14.310365284477324
6,48,15.43619114079427
6,49,12.696953783924668
6,50,15.584569935180157
6,51,17.321777203818538
6,52,14.88908680460086
6,53,15.117262475396599
6,54,18.909294176253308
6,55,19.14115504821665
6,56,17.551787236383117
6,57,21.05180824039751
6,58,22.61466614919588
6,59,19.790415312409372
6,60,20.68209359279014
6,61,24.280194512632562
6,62,23.784863163342287
6,63,21.7377597708699
6,64,24.87473895331479
6,65,26.946783210531297
6,66,24.774646835458498
6,67,25.62025624650721
6,68,28.472445939714863
6,69,30.124887412459884
6,70,27.9472475619707
6,71,24.545562141396633
6,72,23.173680925036216
6,73,20.315577100166752
6,74,20.118886999593077
6,75,19.691741288309252
6,76,19.43998913467743
6,77,16.95429822428039
6,78,14.80446563198509
6,79,15.020015917471286
6,80,14.323180294587724
6,81,11.04776387877903
6,82,10.005651454241413
6,83,11.459068331821653
6,84,9.79492541669933
6,85,6.242586760214655
6,86,8.451239064953993
6,87,10.380164107729552
6,88,7.870104837154274
6,89,7.1127859148570245
6,90,10.836961107510422
6,91,12.43486741393055
6,92,19.470153541425553
6,93,20.09561514238089
6,94,22.279363623061222
6,95,21.203127597267706
6,96,23.641919478941404
6,97,24.11615015537306
6,98,25.736983246881614
6,99,29.107983043994576
6,100,28.65719734964551
6,101,27.01254638914871
6,102,25.17371031915744
6,103,25.167330167009627
6,104,22.18809983164509
6,105,22.09200114314336
6,106,22.13058406083722
6,107,19.515162613299506
6,108,16.981934011225977
6,109,17.942457350033063
6,110,17.453935539637275
6,111,13.839711774148125
6,112,13.194218926070166
6,113,14.972931615246567
6,114,13.110787428879265
6,115,9.69221915254468
6,116,11.861716533180752
6,117,13.628166650791732
6,118,11.068587941575874
6,119,9.825665325811329
6,120,13.588599739318141
6,121,14.23294131518104
6,122,12.031423071135418
6,123,13.992049108095507
7,1,10.458250218931912
7,2,8.756996894852827
7,3,6.291045852494085
7,4,5.10258211929526
7,5,5.2930438780877145
7,6,3.8032673324371156
7,8,3.8111416296329774
7,9,5.365617347842939
7,10,5.069835005598053
7,11,6.099222966227526
7,12,8.579193080397452
7,13,9.89688729024593
7,14,10.615090940786084
7,15,12.036851442314507
7,16,14.047181449499915
7,17,15.564439273767661
7,18,16.3782832054261
7,19,17.90601855053049
7,20,19.990576246641623
7,21,21.245365031051932
7,22,22.1349225266813
7,23,23.598589217304124
7,24,25.903683480435497
7,25,28.80618311784031
7,26,28.794475539631918
7,27,31.999576413531763
7,28,30.237830338613463
7,29,28.23313964146899
7,30,30.521294360459418
7,31,30.082324197231376
7,32,26.286865371495203
7,33,26.42062484659054
7,34,28.571619410860144
7,35,25.693558227994068
7,36,24.79885088271354
7,37,21.325681174348286
7,38,20.933560891558677
7,39,18.748463960394457
7,40,17.529948336250264
7,41,20.17343495409815
7,42,17.781413098546462
7,43,14.017025550455239
7,44,13.241237542940633
7,45,11.920598891558116
7,46,9.66572645420472
7,47,13.042960310362279
7,48,13.430830841569833
7,49,10.993872527054224
7,50,14.418000314182606
7,51,15.49078911905614
7,52,13.104910252101863
7,53,14.262660216412108
7,54,17.88975442231081
7,55,17.719605469423875
7,56,16.689284794734505
7,57,20.41315120991135
7,58,21.39773148555987
7,59,18.54257110367869
7,60,20.068950917091318
7,61,23.40636909230462
7,62,22.470870509407558
7,63,20.826326871253016
7,64,24.26743035110088
7,65,25.892908182524874
7,66,23.587577313492726
7,67,24.915931257068387
7,68,27.70291698141407
7,69,29.58971227843682
7,70,27.211720084954344
7,71,23.77737526223125
7,72,22.964973823583406
7,73,20.323153884245333
7,74,20.565272752779464
7,75,19.760681485064193
7,76,20.06624033241026
7,77,18.047389500641177
7,78,15.25228775947341
7,79,15.236598275975298
7,80,15.455766152823394
7,81,12.456559250796348
7,82,10.338750933160188
7,83,12.131956782385233
7,84,11.622598281930017
7,85,7.839765826570327
7,86,8.69072087803527
7,87,11.520869486723539
7,88,9.865338150091157
7,89,7.742125345317679
7,90,10.909917064338426
7,91,13.505977812940198
7,92,19.477906311454827
7,93,19.366027143821164
7,94,21.16033520918503
7,95,19.554551703889544
7,96,21.514309264875692
7,97,21.69037187693148
7,98,22.910819973689364
7,99,26.291431308166008
7,100,25.67437568871097
7,101,24.23242849676528
7,102,22.331134910271317
7,103,22.515849136963595
7,104,19.76729658466562
7,105,19.299808612998852
7,106,19.01232289628175
7,107,16.658251259672074
7,108,14.168160463003902
7,109,14.628812648960357
7,110,14.031281884719936
7,111,10.597248090173611
7,112,9.747182355446679
7,113,11.215903065196095
7,114,9.452553277342561
7,115,5.911877532769606
7,116,8.174721223520834
7,117,10.038869380290915
7,118,7.929412042483341
7,119,6.933590512116484
7,120,10.700693853031884
7,121,11.69285760084327
7,122,10.351129730328747
7,123,12.284080932281134
8,1,11.021276954707842
8,2,9.939162605231068
8,3,8.626472806610744
8,4,6.135468991774886
8,5,4.838420070072153
8,6,5.390376464216019
8,7,3.8111416296329774
8,9,3.8325663973707953
8,10,5.440013759360815
8,11,4.927662811832388
8,12,6.062666624296121
8,13,8.624565647209952
8,14,9.907854275133628
8,15,10.245385905442648
8,16,12.009593275353538
8,17,14.326084329968644
8,18,15.0628518688581
8,19,15.828474042533031
8,20,18.10724415791619
8,21,19.85708891035747
8,22,20.417175061874175
8,23,21.371085756424673
8,24,23.832241727794738
8,25,27.009632730904986
8,26,27.386217433434414
8,27,30.820310754885586
8,28,29.46840041460813
8,29,27.455489325921924
8,30,30.061752129897357
8,31,29.92425415143174
8,32,26.131839146444737
8,33,26.41666374464759
8,34,28.96120819489158
8,35,26.3772417145312
8,36,25.93087552805875
8,37,22.721209420692553
8,38,22.859944312459852
8,39,20.797362112585127
8,40,20.093212926487656
8,41,22.7957290929224
8,42,20.50970316416756
8,43,16.702350184149765
8,44,16.046185262071628
8,45,15.276889940384535
8,46,13.3639640205469
8,47,16.773430716063242
8,48,16.84483697258099
8,49,14.315481557253861
8,50,17.722432405582552
8,51,18.39007910872481
8,52,15.596196494184671
8,53,16.893466588458654
8,54,20.46096703970126
8,55,19.732318741892684
8,56,18.34697724976956
8,57,21.945034710511717
8,58,22.667643114253607
8,59,19.408259466102226
8,60,20.688792597679694
8,61,23.940444315281354
8,62,22.62366650067129
8,63,20.602558749966988
8,64,23.99892751763145
8,65,25.437162794715963
8,66,22.719679509868328
8,67,23.743294492232142
8,68,26.16613268433416
8,69,27.68307867019647
8,70,25.025479222635877
8,71,21.835679618879304
8,72,21.16693271279298
8,73,18.94332906094888
8,74,19.747464229932213
8,75,19.543764063839866
8,76,20.325253485417413
8,77,17.968159416850593
8,78,15.078246774749779
8,79,15.964447327971175
8,80,16.380842028589846
8,81,12.989898732012602
8,82,11.43774033563008
8,83,14.085249537540907
8,84,13.482032424039147
8,85,9.954073206185969
8,86,11.626102544398808
8,87,14.571013747860547
8,88,12.82768130448678
8,89,11.314576009787315
8,90,14.613299711489931
8,91,17.017154919833843
8,92,23.150401586241543
8,93,23.05312511248579
8,94,24.668814584566128
8,95,22.8321125731069
8,96,24.594103737390224
8,97,24.360860954925656
8,98,25.226295353786988
8,99,28.419434602080834
8,100,27.352465144108436
8,101,25.713823652407225
8,102,23.345280625391453
8,103,23.018910841704507
8,104,20.014295053862785
8,105,19.09431736936258
8,106,19.364033920071005
8,107,17.490553102719662
8,108,14.40119252373638
8,109,14.631578986681923
8,110,14.988961021778971
8,111,11.863982079215527
8,112,9.841052952615815
8,113,11.72189546041185
8,114,11.163818079594916
8,115,7.3674231541945066
8,116,8.245161633156474
8,117,11.143054967914036
8,118,9.946475717397592
8,119,7.622407340537147
8,120,10.926907064645494
8,121,12.948004004613837
8,122,11.510227173648452
8,123,12.295713611511502
9,1,12.765854342775485
9,2,10.688014550076474
9,3,9.961765769488784
9,4,8.702022560884906
9,5,6.166699320161773
9,6,5.0710646209211045
9,7,5.365617347842939
9,8,3.8325663973707953
9,10,3.7860756755994722
9,11,5.358760211362118
9,12,5.077604888990406
9,13,6.307170200378378
9,14,8.784603835681475
9,15,9.891474558590563
9,16,10.564315595631003
9,17,12.709128401459896
9,18,14.380340966400873
9,19,15.217219415336691
9,20,16.767528715603543
9,21,18.776789442476417
9,22,19.969635650459093
9,23,20.76993018313831
9,24,22.71162469786535
9,25,25.855073206778865
9,26,25.867471581171408
9,27,29.215148932486354
9,28,27.721504948699074
9,29,26.13402096352312
9,30,28.908479489189613
9,31,28.407839549376185
9,32,24.64971231245141
9,33,25.449752798718418
9,34,27.847334011323778
9,35,25.090370943078643
9,36,24.993492806840955
9,37,21.94266657004784
9,38,22.440150827773525
9,39,20.963382034075103
9,40,20.57487810194124
9,41,23.68468496834773
9,42,21.846834732758378
9,43,18.09561940185372
9,44,18.020639704263935
9,45,16.91820670316166
9,46,14.366564172472465
9,47,17.265779489050338
9,48,17.3899914792675
9,49,14.245741171700233
9,50,17.146984590380875
9,51,17.984079155242238
9,52,14.80334830137508
9,53,15.409708741137733
9,54,19.022407578984808
9,55,18.282308336631488
9,56,16.262274759593453
9,57,19.619292197389555
9,58,20.70961197697983
9,59,17.376641843329498
9,60,18.070785640422958
9,61,21.51247198791366
9,62,20.552022788935457
9,63,18.15448348551722
9,64,21.30388104460097
9,65,23.135034455458886
9,66,20.60160483014516
9,67,21.256577348000306
9,68,23.85979566198123
9,69,25.345550650459987
9,70,23.009610432065475
9,71,19.70054355493591
9,72,18.500357414743824
9,73,15.950230320002348
9,74,16.376801303153915
9,75,16.358065531369895
9,76,16.886612733386393
9,77,14.298415114617427
9,78,11.65620139464477
9,79,12.842542518143922
9,80,12.952946271187223
9,81,9.394857889741502
9,82,8.46713077581369
9,83,11.409261131003202
9,84,10.616094386860635
9,85,7.6029730694822915
9,86,10.079721908127205
9,87,12.90451007551632
9,88,11.483846599060639
9,89,11.01694245751194
9,90,14.282737562031794
9,91,16.26356763275352
9,92,22.509671906127274
9,93,22.84947206672798
9,94,24.387491830602876
9,95,22.71228064271638
9,96,24.840157485691357
9,97,24.541557994537722
9,98,25.747398977895223
9,99,28.779744754936722
9,100,27.710376143837557
9,101,25.640508150883818
9,102,23.23001245080601
9,103,22.545745602211763
9,104,19.22342691202614
9,105,18.896397585895937
9,106,19.669223342090643
9,107,17.39094287975295
9,108,14.250116233723412
9,109,15.436332788980998
9,110,15.979194748482778
9,111,12.546090059674647
9,112,11.098776144304065
9,113,13.808366696091442
9,114,13.11591612338085
9,115,9.611348199748035
9,116,11.349874357007959
9,117,14.271111769417063
9,118,12.938799394756597
9,119,11.193744138052738
9,120,14.654006684068682
9,121,16.423974578871235
9,122,14.849219652855293
9,123,15.943146934079904
10,1,14.828334656274464
10,2,12.568335016590053
10,3,10.787029920932124
10,4,9.92835278102994
10,5,8.624283074581571
10,6,6.351994053103326
10,7,5.069835005598053
10,8,5.440013759360815
10,9,3.7860756755994722
10,11,3.803505135799923
10,12,5.482700476244521
10,13,5.157190481886886
10,14,6.318220530555413
10,15,8.573502600022278
10,16,9.852700822719875
10,17,10.96562246754423
10,18,12.474616052321814
10,19,14.202831513162261
10,20,15.683476774140138
10,21,17.010751856549707
10,22,18.457641555644003
10,23,19.90274248456849
10,24,21.758162463942487
10,25,24.556930886633022
10,26,24.250286786868937
10,27,27.391083071848428
10,28,25.56390855777962
10,29,23.835775747218506
10,30,26.31081344140523
10,31,25.68082123270295
10,32,21.896203555457742
10,33,22.47813280938432
10,34,24.66966754755498
10,35,21.785150014985344
10,36,21.43561266362924
10,37,18.271859733125147
10,38,18.662266373185265
10,39,17.23389370590497
10,40,16.96295789128915
10,41,20.202197833346897
10,42,18.649406550903265
10,43,14.989277607852433
10,44,15.48397510002717
10,45,14.62779729618332
10,46,12.165433946251005
10,47,14.748199681711547
10,48,14.321187937567176
10,49,11.057721813750153
10,50,13.936868635903247
10,51,14.39443872142098
10,52,11.118754327453134
10,53,12.06611168121355
10,54,15.568631456451962
10,55,14.679168168210502
10,56,12.980104811698117
10,57,16.526867805289385
10,58,17.410663642329155
10,59,14.213429286730241
10,60,15.416146546346969
10,61,18.769440541001067
10,62,17.80354500054164
10,63,15.883955917116818
10,64,19.270637426377736
10,65,20.976514941232487
10,66,18.702272591308073
10,67,19.920607137558854
10,68,22.814916913202822
10,69,24.81350739336162
10,70,22.66212744420854
10,71,19.09845973805932
10,72,18.163615118526238
10,73,15.399224998114908
10,74,15.653645977633433
10,75,14.790818045237925
10,76,15.430827763843963
10,77,13.581158745316227
10,78,10.448975795099173
10,79,10.73649238511349
10,80,11.584261223888616
10,81,8.704879017674825
10,82,6.313045727747254
10,83,9.223913037925023
10,84,9.623313237055493
10,85,6.599831375790879
10,86,7.778245214342884
10,87,11.2385717152912
10,88,10.826205063334582
10,89,9.811079505046077
10,90,12.384004505156769
10,91,14.914702118601769
10,92,20.125625871319123
10,93,20.09969660733423
10,94,21.259230726108633
10,95,19.320469271020805
10,96,21.32778611566888
10,97,20.859530566312166
10,98,22.08239154954996
10,99,25.065429199982038
10,100,24.047122562124226
10,101,21.958434869258582
10,102,19.688288403754534
10,103,19.22013451827329
10,104,16.040470423305695
10,105,16.000572454130346
10,106,16.488504199552164
10,107,13.90989962909414
10,108,11.057225240495736
10,109,12.597611769412977
10,110,12.758779957627219
10,111,9.162790087388998
10,112,8.483505082460844
10,113,11.430621976423703
10,114,10.463486877267313
10,115,7.554557663585806
10,116,10.181468967911526
10,117,12.85244803836942
10,118,11.803369917451086
10,119,11.104212485474035
10,120,14.542757079671686
10,121,16.085887430448206
10,122,15.235578829829297
10,123,16.822374269525913
11,1,15.714353109032093
11,2,14.280619447962422
11,3,12.33141594105638
11,4,10.343524755360324
11,5,9.556978472064863
11,6,8.621205511251759
11,7,6.099222966227526
11,8,4.927662811832388
11,9,5.358760211362118
11,10,3.803505135799923
11,12,3.8091370805476243
11,13,5.370938684189336
11,14,5.208599350541597
11,15,5.941055314453475
11,16,8.33111093436224
11,17,9.952176064455038
11,18,10.420637045376234
11,19,11.820898115429923
11,20,14.062648698693515
11,21,15.323250932170495
11,22,16.071113067660587
11,23,17.515899713055585
11,24,19.876262219639294
11,25,22.789592988768035
11,26,22.982540876899385
11,27,26.308570531036057
11,28,24.843345452007327
11,29,22.692100871270632
11,30,25.190020401804567
11,31,25.105493160688656
11,32,21.314460885457933
11,33,21.49934305190271
11,34,24.102193283297936
11,35,21.644406071322415
11,36,21.339796988659966
11,37,18.31553218442263
11,38,18.875579936416305
11,39,17.094819710795363
11,40,17.121416571255143
11,41,20.097721846170465
11,42,18.429843487700822
11,43,14.74302099892956
11,44,15.173743566673252
11,45,15.177323585257836
11,46,13.553119452342978
11,47,16.48533182458979
11,48,15.512226624553511
11,49,12.785192307817026
11,50,16.0266354914953
11,51,15.776152518282979
11,52,12.603536512915735
11,53,14.449189054823972
11,54,17.623093547041076
11,55,16.15894725912942
11,56,14.930245894450369
11,57,18.462614652680635
11,58,18.6068590793039
11,59,15.23367952011904
11,60,16.88378270505012
11,61,19.81611031980948
11,62,18.14136085220272
11,63,16.424836790421683
11,64,20.01049138596739
11,65,21.08901205666219
11,66,18.375189800208
11,67,19.85185547642733
11,68,22.35284881157442
11,69,24.26908059554154
11,70,21.6912135515328
11,71,18.326670288337272
11,72,18.103844001020672
11,73,15.962508091021915
11,74,17.050113152137246
11,75,16.34265803946085
11,76,17.732459220705408
11,77,16.066111675737346
11,78,12.591771306902588
11,79,13.271744646210866
11,80,14.770468542309844
11,81,12.00237969431472
11,82,9.591150164859958
11,83,12.6886378445074
11,84,13.410854416670611
11,85,10.354438545773844
11,86,11.116817582567183
11,87,14.726110774446441
11,88,14.23773941023228
11,89,12.60535325429404
11,90,15.082902491312522
11,91,18.0005202349257
11,92,22.804893744156708
11,93,22.263932987226326
11,94,23.149609897055953
11,95,20.765642435632373
11,96,22.184463977142677
11,97,21.30035765546699
11,98,21.87789059289117
11,99,24.76071253113011
11,100,23.32611520641466
11,101,21.40592954106198
11,102,18.779802566371465
11,103,18.196980706241217
11,104,15.13449457477072
11,105,14.216466692385522
11,106,14.721179496424016
11,107,12.895504565692294
11,108,9.595835858406845
11,109,10.197755085547165
11,110,11.04728706205338
11,111,8.042522185363092
11,112,5.876768195734694
11,113,8.895311588437645
11,114,9.090410099535998
11,115,6.147646225060956
11,116,7.627729759490371
11,117,10.961204659771395
11,118,10.945792394851896
11,119,9.789634696174428
11,120,12.634379032790024
11,121,14.907228888179638
11,122,14.606084705080619
11,123,15.522217230064633
12,1,16.824526750977235
12,2,15.358689869044285
12,3,14.275741361766304
12,4,12.184572869607425
12,5,10.291808892275427
12,6,9.867654702220094
12,7,8.579193080397452
12,8,6.062666624296121
12,9,5.077604888990406
12,10,5.482700476244521
12,11,3.8091370805476243
12,13,3.8329808937520067
12,14,5.649094941981249
12,15,5.201096239745434
12,16,6.008637895588346
12,17,8.766314311219421
12,18,9.914129787984725
12,19,10.264795818277126
12,20,12.184544466381029
12,21,14.30356942837495
12,22,15.118059675607629
12,23,15.78973101758264
12,24,17.964246603420612
12,25,21.19513355518362
12,26,21.575948622170742
12,27,25.090365250613576
12,28,23.975171468548687
12,29,22.13646085947367
12,30,25.064049272645406
12,31,25.03169755743712
12,32,21.31627081873129
12,33,22.01095782967188
12,34,24.844008674287423
12,35,22.576884728704826
12,36,22.891429944434382
12,37,20.248392217748247
12,38,21.375509953849413
12,39,20.042117972757634
12,40,20.45977551459781
12,41,23.583487996874613
12,42,22.12036947754545
12,43,18.478204255585034
12,44,18.981056597691385
12,45,18.871873787028477
12,46,16.990674517572252
12,47,19.844920315431114
12,48,19.024720673030572
12,49,16.017513555993443
12,50,18.9688637646592
12,51,18.783003333519133
12,52,15.316287713244787
12,53,16.677601248619702
12,54,19.8196799934768
12,55,18.10996793560741
12,56,16.233971408754574
12,57,19.40385230820043
12,58,19.623110530951013
12,59,15.957842539990633
12,60,16.897671729171485
12,61,19.828024358347328
12,62,18.081731827384395
12,63,15.723916695786997
12,64,19.02138391515867
12,65,20.180160633981227
12,66,17.167879976564198
12,67,18.007527149220785
12,68,20.21639732918701
12,69,21.68385371723955
12,70,18.98569797759875
12,71,15.800894818015534
12,72,15.372347903029242
12,73,13.514983565054608
12,74,15.008758531373706
12,75,15.10862782431063
12,76,16.766225148513904
12,77,14.652704365255756
12,78,11.376958163921193
12,79,13.129316300122937
12,80,14.484945390030113
12,81,11.438048938314434
12,82,10.086461703839554
12,83,13.701323688071243
12,84,14.051713655565234
12,85,11.49783580060832
12,86,13.189170655861028
12,87,16.56214235733714
12,88,15.905789767345434
12,89,15.036626688900062
12,90,17.808505471907118
12,91,20.30251197763303
12,92,25.562869197986736
12,93,25.364159447929342
12,94,26.261558908557255
12,95,23.963160574494932
12,96,25.517368116646992
12,97,24.470184783339114
12,98,25.041426492804046
12,99,27.69882981637795
12,100,26.007575805835298
12,101,23.75433039738224
12,102,20.82092871135785
12,103,19.59778905338917
12,104,16.183760052732293
12,105,15.259713501638975
12,106,16.609468944100687
12,107,15.0397817983789
12,108,11.409576307944192
12,109,12.354100586403018
12,110,14.009754020271352
12,111,11.295911881703011
12,112,8.903310230343621
12,113,12.12848350293922
12,114,12.82378674525087
12,115,9.874051099958065
12,116,10.736406635966352
12,117,14.341497278629548
12,118,14.349520923943047
12,119,12.54569396079853
12,120,15.266290240967075
12,121,17.863182682649633
12,122,17.138754991271945
12,123,17.555932554301155
13,1,18.9759511986915
13,2,16.858867413744065
13,3,15.629422619174349
13,4,14.330476835002809
13,5,12.378458514539387
13,6,10.809523988436576
13,7,9.89688729024593
13,8,8.624565647209952
13,9,6.307170200378378
13,10,5.157190481886886
13,11,5.370938684189336
13,12,3.8329808937520067
13,14,3.8078367023177857
13,15,5.523082895171358
13,16,5.105389015164945
13,17,6.4993864810750335
13,18,8.824868623303605
13,19,10.022987881390728
13,20,10.910750725183185
13,21,12.762016098084343
13,22,14.500063068403868
13,23,15.50597404205864
13,24,17.00830030668739
13,25,19.914645962055765
13,26,19.658110795793796
13,27,22.937660384512537
13,28,21.424410245462017
13,29,19.92485174267276
13,30,22.820136255813722
13,31,22.327187793741206
13,32,18.614548943579763
13,33,19.70218249778997
13,34,22.250246180772532
13,35,19.739964172008108
13,36,20.262624838309765
13,37,17.757369595777583
13,38,19.179887068783035
13,39,18.44488782091026
13,40,19.201932118856465
13,41,22.640378099113523
13,42,21.699907497579588
13,43,18.2502663261607
13,44,19.389681536074338
13,45,19.124969563213476
13,46,16.921716011498646
13,47,19.183564495093957
13,48,18.167735275930827
13,49,14.809663701780954
13,50,17.19364734842679
13,51,16.89338855475817
13,52,13.184167181798365
13,53,14.10757296027488
13,54,17.040621840675097
13,55,15.172202836211522
13,56,12.89086330227021
13,57,15.834578573704716
13,58,16.203731623519445
13,59,12.507560224455254
13,60,13.14365063584518
13,61,16.194092382508977
13,62,14.750528610241796
13,63,12.250053693087732
13,64,15.519858315126642
13,65,17.00716061382808
13,66,14.329640853802974
13,67,15.203366921383868
13,68,17.8693247406562
13,69,19.71567136205758
13,70,17.511716460902864
13,71,13.97164933136345
13,72,13.144409524822517
13,73,10.69733653112434
13,74,11.729368032276552
13,75,11.408537426937022
13,76,13.065357622457297
13,77,11.289247407915926
13,78,7.771502465165583
13,79,9.44489250407541
13,80,11.207532304583276
13,81,8.682785507167175
13,82,7.208488183073164
13,83,10.975304814177758
13,84,11.954893892095535
13,85,10.190541637320099
13,86,11.624185663664294
13,87,14.956115098660739
13,88,15.081747391845086
13,89,14.687484252389421
13,90,16.970241056055215
13,91,19.32653652486219
13,92,23.970538304975925
13,93,23.912766000527622
13,94,24.523259486583967
13,95,22.259357540244377
13,96,23.997952530291474
13,97,22.820651120167742
13,98,23.673112736790905
13,99,26.12551532398588
13,100,24.49163643881455
13,101,21.872027511381845
13,102,19.021787219652406
13,103,17.586315935804645
13,104,13.962799531557476
13,105,13.876034534753476
13,106,15.526320820039793
13,107,13.430818675192358
13,108,10.046007111279959
13,109,12.142625229323539
13,110,13.638994291626108
13,111,10.768201179422197
13,112,9.492783567463615
13,113,13.172869598811625
13,114,13.486823712996753
13,115,11.116962292556181
13,116,12.919427181452496
13,117,16.199694507103708
13,118,16.051100442374505
13,119,14.9941918492609
13,120,17.96690750346461
13,121,20.171602580996872
13,122,19.562564700442664
13,123,20.519858419315966
14,1,20.60718647426733
14,2,18.726008576197096
14,3,16.80181074478564
14,4,15.337361288439459
14,5,14.253936979601843
14,6,12.603351694448774
14,7,10.615090940786084
14,8,9.907854275133628
14,9,8.784603835681475
14,10,6.318220530555413
14,11,5.208599350541597
14,12,5.649094941981249
14,13,3.8078367023177857
14,15,3.802623242614875
14,16,5.308287550767199
14,17,5.168858502642418
14,18,6.249532412910289
14,19,8.603229807795248
14,20,9.982869811224617
14,21,10.785208649617825
14,22,12.343070360527644
14,23,14.179968837569504
14,24,15.944508089731535
14,25,18.500195659036024
14,26,18.22665740810798
14,27,21.38821056917552
14,28,19.726181395044318
14,29,17.72603755680394
14,30,20.285604627450912
14,31,20.023881354827715
14,32,16.236617016333142
14,33,16.75767513958707
14,34,19.383138419454927
14,35,16.996170562554585
14,36,17.246205017364773
14,37,14.696885249287126
14,38,16.143902826277998
14,39,15.265255768298823
14,40,16.37041302273098
14,41,19.714079511109826
14,42,19.016289710497666
14,43,15.767652038625355
14,44,17.35734990077884
14,45,17.7372051857122
14,46,16.118799745888428
14,47,18.221875400503027
14,48,16.51558937500076
14,49,13.52959896194709
14,50,15.975348581123349
14,51,14.90891382080327
14,52,11.31872487755161
14,53,13.120333051217829
14,54,15.623259292328214
14,55,13.26531935835038
14,56,11.765626591721697
14,57,14.841265373239409
14,58,14.443086469009677
14,59,10.825308975074735
14,60,12.467871102133218
14,61,15.04232542313567
14,62,13.066614530526701
14,63,11.411287138202905
14,64,15.075369058039215
14,65,15.927440727139576
14,66,13.278188968716362
14,67,15.063000941322722
14,68,17.737916289313247
14,69,20.065595063488757
14,70,17.815125540631183
14,71,14.239498780415648
14,72,14.259565465282288
14,73,12.151347461034478
14,74,13.417736213719417
14,75,12.252386180669149
14,76,14.335066440767209
14,77,13.485964439400735
14,78,9.695463328589023
14,79,10.352094331659972
