1,2,3.8110797923866158
1,3,5.683503990591837
1,4,6.492124631666392
1,5,5.7800965937156175
1,6,8.58490530661543
1,7,10.460088661557327
1,8,10.569527049917928
1,9,11.865726499874018
1,10,14.300574447465282
1,11,15.371376491782932
1,12,16.09978251391666
1,13,18.056823375525976
1,14,19.81923553371232
1,15,20.921230105417102
1,16,22.316713178478015
1,17,24.256173526042964
1,18,25.448614880116146
1,19,26.638280835046228
1,20,28.653550635645708
1,21,30.08798319375468
1,22,31.085534194353958
1,23,32.674913839199505
1,24,34.76352776211882
1,25,35.61471088873532
1,26,36.57224076784621
1,27,38.673398219836585
1,28,41.93831319754831
1,29,41.66406204772833
1,30,44.970194060966456
1,31,43.099994788490214
1,32,41.60453797986582
1,33,44.29119650914537
1,34,43.3598329937144
1,35,39.60671857642682
1,36,40.419236487626115
1,37,42.22870745630034
1,38,39.051791508629556
1,39,38.20957688842197
1,40,34.670655984542776
1,41,33.883100182604224
1,42,31.828286740222293
1,43,29.999630582023716
1,44,31.893385754207713
1,45,28.874981548029055
1,46,25.504274388938097
1,47,23.379568434710226
1,48,20.318392615660038
1,49,17.88325132613171
1,50,20.16945499656081
1,51,22.935251161281148
1,52,21.39530410260532
1,53,23.5020201291878
1,54,26.358709660806262
1,55,25.034334920015645
1,56,24.755532484754383
1,57,28.38993553213049
1,58,29.634436857555972
1,59,28.045554106784433
1,60,31.306007577634567
1,61,33.39234370698175
1,62,30.895449234473322
1,63,31.035677140434963
1,64,34.820294788736255
1,65,34.81461702259502
1,66,32.742675249094354
1,67,35.58036379107674
1,68,37.91030868686271
1,69,35.76209041838413
1,70,36.153095625500484
1,71,39.045079508438164
1,72,40.52868809583153
1,73,38.191845245161275
1,74,35.04141022762447
1,75,33.383576674252865
1,76,30.6884401983218
1,77,29.462817597548447
1,78,29.68087074035207
1,79,28.53961815371622
1,80,25.448938802182287
1,81,24.493524690961923
1,82,25.05631410509545
1,83,23.069051569665476
1,84,19.935356837711293
1,85,20.475202726563385
1,86,21.01926120289393
1,87,17.82043120787746
1,88,15.617537111682077
1,89,17.79353431858419
1,90,17.908969848975527
1,91,14.136242649069393
1,92,13.793440262923998
1,93,17.096405973118895
1,94,28.957835136173227
1,95,32.137754437658806
1,96,33.5007493503625
1,97,36.08132629422965
1,98,39.58562744873229
1,99,38.98037426923545
1,100,38.18971721638739
1,101,36.199992196013426
1,102,36.67289116884413
1,103,33.934642453515856
1,104,33.876583179424195
1,105,33.45316913272001
1,106,30.937483957809953
1,107,28.720534502632127
1,108,29.23412294208565
1,109,28.411051417283666
1,110,25.076511990357414
1,111,24.251536912798805
1,112,25.04800096350316
1,113,22.96369498919065
1,114,19.887154442813998
1,115,20.923940771681625
1,116,21.27482649621865
1,117,17.856485224643922
1,118,16.43832408705621
1,119,18.740366939156292
1,120,17.326660090250346
1,121,13.750471288201181
1,122,15.499159126859663
2,1,3.8110797923866158
2,3,3.8483903896114118
2,4,5.520658880287508
2,5,4.3100958485716045
2,6,5.469786436727942
2,7,7.972553472229683
2,8,9.059550171810121
2,9,9.794612802640232
2,10,11.652074853671119
2,11,13.41812552577171
2,12,14.5109383589549
2,13,15.816105047511524
2,14,17.525895755677222
2,15,19.216210610407607
2,16,20.52429614827537
2,17,21.9893737170564
2,18,23.402807373123995
2,19,24.98048059008422
2,20,26.715893195642387
2,21,27.912617382218595
2,22,29.243718854158868
2,23,30.985186016118963
2,24,32.74720822799776
2,25,33.55920583862763
2,26,34.852722506749444
2,27,37.061074769806325
2,28,40.181020631976445
2,29,39.82856667441614
2,30,43.07406587915324
2,31,41.05624115156198
2,32,39.37790159281233
2,33,41.872378144371154
2,34,40.955214244448335
2,35,37.1882934398967
2,36,37.76584428920888
2,37,39.47605154002649
2,38,36.291818642387376
2,39,35.21255641295682
2,40,31.588745548529143
2,41,30.58365499949439
2,42,28.383455450363158
2,43,26.40029003961479
2,44,28.17742837243303
2,45,25.114920400335325
2,46,21.796783612488536
2,47,19.63399168832896
2,48,16.519370900257183
2,49,14.155490784848007
2,50,16.506027245947998
2,51,19.275258912703364
2,52,17.96637441796319
2,53,20.183909102357322
2,54,22.971109334251157
2,55,21.876282931791884
2,56,21.8500239677181
2,57,25.405128511969124
2,58,26.71823697350383
2,59,25.46989018247846
2,60,28.86806680323214
2,61,30.79685607822594
2,62,28.41448400006125
2,63,28.919155381349174
2,64,32.65515700400959
2,65,32.560943865501756
2,66,30.802028294782875
2,67,33.82540774751452
2,68,35.99605934795226
2,69,33.94153836109778
2,70,34.70185650579553
2,71,37.70975066985485
2,72,39.478740874891564
2,73,37.14058183095444
2,74,33.822015186503855
2,75,32.37589104977937
2,76,29.554432231383537
2,77,28.399788570961427
2,78,28.191378735913496
2,79,27.195705857708614
2,80,24.408880048183374
2,81,23.062418141106637
2,82,23.22169745767441
2,83,21.54976647411491
2,84,18.495305721454777
2,85,18.38215538253552
2,86,18.824157793606954
2,87,16.001824727672247
2,88,13.386299198936825
2,89,14.989768857845972
2,90,15.331385339012442
2,91,11.636570226457817
2,92,10.581149396063497
2,93,13.794764623836075
2,94,25.40409389918261
2,95,28.511285991534056
2,96,29.909972176102418
2,97,32.457277550214904
2,98,36.00872746102741
2,99,35.49143243454718
2,100,34.86856170628637
2,101,33.00925548058561
2,102,33.71814106035431
2,103,31.18169893370464
2,104,31.145068732843374
2,105,30.437562875325135
2,106,27.893560290777483
2,107,25.918162099347107
2,108,26.33911647622141
2,109,25.20999287033012
2,110,21.93946709225339
2,111,21.3953061433478
2,112,21.97701542477308
2,113,19.619869063232713
2,114,16.787740502268164
2,115,18.058863804753678
2,116,18.08723978987616
2,117,14.509199640517382
2,118,13.604968807000766
2,119,16.068036364551578
2,120,14.355867279673982
2,121,11.065724243381224
2,122,13.525904894957264
3,1,5.683503990591837
3,2,3.8483903896114118
3,4,3.799424609568846
3,5,5.560870657803137
3,6,6.273936531959088
3,7,6.910721892374709
3,8,8.92352937369032
3,9,10.800139153710223
3,10,11.728836735474655
3,11,12.909381918158699
3,12,14.894422496804303
3,13,16.3822099602424
3,14,17.27125804635699
3,15,19.01468846292775
3,16,20.96556327114683
3,17,22.169701947410587
3,18,23.042058211481972
3,19,24.93734248745097
3,20,26.979813612889807
3,21,27.73686406926774
3,22,28.808207275830373
3,23,30.93958187631178
3,24,32.71992763334081
3,25,33.09530368883519
3,26,34.30663413685804
3,27,36.81736483243045
3,28,40.03359129795389
3,29,40.02543566010788
3,30,43.41173593724078
3,31,41.61292351889458
3,32,39.67199547717269
3,33,42.19716366710955
3,34,41.618857132873465
3,35,37.80945872674063
3,36,38.13368796177706
3,37,40.095631450913864
3,38,37.120133593333975
3,39,36.02010296177591
3,40,32.381035648852055
3,41,31.37064601809465
3,42,28.85044309659483
3,43,26.871256602038223
3,44,28.354919651910823
3,45,25.0565867765363
3,46,21.7357495988388
3,47,19.139898804366965
3,48,16.472859274238385
3,49,14.777108390573796
3,50,17.661054700337907
3,51,20.10458109896603
3,52,19.118436778946926
3,53,21.81958184249024
3,54,24.190278129315057
3,55,23.081419886927055
3,56,23.644455141604503
3,57,27.18090576982791
3,58,28.17251731870717
3,59,27.14660125064387
3,60,30.721126452353293
3,61,32.26222500411572
3,62,29.66830281267203
3,63,30.46982655638111
3,64,34.13128803938269
3,65,33.62388893762325
3,66,31.897784704945046
3,67,35.11387030103383
3,68,36.97261670139181
3,69,34.64000550812995
3,70,35.50962794672413
3,71,38.30634007716869
3,72,39.960488593001166
3,73,37.33625799742206
3,74,34.14520281877414
3,75,33.05949471125009
3,76,30.519441484174646
3,77,29.819603959488404
3,78,29.7210459924619
3,79,29.172205316442895
3,80,26.360559217203967
3,81,24.61044018231102
3,82,25.013852955232846
3,83,23.800308782428573
3,84,20.50200879604138
3,85,20.077532177844276
3,86,21.043031288179943
3,87,18.574455095595884
3,88,15.489655827311497
3,89,16.937860895882235
3,90,17.945758442226886
3,91,14.482372555821028
3,92,12.632431171066541
3,93,15.823873870265647
3,94,26.66335008022459
3,95,29.451509319730544
3,96,30.631438014681784
3,97,32.83102388192841
3,98,36.43614681222854
3,99,35.70470427857215
3,100,35.27707118864731
3,101,33.24313738997239
3,102,33.94566273453853
3,103,31.524633589025356
3,104,31.02664744768634
3,105,30.201378033298703
3,106,28.05066975546077
3,107,25.92590941447894
3,108,25.806507096385193
3,109,24.787856285667868
3,110,21.831755560787055
3,111,20.821822640856603
3,112,20.92603593893323
3,113,18.91071934513603
3,114,16.076544752812254
3,115,16.559245151448287
3,116,16.4033415915897
3,117,13.119732941850536
3,118,11.720796739263706
3,119,13.505256737849498
3,120,11.815064626843972
3,121,8.266583027566853
3,122,10.186660342919566
4,1,6.492124631666392
4,2,5.520658880287508
4,3,3.799424609568846
4,5,3.8173888831924296
4,6,5.647242620780235
4,7,4.977518980061526
4,8,5.7857559702951376
4,9,8.546730919856536
4,10,9.77016871212664
4,11,10.059380237812398
4,12,11.908258378269412
4,13,14.009460624229181
4,14,14.769799921343175
4,15,15.977364749612857
4,16,18.132221146111863
4,17,19.693186138616817
4,18,20.280498823693772
4,19,21.892228872861086
4,20,24.212805487773032
4,21,25.11014722988491
4,22,25.874435742682394
4,23,27.92236959203092
4,24,29.966160563251336
4,25,30.345235648429508
4,26,31.28536706063725
4,27,33.73001503166279
4,28,37.06062561398339
4,29,37.16315858731158
4,30,40.62949569876351
4,31,39.01640726561876
4,32,37.17194454796468
4,33,39.90073969347126
4,34,39.41317946144813
4,35,35.60453472115777
4,36,36.12208768638729
4,37,38.29474483117556
4,38,35.41992185340658
4,39,34.66719203139254
4,40,31.167827998935753
4,41,30.58478817113838
4,42,28.25318727475709
4,43,26.73787727945812
4,44,28.561662370000303
4,45,25.4712430046983
4,46,21.903080230561773
4,47,19.680403150691994
4,48,17.3689467793421
4,49,15.342026765556351
4,50,18.526781623290056
4,51,20.482992379857087
4,52,18.913445017562065
4,53,21.831122328226762
4,54,23.94459726228083
4,55,22.271494675681257
4,56,22.866337476296195
4,57,26.554110334922935
4,58,27.107746567701763
4,59,25.74325095305962
4,60,29.289691275863618
4,61,30.721048721816242
4,62,27.84187479694309
4,63,28.43599163301041
4,64,32.09348300810978
4,65,31.436460057905588
4,66,29.432777581623935
4,67,32.59377426020135
4,68,34.42573465798701
4,69,31.905309743635936
4,70,32.550857817355016
4,71,35.20266399786315
4,72,36.668002493911885
4,73,33.97784019246985
4,74,30.899993665202476
4,75,29.80772114244736
4,76,27.441161584352372
4,77,26.931784063065866
4,78,27.154337808890382
4,79,26.825934229227634
4,80,23.82840916039351
4,81,22.030990331643427
4,82,22.903916047127787
4,83,21.834245305615617
4,84,18.2870454125732
4,85,18.146837563408663
4,86,19.671962951483327
4,87,17.21853202548864
4,88,14.065115793386619
4,89,16.112383328182002
4,90,17.601640151345464
4,91,14.321937626226498
4,92,12.694637262184708
4,93,16.289951150242825
4,94,27.170199874425236
4,95,29.862498887164822
4,96,30.63105975881491
4,97,32.724258900720436
4,98,36.18736503224052
4,99,35.11215954492735
4,100,34.35460850311162
4,101,32.01117528797718
4,102,32.31595654630237
4,103,29.64048719594892
4,104,29.02800733870245
4,105,28.606990980618754
4,106,26.55884394903738
4,107,24.04958549872964
4,108,24.042500577986374
4,109,23.54329820694492
4,110,20.49163928726202
4,111,19.02738611949001
4,112,19.59741755867071
4,113,18.082616050005434
4,114,14.773540418332233
4,115,15.11284548214862
4,116,15.819770065923818
4,117,12.867621416333533
4,118,10.618683794803728
4,119,12.813561196124676
4,120,12.20221159878049
4,121,8.438057912767126
4,122,9.702258419487432
5,1,5.7800965937156175
5,2,4.3100958485716045
5,3,5.560870657803137
5,4,3.8173888831924296
5,6,3.8205511352311308
5,7,5.432815896761817
5,8,5.0272572146296755
5,9,6.218421416830209
5,10,8.617208849231886
5,11,9.714013765189101
5,12,10.493686529372443
5,13,12.343565216837863
5,14,14.050733603273146
5,15,15.279228455080053
5,16,16.68838655867702
5,17,18.496642681172712
5,18,19.716057469956596
5,19,21.026394124869967
5,20,22.975181825659618
5,21,24.324814937516916
5,22,25.421137420807202
5,23,27.061938906161362
5,24,29.043447882435828
5,25,29.890621957412947
5,26,30.969526087875078
5,27,33.09966297045149
5,28,36.30565513402499
5,29,36.03456248856795
5,30,39.35213035193205
5,31,37.49809898706524
5,32,35.899959126016626
5,33,38.586137649726396
5,34,37.76152264143266
5,35,33.986787424437004
5,36,34.74775675413732
5,37,36.67445192153019
5,38,33.59487870112215
5,39,32.87159470957753
5,40,29.38821244315675
5,41,28.844099052570723
5,42,26.83570367243047
5,43,25.37226366904115
5,44,27.524367693704583
5,45,24.693143825630774
5,46,21.09435650407435
5,47,19.350979498425936
5,48,16.67240252293669
5,49,13.972084823865039
5,50,16.747665782692764
5,51,18.87207974943329
5,52,16.894890523706096
5,53,19.429688056587217
5,54,21.864481221922773
5,55,20.11654080177704
5,56,20.187280598788085
5,57,23.92659381409605
5,58,24.71294697889208
5,59,23.11475732870438
5,60,26.524108934959713
5,61,28.29640057694716
5,62,25.590718495959077
5,63,25.919677299612943
5,64,29.66102562348578
5,65,29.38398105877128
5,66,27.360155054146425
5,67,30.365241070526107
5,68,32.491372384244634
5,69,30.25073568853293
5,70,30.834425025862565
5,71,33.727487315121465
5,72,35.3628217472339
5,73,32.971085900940295
5,74,29.722219695480693
5,75,28.282574530466032
5,76,25.59139289246163
5,77,24.631893855555887
5,78,24.69331303635591
5,79,23.96827243200701
5,80,21.001744482800508
5,81,19.51437024358315
5,82,20.139330087178433
5,83,18.68416832388608
5,84,15.294800656336886
5,85,15.40661192736429
5,86,16.534342776882983
5,87,13.776853222130693
5,88,10.92235530206478
5,89,13.243714317178853
5,90,14.315909654764447
5,91,10.913582442308652
5,92,9.959334310177198
5,93,13.690719527438619
5,94,25.19531089941159
5,95,28.149320049845993
5,96,29.049456127834137
5,97,31.45570133881927
5,98,34.85059759031872
5,99,33.94562263548047
5,100,32.96975338208054
5,101,30.77699064582677
5,102,31.075541890912024
5,103,28.278588328717056
5,104,28.141528436438236
5,105,27.83985250176061
5,106,25.38551195852636
5,107,23.02312940614934
5,108,23.593118763153864
5,109,22.979468767154586
5,110,19.591687731458773
5,111,18.62953399586259
5,112,19.72609191967043
5,113,17.84948731835218
5,114,14.539718775128694
5,115,15.791491783470185
5,116,16.680971183657306
5,117,13.422110931370078
5,118,11.803599961587688
5,119,14.752123700233042
5,120,14.042653073891852
5,121,10.624659749271094
5,122,12.684836646629057
6,1,8.58490530661543
6,2,5.469786436727942
6,3,6.273936531959088
6,4,5.647242620780235
6,5,3.8205511352311308
6,7,3.8083935169185446
6,8,5.357038411464282
6,9,5.206133825239804
6,10,6.259579553397239
6,11,8.601579898198498
6,12,9.94432628867852
6,13,10.66489528850982
6,14,12.25024101502018
6,15,14.344884165057994
6,16,15.598762527011463
6,17,16.697218083718575
6,18,18.215601197770464
6,19,20.045368637760625
6,20,21.596299912628574
6,21,22.614396548180196
6,22,24.14414692989329
6,23,25.971817386989915
6,24,27.520074191316517
6,25,28.309622681063434
6,26,29.808817965744538
6,27,32.06273531197823
6,28,35.07444393063659
6,29,34.70866471733345
6,30,37.93927292166357
6,31,35.90746289655644
6,32,34.08671026675941
6,33,36.52739456717006
6,34,35.71918367889348
6,35,31.932499118572473
6,36,32.393520540589755
6,37,34.19287198054039
6,38,31.10204070349747
6,39,30.072848898820645
6,40,26.47314799953166
6,41,25.645497224172097
6,42,23.43660404749432
6,43,21.775218818463475
6,44,23.793446404882094
6,45,20.901766314341668
6,46,17.336027140631842
6,47,15.566039770466606
6,48,12.863349214075008
6,49,10.211453591680518
6,50,13.172685305451878
6,51,15.209611647012176
6,52,13.500157183570543
6,53,16.2423036389928
6,54,18.549911841875407
6,55,17.086331820896607
6,56,17.529160285415646
6,57,21.154492364068616
6,58,22.01882292219232
6,59,20.879343286086517
6,60,24.45336031825302
6,61,26.01728246080426
6,62,23.469805513580532
6,63,24.274221606432228
6,64,27.932269879509164
6,65,27.54873836547491
6,66,25.93930702373458
6,67,29.15579714486267
6,68,31.075840732320202
6,69,28.96922414196527
6,70,30.008595893120418
6,71,33.02345586422356
6,72,34.988470853549934
6,73,32.61738272468764
6,74,29.196415059969652
6,75,28.027484987821712
6,76,25.213625831124027
6,77,24.344839002002235
6,78,23.868253472292007
6,79,23.321693638432265
6,80,20.794178551284787
6,81,18.85404547492762
6,82,18.92632777287193
6,83,17.909752909356886
6,84,14.736594563078933
6,85,13.924014367567903
6,86,14.901162931414571
6,87,12.764067518858065
6,88,9.404105301456633
6,89,10.78905636363698
6,90,12.266817202701262
6,91,9.188116760418223
6,92,7.082902292530133
6,93,10.673098039822287
6,94,21.705682983817724
6,95,24.554720605240174
6,96,25.486008982137854
6,97,27.850611326984847
6,98,31.314499540060716
6,99,30.5157282104933
6,100,29.752262589568268
6,101,27.719775581174567
6,102,28.327191703248232
6,103,25.79206090399597
6,104,25.68063126045919
6,105,24.999574408985396
6,106,22.50172714845054
6,107,20.459073706611473
6,108,20.89948562922272
6,109,19.86631931009996
6,110,16.542912276363353
6,111,15.972041356714215
6,112,16.775710135576514
6,113,14.504560335209545
6,114,11.499308166184077
6,115,13.138209331181628
6,116,13.60281212585055
6,117,10.116920235124006
6,118,9.27869500307519
6,119,12.483925012548188
6,120,11.459854160543843
6,121,8.635389871217235
6,122,11.53096092925776
7,1,10.460088661557327
7,2,7.972553472229683
7,3,6.910721892374709
7,4,4.977518980061526
7,5,5.432815896761817
7,6,3.8083935169185446
7,8,3.819456642808843
7,9,5.6526696380096695
7,10,5.203696098185237
7,11,6.196174155456676
7,12,8.756091750750436
7,13,9.942690890614225
7,14,10.385242084371587
7,15,12.348321784422074
7,16,14.432256327814661
7,17,15.375139444453978
7,18,16.162779641881187
7,19,18.237318383506587
7,20,20.226188811566832
7,21,20.83693217717922
7,22,21.97950676639152
7,23,24.1770056709712
7,24,25.84903508735593
7,25,26.20690998312853
7,26,27.527108288461804
7,27,30.05448301470144
7,28,33.20508352686014
7,29,33.21900079632334
7,30,36.61929713723169
7,31,34.88585402510474
7,32,32.849462880196306
7,33,35.412649905304335
7,34,34.98394459026025
7,35,31.165555220062807
7,36,31.466299229944315
7,37,33.618097600355064
7,38,30.80028550429854
7,39,29.938474943521356
7,40,26.424372368766328
7,41,25.836863729489266
7,42,23.433012077881436
7,43,22.070029963433026
7,44,23.97253978191294
7,45,21.010156311028176
7,46,17.341534357725696
7,47,15.406725659699587
7,48,13.483855802159948
7,49,11.472066942344197
7,50,14.986140689125062
7,51,16.329269276200996
7,52,14.682269736436544
7,53,17.940918436934012
7,54,19.608822846683527
7,55,17.843593522296988
7,56,18.913702436747943
7,57,22.508180562996912
7,58,22.78908151921784
7,59,21.72069586457651
7,60,25.399850159430805
7,61,26.488556810870843
7,62,23.603502481131454
7,63,24.607474271130208
7,64,28.145829602098402
7,65,27.26450627522031
7,66,25.57173949759675
7,67,28.942508833822924
7,68,30.516253409579992
7,69,28.050431511259326
7,70,29.111425475644978
7,71,31.847477840159584
7,72,33.63345997541735
7,73,30.960406131222562
7,74,27.70407716681755
7,75,26.914986915728363
7,76,24.471131656413135
7,77,24.171335077210752
7,78,23.941669878904417
7,79,23.974943066146235
7,80,21.389745649791898
7,81,19.022820589533953
7,82,19.573143025783537
7,83,19.139573088232385
7,84,15.693813743531372
7,85,14.704095953719845
7,86,16.50093986370171
7,87,14.82353611116499
7,88,11.186053617939974
7,89,12.63002875372374
7,90,14.912121309841474
7,91,12.321596902923288
7,92,9.878156863036812
7,93,13.28083503405132
7,94,23.154828545024777
7,95,25.590698385028436
7,96,26.061114255055543
7,97,27.998845167485623
7,98,31.408397829932635
7,99,30.210300248917772
7,100,29.456685309438896
7,101,27.086157867604527
7,102,27.466879261560365
7,103,24.921955931084316
7,104,24.27580230832122
7,105,23.69337301012899
7,106,21.6647123086027
7,107,19.253292699011833
7,108,19.185529700465324
7,109,18.572135584795397
7,110,15.53670202797868
7,111,14.16613348109576
7,112,14.756590331171576
7,113,13.174927786443519
7,114,9.814782782359272
7,115,10.512873116125913
7,116,11.431468965981631
7,117,8.492344198074468
7,118,6.396735349796342
7,119,9.498827088080768
7,120,9.357504880526292
7,121,6.336172359950817
7,122,8.502671303061343
8,1,10.569527049917928
8,2,9.059550171810121
8,3,8.92352937369032
8,4,5.7857559702951376
8,5,5.0272572146296755
8,6,5.357038411464282
8,7,3.819456642808843
8,9,3.804761628456905
8,10,5.272740153664766
8,11,4.886189448446678
8,12,6.122857266602385
8,13,8.50855817882924
8,14,9.538536887881667
8,15,10.454470701154493
8,16,12.376327321841396
8,17,14.190585198500251
8,18,14.950259339184589
8,19,16.30854623899363
8,20,18.541161059366637
8,21,19.71041550380372
8,22,20.55956053496467
8,23,22.360089951055226
8,24,24.438354393482165
8,25,25.093207561903476
8,26,26.055592884222474
8,27,28.295980627670897
8,28,31.57108837149275
8,29,31.519440542856234
8,30,34.95117201876379
8,31,33.32091724601743
8,32,31.597822802602362
8,33,34.415840449990924
8,34,33.8717476444735
8,35,30.08021005715929
8,36,30.809274914321616
8,37,33.04834604712619
8,38,30.21173279802457
8,39,29.782354520267624
8,40,26.459472944519177
8,41,26.355347205035024
8,42,24.39233460191769
8,43,23.50045604605308
8,44,25.8470252461858
8,45,23.24082255423252
8,46,19.4700053049231
8,47,18.114795668394862
8,48,16.24984685053248
8,49,13.702184576874691
8,50,16.949238564979044
8,51,18.102931362108496
8,52,15.739886440275715
8,53,18.769756389372386
8,54,20.462941139124315
8,55,18.12679281899688
8,56,18.747395551585992
8,57,22.497072928080307
8,58,22.525611650767022
8,59,20.856684358128792
8,60,24.350382653986628
8,61,25.618758624500064
8,62,22.528002137727057
8,63,22.99847964429682
8,64,26.614229992706754
8,65,25.858124245264058
8,66,23.726777155017263
8,67,26.8819367473526
8,68,28.684156667642842
8,69,26.141714833479078
8,70,26.774337763527903
8,71,29.471291520728823
8,72,31.04643762993978
8,73,28.453741425948216
8,74,25.264433231463048
8,75,24.157939501379982
8,76,21.733314326178235
8,77,21.33442688783261
8,78,21.536487078748866
8,79,21.4958025797814
8,80,18.578219975429885
8,81,16.483790240373683
8,82,17.582122512199764
8,83,16.92248807796122
8,84,13.23971090298763
8,85,13.019763947330423
8,86,15.195264872211114
8,87,13.197782428647683
8,88,9.905799098329943
8,89,12.36195792132053
8,90,14.615749120658709
8,91,12.112338974334302
8,92,10.678981665252978
8,93,14.348983375561488
8,94,24.60702018450239
8,95,27.14221280953851
8,96,27.392824915744963
8,97,29.42778533410043
8,98,32.639159920860315
8,99,31.253922613868216
8,100,30.048877591003023
8,101,27.47295864204217
8,102,27.390990907395278
8,103,24.461620433073257
8,104,23.984763809793893
8,105,23.990669695272082
8,106,21.851988460095157
8,107,19.07767918263785
8,108,19.521703157335494
8,109,19.484894561022298
8,110,16.2059271760426
8,111,14.606134864177786
8,112,16.063503831562638
8,113,14.918962238382692
8,114,11.224713473174203
8,115,12.16501324669592
8,116,14.003717937116928
8,117,11.477310996061709
8,118,9.096396127319048
8,119,12.338252385071819
8,120,12.90001173562635
8,121,9.93431307011524
8,122,11.369595155122315
9,1,11.865726499874018
9,2,9.794612802640232
9,3,10.800139153710223
9,4,8.546730919856536
9,5,6.218421416830209
9,6,5.206133825239804
9,7,5.6526696380096695
9,8,3.804761628456905
9,10,3.812281205237803
9,11,5.438400387517993
9,12,5.095230016259786
9,13,6.205744952411262
9,14,8.565552278143743
9,15,9.97687903121585
9,16,10.761809400640528
9,17,12.480816493077025
9,18,14.168153094597685
9,19,15.430940099342427
9,20,16.98756401452236
9,21,18.49323841767186
9,22,19.92875976206619
9,23,21.362462917530447
9,24,23.135352402043193
9,25,24.25783649504403
9,26,25.570221285190527
9,27,27.529151137793868
9,28,30.560881447043577
9,29,30.077848104019754
9,30,33.30994658794264
9,31,31.347152244863867
9,32,29.76820140623173
9,33,32.42576638009108
9,34,31.54745474899514
9,35,27.777920081071244
9,36,28.620879216198905
9,37,30.556647322084686
9,38,27.503308539177212
9,39,26.980147671365454
9,40,23.62441391900815
9,41,23.473880940930993
9,42,21.781942225929807
9,43,20.92545310754234
9,44,23.562266535597235
9,45,21.249682584737837
9,46,17.508368595246477
9,47,16.718700390224203
9,48,14.64289696064831
9,49,11.550474872467829
9,50,14.368690768957002
9,51,15.456384377879349
9,52,12.684635995567996
9,53,15.421083298937324
9,54,17.2908038810887
9,55,14.888113740243208
9,56,15.141835532085745
9,57,18.932253447479805
9,58,19.157003229610886
9,59,17.404375510938408
9,60,20.871910201359874
9,61,22.383411721757817
9,62,19.503320160792523
9,63,19.926020370974186
9,64,23.61800126133749
9,65,23.193211078091704
9,66,21.232591695449344
9,67,24.35084003967581
9,68,26.360307981728642
9,69,24.17378890068249
9,70,24.98007190355837
9,71,27.992204664658527
9,72,29.91106020287931
9,73,27.64845177641401
9,74,24.206482187729147
9,75,22.880972851469203
9,76,20.04203693881287
9,77,19.206989442033038
9,78,18.932194861597452
9,79,18.58694561318022
9,80,15.928918867921109
9,81,13.859711746897728
9,82,14.400563257397957
9,83,13.609438059644084
9,84,10.118007956086403
9,85,9.607307813088818
9,86,11.465798973296154
9,87,9.544555919525974
9,88,6.117379326464337
9,89,8.657818415313223
9,90,10.943105045888508
9,91,8.799433369509838
9,92,7.692753095983315
9,93,11.252712841576637
9,94,21.575004039560543
9,95,24.271594042069246
9,96,24.602866743917318
9,97,26.903728095422412
9,98,30.049829022761188
9,99,28.856624386915176
9,100,27.505006122607316
9,101,25.138699493639137
9,102,25.170201202667126
9,103,22.22376316879864
9,104,22.26966960683827
9,105,22.240397549376183
9,106,19.65738059862568
9,107,17.184187649695968
9,108,18.21770590182144
9,109,17.89182029347367
9,110,14.302249681282731
9,111,13.468318004336016
9,112,15.372414907054734
9,113,13.7392853724373
9,114,10.300231591670082
9,115,12.373390163914767
9,116,14.135518448116091
9,117,11.417909721763325
9,118,10.123017948205758
9,119,13.830665808902047
9,120,14.104076349134273
9,121,11.723227882738398
9,122,13.934922226625375
10,1,14.300574447465282
10,2,11.652074853671119
10,3,11.728836735474655
10,4,9.77016871212664
10,5,8.617208849231886
10,6,6.259579553397239
10,7,5.203696098185237
10,8,5.272740153664766
10,9,3.812281205237803
10,11,3.799136841632875
10,12,5.412287072607169
10,13,5.005901533198642
10,14,6.046115800264355
10,15,8.64099202380131
10,16,9.926267623767778
10,17,10.554434797831524
10,18,12.045940486980763
10,19,14.140352080376342
10,20,15.576014368513535
10,21,16.375971701218813
10,22,18.018995967993067
10,23,19.94359231057388
10,24,21.33796388396682
10,25,22.07697984075254
10,26,23.709938329130413
10,27,26.002305776486654
10,28,28.9376408251179
10,29,28.635565859482767
10,30,31.9021610480936
10,31,29.971152472721535
10,32,28.000112082550253
10,33,30.494062487569682
10,34,29.903946561204624
10,35,26.090890919515587
10,36,26.49391248951669
10,37,28.55566211594354
10,38,25.67641599649354
10,39,24.935300687710438
10,40,21.49537650784798
10,41,21.203453935132067
10,42,19.13323706956705
10,43,18.282804891603412
10,44,20.710891428362434
10,45,18.293364611987986
10,46,14.50054624299137
10,47,13.649850126920988
10,48,12.179449480743866
10,49,9.651069668749349
10,50,12.948485084858312
10,51,13.389041580004578
10,52,10.964533420796934
10,53,14.299509035201059
10,54,15.526400214930742
10,55,13.216475168343031
10,56,14.407578862833015
10,57,17.99502619444183
10,58,17.883413358637146
10,59,16.72890653187469
10,60,20.421896013460078
10,61,21.352507897818104
10,62,18.41028716584399
10,63,19.51777689085912
10,64,23.00157135230786
10,65,22.0990279475718
10,66,20.540443144021346
10,67,23.97574086769076
10,68,25.508047970230688
10,69,23.206496250145307
10,70,24.500935153523397
10,71,27.415041124959927
10,72,29.516280915690185
10,73,27.066467432320156
10,74,23.59731135814141
10,75,22.835944766407632
10,76,20.187510673754375
10,77,19.875197050027523
10,78,19.235934659243085
10,79,19.48863612926889
10,80,17.307975486509267
10,81,14.551380387254182
10,82,14.819546187369241
10,83,14.944365857817077
10,84,11.71647497858531
10,85,10.03106461523265
10,86,12.223969422780275
10,87,11.411141474926557
10,88,7.671485258712909
10,89,8.784229888234721
10,90,11.911302370699406
10,91,10.47574825300382
10,92,8.14145868777956
10,93,11.102474375534639
10,94,19.87235540528919
10,95,22.1637038726325
10,96,22.21101191181161
10,97,24.173507518258315
10,98,27.369425705884392
10,99,26.005789513588475
10,100,24.884188823452025
10,101,22.428500376116546
10,102,22.63469583172116
10,103,19.9484280258316
10,104,19.616515943976236
10,105,19.23593813505357
10,106,16.920457079469696
10,107,14.48410655097165
10,108,15.003340917591798
10,109,14.523232409636943
10,110,11.11963728657303
10,111,10.089013029371044
10,112,11.643186529541635
10,113,10.069917058651816
10,114,6.52596876072782
10,115,8.64805897261463
10,116,10.465270071993569
10,117,8.089432376311803
10,118,7.000379248346953
10,119,10.79553955988519
10,120,11.43500662429148
10,121,9.85503476428111
10,122,12.090919220666942
11,1,15.371376491782932
11,2,13.41812552577171
11,3,12.909381918158699
11,4,10.059380237812398
11,5,9.714013765189101
11,6,8.601579898198498
11,7,6.196174155456676
11,8,4.886189448446678
11,9,5.438400387517993
11,10,3.799136841632875
11,12,3.8161828587503677
11,13,5.372564992968472
11,14,4.887869849568593
11,15,6.163556821733763
11,16,8.654700207247512
11,17,9.850721670046932
11,18,10.239271062700212
11,19,12.077471880101694
11,20,14.318349126958354
11,21,15.054524356167247
11,22,15.95320130055681
11,23,18.045401653554862
11,24,19.92476285024866
11,25,20.36551041223038
11,26,21.50310916631944
11,27,23.920982028912242
11,28,27.129689694674447
11,29,27.213813329677617
11,30,30.69112995385709
11,31,29.162475803937195
11,32,27.196041534732835
11,33,29.99511825392367
11,34,29.721962343870814
11,35,25.922457778836247
11,36,26.45503856900264
11,37,28.91764622277253
11,38,26.326644618599403
11,39,26.036296187458934
11,40,22.859914913141843
11,41,23.073952363123375
11,42,21.12337647243937
11,43,20.77006165690306
11,44,23.210808117049112
11,45,20.91622905073741
11,46,17.148357226590864
11,47,16.32728551781773
11,48,15.402677089651085
11,49,13.251995297089142
11,50,16.630794960959566
11,51,16.73398374244267
11,52,14.24526856516843
11,53,17.605723534476223
11,54,18.42337650240146
11,55,15.715829162266806
11,56,17.033850950209136
11,57,20.562142482692884
11,58,19.874127866876716
11,59,18.421083751914896
11,60,21.96874892802403
11,61,22.603496147266057
11,62,19.273847883058295
11,63,20.14865631509431
11,64,23.517730035408924
11,65,22.236140800355678
11,66,20.275414652110168
11,67,23.662935052554424
11,68,25.00592168194827
11,69,22.272418961706556
11,70,23.243766138939147
11,71,25.813586440103226
11,72,27.544276308174
11,73,24.806891826316807
11,74,21.57491641805825
11,75,20.9920438332553
11,76,18.786848334554684
11,77,19.008543895352982
11,78,18.99009269438124
11,79,19.71953004413401
11,80,17.248733265125146
11,81,14.38712093044185
11,82,15.56143212149464
11,83,15.970983833927823
11,84,12.458699434537051
11,85,11.372732425230785
11,86,14.323283754798092
11,87,13.514184511088366
11,88,10.118941605899458
11,89,11.888358467659737
11,90,15.085231968927486
11,91,13.67970972323942
11,92,11.790991959998715
11,93,14.836394562728941
11,94,23.116557222393183
11,95,25.138813916909207
11,96,24.770306263336504
11,97,26.393975250299366
11,98,29.398562001845725
11,99,27.614946933469216
11,100,26.280044457737986
11,101,23.423226282339176
11,102,23.10211669515398
11,103,20.187074162146377
11,104,19.376983979382107
11,105,19.52076499670905
11,106,17.706173417844557
11,107,14.663454371852058
11,108,14.919505134514205
11,109,15.345030023529436
11,110,12.285642774877187
11,111,10.127814812373591
11,112,11.958590193754338
11,113,11.576486466044615
11,114,7.786476905397119
11,115,8.565801449530586
11,116,11.35756664802677
11,117,9.903455592407916
11,118,7.481189887135631
11,119,10.783509807781309
11,120,12.467355741959231
11,121,10.688664661591647
11,122,11.756183689374238
12,1,16.09978251391666
12,2,14.5109383589549
12,3,14.894422496804303
12,4,11.908258378269412
12,5,10.493686529372443
12,6,9.94432628867852
12,7,8.756091750750436
12,8,6.122857266602385
12,9,5.095230016259786
12,10,5.412287072607169
12,11,3.8161828587503677
12,13,3.8044257131371553
12,14,5.376488697353382
12,15,5.201736280187
12,16,6.3345576392757375
12,17,8.75884361185405
12,18,9.835053454266067
12,19,10.595843159475454
12,20,12.632731712601421
12,21,14.294089173434564
12,22,15.26092500098695
12,23,16.60388786964084
12,24,18.72884702215048
12,25,19.816131396914535
12,26,20.791267788261084
12,27,22.692586351363616
12,28,25.8660717366309
12,29,25.592767089786282
12,30,28.971053287343523
12,31,27.32790048444865
12,32,25.78684137145707
12,33,28.730451052289112
12,34,28.117389124142726
12,35,24.368756867593056
12,36,25.409699581513852
12,37,27.738346929180153
12,38,24.994974408792093
12,39,25.055313532904055
12,40,22.06644507854172
12,41,22.67057473908783
12,42,21.30124930045316
12,43,21.31272695522549
12,44,24.201547345081924
12,45,22.33587707027244
12,46,18.60460094676049
12,47,18.408119396313452
12,48,17.26374262278203
12,49,14.540385651276283
12,50,17.399941253597174
12,51,17.462767231807998
12,52,14.344286994914553
12,53,17.199745462969915
12,54,18.16117626912288
12,55,15.025514616315554
12,56,15.654222292576247
12,57,19.256483122041022
12,58,18.478996560727847
12,59,16.394417185501908
12,60,19.69016793541273
12,61,20.658277794923762
12,62,17.273675055847754
12,63,17.531246965181214
12,64,21.030942366776245
12,65,20.10273746197594
12,66,17.762718682601776
12,67,20.903096929185566
12,68,22.641745364975932
12,69,20.053269012339527
12,70,20.663572092432204
12,71,23.421213323487603
12,72,25.1573620855086
12,73,22.717617738261055
12,74,19.370747760892172
12,75,18.259065636932146
12,76,15.757516549246427
12,77,15.586302501173105
12,78,15.759298728728242
12,79,16.252684286741662
12,80,13.562056805807458
12,81,10.933171791461806
12,82,12.470936616488483
12,83,12.639522071535325
12,84,9.012867249243374
12,85,8.637428191191065
12,86,11.857646640266793
12,87,10.941126521646126
12,88,8.185519874389714
12,89,10.695761584447627
12,90,13.678550623999325
12,91,12.647301405415199
12,92,11.778063642143689
12,93,14.762484981435831
12,94,23.245710152310178
12,95,25.449026251663145
12,96,25.022200956559605
12,97,26.893975532218025
12,98,29.68241196313844
12,99,27.91788948154526
12,100,26.136433021525185
12,101,23.286271270887777
12,102,22.6265522777809
12,103,19.359133296331294
12,104,19.093578000275045
12,105,19.772330887298043
12,106,17.5879788224105
12,107,14.480131234133111
12,108,15.644551647612854
12,109,16.351343617111116
12,110,13.002757781519858
12,111,11.325073152960233
12,112,14.024252159829134
12,113,13.59097298737155
12,114,10.047302191659737
12,115,11.610146973173173
12,116,14.520080135079303
12,117,12.980530310284275
12,118,11.097813429104825
12,119,14.532974595556745
12,120,16.032780635601476
12,121,14.144567574102172
12,122,15.428808126398692
13,1,18.056823375525976
13,2,15.816105047511524
13,3,16.3822099602424
13,4,14.009460624229181
13,5,12.343565216837863
13,6,10.66489528850982
13,7,9.942690890614225
13,8,8.50855817882924
13,9,6.205744952411262
13,10,5.005901533198642
13,11,5.372564992968472
13,12,3.8044257131371553
13,14,3.809752350272076
13,15,5.526314197927557
13,16,5.231895015068768
13,17,6.324473736606135
13,18,8.595048313582955
13,19,9.997288364995775
13,20,11.001279716758644
13,21,12.462883670863597
13,22,14.313209983432486
13,23,15.647715006098004
13,24,17.084615930669216
13,25,18.375483375904942
13,26,19.991574688488686
13,27,21.859950427647096
13,28,24.686374371518777
13,29,24.09794807802206
13,30,27.291814298782757
13,31,25.304821756731858
13,32,23.596837264448357
13,33,26.244715400657253
13,34,25.489067546024973
13,35,21.69837470246328
13,36,22.518535739021594
13,37,24.62839192162463
13,38,21.752581600943248
13,39,21.53624755701031
13,40,18.416108066803147
13,41,18.887955774184608
13,42,17.545759198165396
13,43,17.643762095964327
13,44,20.665660649271896
13,45,19.059306723472567
13,46,15.421371493281017
13,47,15.770395758032743
13,48,14.891714643069832
13,49,12.219169164266386
13,50,14.77601016838398
13,51,14.301295856275305
13,52,11.059219272553182
13,53,13.918648560442769
13,54,14.525553388488259
13,55,11.307946765610483
13,56,12.260680416666036
13,57,15.746371267332849
13,58,14.870601727127676
13,59,13.119385796304439
13,60,16.614844998285342
13,61,17.39816685179831
13,62,14.13926281826652
13,63,14.93215917455805
13,64,18.395954799958258
13,65,17.449168388699555
13,66,15.631609799773944
13,67,19.0245164895245
13,68,20.622783365102723
13,69,18.341895936776226
13,70,19.564336752610778
13,71,22.587162561564117
13,72,24.8231428158849
13,73,22.603243381146715
13,74,19.003381002878402
13,75,18.12062660928563
13,76,15.336457041244383
13,77,15.076210759283594
13,78,14.349210833084337
13,79,14.96855222995846
13,80,13.02628400101798
13,81,9.878967841713324
13,82,10.415436176240988
13,83,11.258371050862706
13,84,8.228453750902307
13,85,6.295595237280061
13,86,9.53531517502107
13,87,9.708347263737785
13,88,6.877103682666046
13,89,8.193895164176695
13,90,11.690921722031963
13,91,11.556315710646054
13,92,10.361457112711088
13,93,12.60406619522693
13,94,19.78011988445554
13,95,21.833968255988836
13,96,21.28230871710481
13,97,23.1746780000238
13,98,25.929172447990556
13,99,24.24033350292589
13,100,22.468995605179725
13,101,19.75603598935322
13,102,19.34445323657909
13,103,16.218641981751784
13,104,16.2544193118339
13,105,16.6332633272788
13,106,14.13087325513691
13,107,11.334926635365838
13,108,12.843678890107975
13,109,13.16081734999045
13,110,9.615581550660183
13,111,8.685444974618632
13,112,11.664682432895518
13,113,10.892726628026715
13,114,7.859040230299701
13,115,10.356070013002633
13,116,13.049187592296871
13,117,11.708378355275764
13,118,10.875643800200608
13,119,14.40591705761046
13,120,15.729583704655424
13,121,14.600319596081068
13,122,16.406504514440716
14,1,19.81923553371232
14,2,17.525895755677222
14,3,17.27125804635699
14,4,14.769799921343175
14,5,14.050733603273146
14,6,12.25024101502018
14,7,10.385242084371587
14,8,9.538536887881667
14,9,8.565552278143743
14,10,6.046115800264355
14,11,4.887869849568593
14,12,5.376488697353382
14,13,3.809752350272076
14,15,3.794472491486538
14,16,5.473676347849131
14,17,5.207082997024929
14,18,6.00992865918258
14,19,8.506590381182097
14,20,10.063906248760484
14,21,10.477101724040553
14,22,11.995172712618857
14,23,14.117879063118533
14,24,15.491514302609065
14,25,16.061102111185523
14,26,17.685155523993185
14,27,20.060893538637174
14,28,23.002315409916637
14,29,22.91904871559083
14,30,26.304328738773496
14,31,24.656119089079542
14,32,22.521837665310645
14,33,25.20307226223052
14,34,24.995343353844937
14,35,21.191518187469658
14,36,21.59157848314901
14,37,24.11267212499877
14,38,21.64904426501052
14,39,21.474051757916953
14,40,18.46634188684775
14,41,19.050788256184166
14,42,17.346054122873394
14,43,17.67586942910818
14,44,20.36202514386931
14,45,18.668290426039004
14,46,15.088233803920374
14,47,15.254356641712802
14,48,15.180260227268366
14,49,13.313786639672262
14,50,16.270957171067955
14,51,15.296564584723239
14,52,12.629739832412435
14,53,15.906372049442554
14,54,15.810385182849577
14,55,12.737017054896803
14,56,14.583579946304901
14,57,17.707842097137995
14,58,16.314249611685167
14,59,15.097560238982128
14,60,18.572717827918765
14,61,18.611640842826077
14,62,15.16974533136223
14,63,16.483360323450576
14,64,19.552688376164344
14,65,17.88227520768646
14,66,16.257030889383675
14,67,19.84875679904159
14,68,20.798866728176993
14,69,18.105506796179057
14,70,19.57909133052119
14,71,22.20007371606156
14,72,24.311366757272943
14,73,21.690444284752697
14,74,18.2834651434935
14,75,18.13294605886733
14,76,15.951273029960243
14,77,16.569016884678952
14,78,16.00451626710796
14,79,17.380487806780256
14,80,15.663854038113291
14,81,12.17844280436882
14,82,13.02838235579471
14,83,14.541288908168747
14,84,11.689523595987525
14,85,9.63797161189399
14,86,12.961644983951873
14,87,13.488746495794844
14,88,10.553406203760554
14,89,11.341431851079806
14,90,15.041595281135406
14,91,14.863452820285264
14,92,13.00307700083961
14,93,15.107495006014425
14,94,21.002466609626957
