1,2,3.7896176316199934
1,3,6.609351238165596
1,4,9.147864597062663
1,5,12.236905621785075
1,6,15.70187172047704
1,7,18.80600547650638
1,8,21.574615009312453
1,9,21.73141772495927
1,10,25.330271802099592
1,11,26.684587862904923
1,12,30.474786835606796
1,13,32.35077010930981
1,14,35.852782909458945
1,15,36.683301966824295
1,16,37.13103408717815
1,17,34.70788542231207
1,18,31.160385067713502
1,19,28.102114925763914
1,20,24.864666023685587
1,21,21.456205873823784
1,22,18.447421197533007
1,23,14.967811942223566
1,24,12.588890271034785
1,25,9.217033266818905
1,26,7.913713984529035
1,27,7.993651712617653
1,28,7.74733679430815
1,29,10.401431012394024
1,30,13.142900491939624
1,31,12.41500785263621
1,32,11.175610723404143
1,33,13.620112229658963
1,34,13.764809808364843
1,35,16.185094293696817
1,36,18.48187401279306
1,37,20.195310165916077
1,38,23.21885407693822
1,39,24.010061217429346
1,40,27.411456079650765
1,41,30.078530068824833
1,42,29.416951763397417
1,43,25.715327841660795
1,44,24.90314835114074
1,45,22.197464812795758
1,46,23.80110275985821
1,47,22.022290913724618
1,48,23.558006194686794
1,49,21.96927068666095
1,50,19.215598341651564
1,51,18.16161158271857
1,52,19.02582504479867
1,53,21.771052744382093
1,54,22.88643947646314
1,55,25.844304675346407
1,56,27.50451523931401
1,57,27.872695846281605
1,58,30.12474191438309
1,59,32.10228012013797
1,60,29.691612427370465
1,61,30.296150757211905
1,62,30.62536509436111
1,63,30.329361446053777
1,64,26.51750373642337
1,65,25.023381947290776
1,66,21.66624146504055
1,67,21.928230215399246
1,68,19.47981727501816
1,69,20.09509440860401
1,70,20.757816078742557
1,71,17.823000168214122
1,72,15.648880111939913
1,73,13.150931388124894
1,74,15.601421057352843
1,75,17.351072600875508
1,76,20.629000805545093
1,77,21.284408245999874
1,78,25.04402473044182
1,79,27.787478175578457
1,80,30.89277004871206
1,81,34.134599993137016
1,82,32.81046507470317
1,83,35.10018211063068
1,84,35.75873072966308
1,85,34.31889988234212
1,86,30.861312738018604
1,87,30.57925143407062
1,88,27.936679067301327
1,89,24.305407384223557
1,90,21.481406125412718
1,91,17.708779990832433
1,92,15.08912933791842
1,93,12.54447644112177
1,94,9.982001984326278
1,95,10.717798889205794
1,96,9.436972609342673
1,97,12.762223365916293
1,98,12.561857614676278
1,99,12.382093767026042
1,100,10.995938452517697
1,101,11.504254529647044
1,102,9.915812537866712
1,103,10.39285303021026
1,104,8.982113598725459
1,105,11.72250509374932
1,106,12.515551653015903
1,107,15.3722497841475
1,108,18.6995037699582
1,109,21.193516932593386
1,110,24.92924637796842
1,111,27.02406263220778
1,112,30.701139523469703
1,113,33.185179632982575
1,114,36.54993359108808
1,115,40.10430148265889
2,1,3.7896176316199934
2,3,3.8230819294702414
2,4,6.529850163218851
2,5,9.0113464833607
2,6,12.634981067108958
2,7,15.592970653262634
2,8,18.241813846912713
2,9,18.20323710225093
2,10,21.880519230860944
2,11,23.471459933932106
2,12,27.276866973327873
2,13,29.38712379815552
2,14,32.97128063469074
2,15,34.010408235631076
2,16,34.7121812844714
2,17,32.23930986163086
2,18,28.823930460938453
2,19,25.562513129951714
2,20,22.429424617999487
2,21,18.846676668115318
2,22,15.994733343812674
2,23,12.707157549383934
2,24,10.44551899110204
2,25,7.849362526137324
2,26,7.57654474316768
2,27,9.192791357707573
2,28,10.192159771516378
2,29,12.979752841414642
2,30,15.246509438357569
2,31,14.741532683880074
2,32,12.670050560103062
2,33,14.298884170262783
2,34,13.410653143557619
2,35,15.356948602877019
2,36,16.95036546754044
2,37,18.430747518690797
2,38,21.100386695223406
2,39,21.7631575653328
2,40,25.32837460417204
2,41,27.7923655935376
2,42,27.40945430978205
2,43,23.62055465981136
2,44,23.246710575190747
2,45,20.57935091364682
2,46,22.395852523605697
2,47,20.923371939441555
2,48,22.255856352186296
2,49,21.073407027253353
2,50,18.815358395795126
2,51,18.148271852831375
2,52,19.56096331138187
2,53,22.051126674460004
2,54,23.406502393231293
2,55,26.64299503692695
2,56,28.237815366675456
2,57,28.09704965083062
2,58,30.303482788893017
2,59,31.87551327205376
2,60,29.12843984903093
2,61,29.26117087754441
2,62,29.53606347699294
2,63,28.78929119901321
2,64,25.00990203392862
2,65,23.753083687006722
2,66,20.55698553265001
2,67,20.948780335332806
2,68,18.838557225782708
2,69,19.182378392187317
2,70,20.30548739500378
2,71,17.359428511549808
2,72,15.57818195648249
2,73,12.406954769106672
2,74,14.131849437809356
2,75,15.94180471545192
2,76,18.8481461317669
2,77,19.412489712040262
2,78,23.059206991979842
2,79,25.700090454656745
2,80,28.95918693586376
2,81,31.99680404000827
2,82,30.431868495279094
2,83,32.665345619243425
2,84,33.075916749292006
2,85,31.81463917924664
2,86,28.376699405096442
2,87,27.760584375880143
2,88,25.111635772454186
2,89,21.466815124366807
2,90,18.84221278464645
2,91,15.162051855262169
2,92,13.044593114055619
2,93,11.169265371400687
2,94,9.600546077394048
2,95,11.497692812554025
2,96,11.416050267753668
2,97,15.106713884692633
2,98,15.623566090666131
2,99,15.82499603427458
2,100,14.108440302960433
2,101,13.856047050202209
2,102,11.462585202018188
2,103,10.666475052434649
2,104,7.988509418764046
2,105,9.681519989868129
2,106,9.58603297849782
2,107,12.054004415248164
2,108,15.548402898503323
2,109,17.931549883781393
2,110,21.712257668234766
2,111,23.993728067300733
2,112,27.57655762930601
2,113,30.2451264118729
2,114,33.48972865500784
2,115,37.11944378679821
3,1,6.609351238165596
3,2,3.8230819294702414
3,4,3.808731547360356
3,5,6.6039279455739806
3,6,9.745747868622155
3,7,13.12231741753116
3,8,15.797945650764962
3,9,15.525932978066997
3,10,19.05756094884262
3,11,20.570458196829126
3,12,24.333161924329975
3,13,26.393401924259415
3,14,29.88722849938562
3,15,30.72454296343188
3,16,31.51764924130024
3,17,29.25112783243726
3,18,25.893793811117753
3,19,22.577796862789278
3,20,19.676803596640564
3,21,16.030094552712534
3,22,13.625724849271846
3,23,10.182280478750247
3,24,8.966896358898534
3,25,7.053194772837372
3,26,8.60282454807932
3,27,10.160826298032354
3,28,12.160074085747846
3,29,14.202526256176437
3,30,15.632333398038073
3,31,14.750407130210524
3,32,11.868588367477317
3,33,12.485153525867915
3,34,10.927742033399342
3,35,12.210437482455635
3,36,13.465997321502334
3,37,14.691470600620876
3,38,17.290057760191953
3,39,17.964087090530548
3,40,21.543247837097653
3,41,24.073215249343622
3,42,23.80955670228682
3,43,20.03585080241705
3,44,19.627489530009786
3,45,16.87345421641408
3,46,18.693694235030364
3,47,17.375545262872546
3,48,18.745552590349153
3,49,17.9018990554342
3,50,16.02532467819748
3,51,15.96038291211606
3,52,17.711542106203527
3,53,19.732024262967794
3,54,21.009687912390863
3,55,24.471177116004146
3,56,25.83992521101554
3,57,25.350572873315713
3,58,27.63770675428839
3,59,28.965781301231214
3,60,26.031951893077984
3,61,25.97693675400927
3,62,26.450494338974558
3,63,25.538966598665894
3,64,21.768429332446544
3,65,20.876566192681445
3,66,17.973984648040606
3,67,18.91213759165315
3,68,17.392357543534047
3,69,18.174212901601308
3,70,19.971204311343524
3,71,17.533407080335735
3,72,15.480940054113246
3,73,12.189780678492564
3,74,13.015505924501529
3,75,14.045203505666063
3,76,16.54796431265008
3,77,16.525509371086077
3,78,20.096546616031475
3,79,22.460129129642343
3,80,25.85615657754867
3,81,28.79088833484485
3,82,27.064854855500517
3,83,29.136683470522907
3,84,29.504460356278287
3,85,28.10839393427844
3,86,24.71753542070449
3,87,24.161603435059355
3,88,21.450387718774937
3,89,17.79758508113281
3,90,15.13104991499379
3,91,11.421292750121914
3,92,9.412348145179163
3,93,7.673955375580642
3,94,7.031382193773757
3,95,9.636006119573862
3,96,10.802180727722012
3,97,14.600055525173133
3,98,16.038487492158044
3,99,16.842866645478566
3,100,14.748385224489985
3,101,13.482915841019807
3,102,10.572769005195408
3,103,8.580130312010562
3,104,5.222169072935703
3,105,5.998165303099554
3,106,5.934131661241177
3,107,8.850162130474706
3,108,12.097178987914605
3,109,14.639480818969933
3,110,18.37223412840692
3,111,20.61980354872338
3,112,24.269307956946637
3,113,26.899821977332333
3,114,30.242476474675865
3,115,33.83642346940907
4,1,9.147864597062663
4,2,6.529850163218851
4,3,3.808731547360356
4,5,3.77186775784823
4,6,6.652675842093379
4,7,10.02871456036251
4,8,12.885772924910137
4,9,13.29714384588605
4,10,16.63119652693986
4,11,17.65099076997512
4,12,21.41303405458037
4,13,23.21771621998874
4,14,26.713321160224684
4,15,27.612056712983655
4,16,28.20951798167034
4,17,25.78692823151045
4,18,22.35880260689616
4,19,19.121308736966174
4,20,16.05181114551378
4,21,12.477738447748356
4,22,9.870342748174004
4,23,6.408258275219506
4,24,5.402495897546391
4,25,4.537536519709409
4,26,7.479525532071837
4,27,9.531482804788602
4,28,12.493481704660935
4,29,14.222899663200614
4,30,14.974734591396976
4,31,14.676090193054229
4,32,11.440898929659754
4,33,11.433405675825792
4,34,8.99828613363323
4,35,10.374424342341568
4,36,11.12036743904245
4,37,12.955680664375985
4,38,15.581828600874452
4,39,16.925102423516616
4,40,20.618290064151857
4,41,23.34851859810553
4,42,23.65135072525586
4,43,19.97790133587346
4,44,19.493639799313563
4,45,16.34562691733427
4,46,17.580473180915252
4,47,15.907776946922457
4,48,16.562045792937763
4,49,15.526990467126009
4,50,13.871708200947696
4,51,13.649563700140796
4,52,15.771690879598896
4,53,17.781225335313923
4,54,19.606270742565236
4,55,23.033229753624738
4,56,24.698907193079435
4,57,23.822955842766415
4,58,25.7218834521892
4,59,26.761130867360396
4,60,23.731983555070745
4,61,23.40622841808143
4,62,23.502503274199693
4,63,22.474421387160767
4,64,18.748325473524446
4,65,17.628420407661366
4,66,14.667173771177964
4,67,15.434729836568403
4,68,14.087182018300824
4,69,14.760666504709144
4,70,16.90263225756925
4,71,14.780858999912764
4,72,12.877182075690015
4,73,9.451409572309203
4,74,9.539329088998386
4,75,10.413862050088836
4,76,12.796509198553984
4,77,13.001861939805702
4,78,16.587333916930795
4,79,19.183850719788996
4,80,22.465701251647904
4,81,25.46833488072127
4,82,23.94326913443916
4,83,26.28808771600216
4,84,26.899091877921716
4,85,25.79141212618247
4,86,22.22077834917874
4,87,21.84083326143509
4,88,19.54277049480949
4,89,16.12570817145787
4,90,13.073905679160008
4,91,9.470409941963549
4,92,7.16852427671062
4,93,6.707932560673508
4,94,6.603362865712929
4,95,10.14575988053863
4,96,11.776983954686234
4,97,15.44972823589924
4,98,17.259777378950524
4,99,18.534425596827038
4,100,16.911843546763635
4,101,15.345215972060727
4,102,12.792659678402217
4,103,10.379773567974375
4,104,7.338212174063631
4,105,6.600246019610089
4,106,5.108973196623318
4,107,8.281538624330198
4,108,10.893831280333556
4,109,12.640862076742808
4,110,16.26890092303331
4,111,18.04158750743242
4,112,21.721584907591566
4,113,24.106437301512774
4,114,27.45379813672013
4,115,30.99408189283116
5,1,12.236905621785075
5,2,9.0113464833607
5,3,6.6039279455739806
5,4,3.77186775784823
5,6,3.798677140189904
5,7,6.624423665199928
5,8,9.368381357980468
5,9,9.839038962043613
5,10,13.288704037424552
5,11,14.527189516643375
5,12,18.335389247399238
5,13,20.42797729330634
5,14,24.063583129371477
5,15,25.345273254344765
5,16,26.211042860660594
5,17,23.62826362794998
5,18,20.406744417357455
5,19,16.950526164045613
5,20,13.998753775208428
5,21,10.270964260637621
5,22,7.934724332159146
5,23,5.573153062931919
5,24,5.163518073830592
5,25,6.674861909623769
5,26,9.61634086985559
5,27,12.4161032937082
5,28,15.501312445734204
5,29,17.448358080492223
5,30,18.089943538029466
5,31,18.150527110030854
5,32,14.870771602508487
5,33,14.457856678807412
5,34,11.436555782517592
5,35,12.155962769495645
5,36,11.714750911761735
5,37,13.223002982668454
5,38,15.114731721648202
5,39,16.40249799156606
5,40,20.19162017397432
5,41,22.597938778419692
5,42,23.389017057514796
5,43,19.765726340863154
5,44,19.857733521776215
5,45,16.867860528349986
5,46,18.147988125707453
5,47,16.86810235362655
5,48,16.999772749577545
5,49,16.45069585037058
5,50,15.534130626673067
5,51,15.574253394656484
5,52,18.04103841915716
5,53,19.765996471000555
5,54,21.849122668505842
5,55,25.30289127170473
5,56,26.955447617953908
5,57,25.62113483375344
5,58,27.28924288638202
5,59,27.847581212300557
5,60,24.57370693515533
5,61,23.66250530600777
5,62,23.52156134916773
5,63,21.9403250137546
5,64,18.432024424893186
5,65,17.53482976936713
5,66,14.921987555212091
5,67,15.577036412796732
5,68,14.684386667356192
5,69,14.745583193033367
5,70,17.189377169571465
5,71,15.180586660187892
5,72,14.078075901257312
5,73,10.429905444962175
5,74,9.400597895655523
5,75,10.387450393047903
5,76,11.908589890938211
5,77,12.210216887022577
5,78,15.39487104776911
5,79,17.888038472734067
5,80,21.220240411347937
5,81,23.91115713441209
5,82,22.175443262880172
5,83,24.54123220919651
5,84,24.88008835038336
5,85,24.17850718130886
5,86,20.626519813357103
5,87,19.787412428144215
5,88,17.69181961928071
5,89,14.44058313310478
5,90,11.730669169692773
5,91,8.691170498135337
5,92,7.700507951986051
5,93,8.881679414789605
5,94,9.899663192276494
5,95,13.604339233052043
5,96,15.501206865753812
5,97,19.126374125028605
5,98,21.011320174486038
5,99,22.284641808043958
5,100,20.6456811521122
5,101,19.02522174106104
5,102,16.2978759631494
5,103,13.565108961870466
5,104,10.221230464374761
5,105,8.299526243954569
5,106,5.095798924684644
5,107,6.69232361669939
5,108,9.051988455932383
5,109,10.018691026438127
5,110,13.643356581159193
5,111,15.524131341852987
5,112,19.016209426322053
5,113,21.595123077000927
5,114,24.721515181236114
5,115,28.353346797064503
6,1,15.70187172047704
6,2,12.634981067108958
6,3,9.745747868622155
6,4,6.652675842093379
6,5,3.798677140189904
6,7,3.7992952030144282
6,8,6.524634644460087
6,9,7.241766641679295
6,10,10.186535217523957
6,11,11.003996601385792
6,12,14.780178914958427
6,13,16.757786905549413
6,14,20.346965272633643
6,15,21.560492209454928
6,16,22.508601792812897
6,17,20.020439145943197
6,18,16.904427269081168
6,19,13.346409476514753
6,20,10.681898011829878
6,21,6.877595050366441
6,22,5.627806834267465
6,23,4.523862343432205
6,24,6.486645103510701
6,25,9.112723997113104
6,26,12.53416266583632
6,27,15.026863406395893
6,28,18.43759142737365
6,29,19.90392532548987
6,30,19.918270417174526
6,31,19.943117679692854
6,32,16.404140265353917
6,33,15.141710260343372
6,34,11.58438331337211
6,35,11.385132938166157
6,36,9.805687975105048
6,37,11.087964719998368
6,38,12.43384180285639
6,39,14.065685108343859
6,40,17.782553060633692
6,41,20.17561078159481
6,42,21.479930451618422
6,43,18.101251125913052
6,44,18.286357369482403
6,45,15.2637107400507
6,46,16.156023666000053
6,47,15.061404248049353
6,48,14.627521256287814
6,49,14.550806137217622
6,50,14.464687264812392
6,51,15.056080943477912
6,52,17.82320414368449
6,53,18.958774253181467
6,54,21.139503375735245
6,55,24.59626228451811
6,56,26.1162828066381
6,57,24.28927797426742
6,58,25.74910254624334
6,59,25.833368565481834
6,60,22.372227848801767
6,61,20.997039269380988
6,62,20.795594045951173
6,63,18.827735248967155
6,64,15.517174460641257
6,65,15.026575341867114
6,66,13.005645313885013
6,67,14.08515382690839
6,68,14.113074002395548
6,69,14.375833387975048
6,70,17.423072887215135
6,71,16.155715759363883
6,72,15.157777228999935
6,73,11.901589328823873
6,74,9.68286516115745
6,75,9.525247632076494
6,76,9.84267963908985
6,77,9.488634901393958
6,78,12.240165840219872
6,79,14.433649134450773
6,80,17.84904175252218
6,81,20.334886110111643
6,82,18.45748215940786
6,83,20.802235613905548
6,84,21.14093883678033
6,85,20.59032091571752
6,86,17.00970958588128
6,87,16.184027984365883
6,88,14.384131827568309
6,89,11.449795635266263
6,90,8.681800737331333
6,91,6.403237722702241
6,92,6.478986248528762
6,93,9.173106882623653
6,94,11.206503268902924
6,95,14.968558516568532
6,96,17.45239217187801
6,97,20.82479513221093
6,98,23.17553134833361
6,99,24.788660275004474
6,100,23.116549120113028
6,101,21.034096217596414
6,102,18.31151731597634
6,103,15.146751821934377
6,104,12.108511153346225
6,105,9.268735211814564
6,106,5.90923198473281
6,107,6.542667605153566
6,108,7.180931752388496
6,109,7.039848729970692
6,110,10.3571173165099
6,111,11.849949972972112
6,112,15.380168940217917
6,113,17.833001003559932
6,114,21.01252996504454
6,115,24.611870871034228
7,1,18.80600547650638
7,2,15.592970653262634
7,3,13.12231741753116
7,4,10.02871456036251
7,5,6.624423665199928
7,6,3.7992952030144282
7,8,2.950954631604249
7,9,5.194099701654573
7,10,7.673686382294073
7,11,8.260591557930379
7,12,12.025524099901236
7,13,14.177460609158345
7,14,17.918033160752874
7,15,19.67946113613415
7,16,20.764284313944753
7,17,17.979403257945087
7,18,15.155070629324715
7,19,11.545992515982359
7,20,9.062404674668246
7,21,5.673323068682389
7,22,5.288381606393432
7,23,6.649542519262323
7,24,8.34639530105781
7,25,11.711386685208012
7,26,14.804307468840253
7,27,17.643128652191063
7,28,21.09088344314209
7,29,22.690435602548032
7,30,22.63915164459489
7,31,23.080750388642386
7,32,19.658132686823002
7,33,18.372926384942577
7,34,14.72559495657217
7,35,14.474238421625197
7,36,12.347999554863051
7,37,13.50224748977553
7,38,14.097805506984292
7,39,15.778812596891257
7,40,19.301202222762935
7,41,21.337368241780446
7,42,23.165800507063167
7,43,20.039175387512156
7,44,20.61730717135027
7,45,17.804963417718486
7,46,18.46673027285148
7,47,17.561888466609044
7,48,16.496102025971066
7,49,16.61332055662499
7,50,17.001169817699562
7,51,17.473548029339334
7,52,20.319414782023717
7,53,21.35676172861616
7,54,23.821667688575488
7,55,27.11779824850452
7,56,28.75586940187126
7,57,26.633524476096802
7,58,27.716004563656593
7,59,27.38911175192212
7,60,23.88160638242782
7,61,22.02239674379436
7,62,21.377447766499206
7,63,18.97859052898313
7,64,16.140767753261912
7,65,15.673372846181778
7,66,14.071067863339984
7,67,14.680393004966929
7,68,15.037925953403347
7,69,14.574138404763866
7,70,17.647443466111355
7,71,16.616848592708628
7,72,16.425175041294263
7,73,13.339864621624265
7,74,10.499825707869402
7,75,10.530015721494165
7,76,9.837786004241904
7,77,9.970214220812442
7,78,11.831568437646082
7,79,13.929919222266841
7,80,17.060277780777966
7,81,19.15519291584542
7,82,17.28816374232885
7,83,19.78675702342588
7,84,19.973286441183113
7,85,20.103003607561032
7,86,16.61187597387247
7,87,15.405654168691242
7,88,14.271986928632083
7,89,12.024131286903604
7,90,9.931559699175631
7,91,8.97474263892704
7,92,9.822555455635493
7,93,12.867176670484268
7,94,14.877733059556931
7,95,18.65477870672229
7,96,21.04812881037681
7,97,24.38165554992085
7,98,26.65957567103885
7,99,28.266200588013746
7,100,26.752690272129293
7,101,24.76598985617094
7,102,22.090734216495605
7,103,18.945121148205047
7,104,15.857201141367701
7,105,12.942152302616444
7,106,9.422051558659534
7,107,8.934613874117035
7,108,8.801489373680543
7,109,6.984415513790707
7,110,9.476405862227825
7,111,10.530650197263908
7,112,13.565277644419185
7,113,15.99743755431254
7,114,18.7918068311104
7,115,22.413759274764505
8,1,21.574615009312453
8,2,18.241813846912713
8,3,15.797945650764962
8,4,12.885772924910137
8,5,9.368381357980468
8,6,6.524634644460087
8,7,2.950954631604249
8,9,3.798247083862501
8,10,5.279470639748241
8,11,5.972646363470025
8,12,9.617779109240846
8,13,12.14269781160374
8,14,15.932957678751539
8,15,18.07167285183781
8,16,19.485893841930192
8,17,16.698247430294835
8,18,14.343365617484958
8,19,10.729828324628869
8,20,8.997063850043157
8,21,6.435656527663907
8,22,7.329574582294648
8,23,9.41832004735475
8,24,11.18317509898499
8,25,14.625244870500827
8,26,17.61688516808584
8,27,20.53802536193728
8,28,23.96984005475799
8,29,25.604773284321407
8,30,25.50529170989699
8,31,25.98355703068791
8,32,22.53855692903247
8,33,21.10094118397889
8,34,17.38752724145817
8,35,16.81100168041962
8,36,14.259836029607134
8,37,14.970485358513045
8,38,14.863919915558478
8,39,16.335196683500936
8,40,19.619545576768335
8,41,21.257239937568745
8,42,23.439783430109344
8,43,20.561659339271333
8,44,21.51882267447296
8,45,19.00909847376632
8,46,19.644492284278748
8,47,19.112124200029772
8,48,17.79930716582204
8,49,18.324825339221483
8,50,19.169934539220506
8,51,19.85156963861777
8,52,22.74531919357002
8,53,23.526801028784462
8,54,25.983903406275534
8,55,29.23585884975402
8,56,30.76695342245537
8,57,28.399948328708383
8,58,29.344704774147512
8,59,28.67781045335186
8,60,25.100661115007238
8,61,22.86112798281622
8,62,22.12735920784162
8,63,19.34759959435005
8,64,16.94577411145123
8,65,16.83641997345879
8,66,15.771717564533954
8,67,16.38826141632159
8,68,17.135245183167125
8,69,16.45740405154012
8,70,19.554903828561606
8,71,18.747029056187426
8,72,18.893394712387146
8,73,15.954434835485607
8,74,12.913827778532186
8,75,12.799503631729634
8,76,11.417709074282408
8,77,11.371558720571857
8,78,12.374059082355268
8,79,13.946697241712766
8,80,16.896911466132956
8,81,18.46346929820745
8,82,16.389587045465245
8,83,18.728555625371225
8,84,18.577017358959413
8,85,19.145152997606473
8,86,15.895207203082693
8,87,14.237591367478753
8,88,13.521109521578488
8,89,11.857760767149575
8,90,10.564668188575492
8,91,10.581344426867107
8,92,12.137956372727006
8,93,15.397176259240524
8,94,17.664556372141256
8,95,21.410590681247022
8,96,23.920367982126983
8,97,27.22944566897458
8,98,29.574578340991692
8,99,31.191612701933032
8,100,29.610735982479
8,101,27.555682559120957
8,102,24.788660180060642
8,103,21.53117117560446
8,104,18.409772619777243
8,105,15.27660819131844
8,106,11.728722174501206
8,107,10.463567369958556
8,108,9.63343662940473
8,109,6.8447831463752005
8,110,8.33783173436106
8,111,9.181828832514976
8,112,11.641109868779363
8,113,14.190911512089306
8,114,16.62358237644802
8,115,20.2784635447048
9,1,21.73141772495927
9,2,18.20323710225093
9,3,15.525932978066997
9,4,13.29714384588605
9,5,9.839038962043613
9,6,7.241766641679295
9,7,5.194099701654573
9,8,3.798247083862501
9,10,3.8179550407169747
9,11,6.673268390885423
9,12,10.095014990869076
9,13,13.282289083384319
9,14,16.913537459569945
9,15,18.8638556436787
9,16,20.84550871708383
9,17,18.55629063669394
9,18,16.528171174235027
9,19,12.797973651394713
9,20,11.741892929844552
9,21,9.003077934027312
9,22,10.164203623463608
9,23,11.267947272505646
9,24,13.113834946376823
9,25,16.052224629449256
9,26,19.109673098838297
9,27,21.999418265040237
9,28,25.261022640624393
9,29,27.019735639728857
9,30,27.14158622539763
9,31,27.152493668843523
9,32,23.562464995486355
9,33,22.054123086510657
9,34,18.39123578342042
9,35,17.333760686535683
9,36,14.684189840824006
9,37,14.487876441846083
9,38,13.850433349851286
9,39,14.46019961662926
9,40,17.700982643103917
9,41,18.87893755724318
9,42,20.91712112950847
9,43,18.015739003511726
9,44,19.49755099543732
9,45,17.47678391494681
9,46,18.720892917998302
9,47,18.86874821010717
9,48,18.126325650074488
9,49,19.2520366750394
9,50,20.26182735012165
9,51,21.45288771427206
9,52,24.347422558366663
9,53,24.894258035333596
9,54,26.914477918548307
9,55,30.376683186486538
9,56,31.509838128457066
9,57,29.148337158701576
9,58,30.48445672685095
9,59,29.826040966164
9,60,26.117400427586933
9,61,23.859316255413663
9,62,23.68903381406963
9,63,20.771180593484253
9,64,18.334383091087417
9,65,18.838616218229014
9,66,17.980956641820036
9,67,19.170418398086234
9,68,19.96700597274792
9,69,19.67723428676894
9,70,22.808575438466793
9,71,21.763757642088997
9,72,21.557228772010692
9,73,18.35523726891471
9,74,15.670669642044608
9,75,15.460048140729103
9,76,14.323491518274649
9,77,13.536232865897944
9,78,14.581595030026467
9,79,15.502334476876381
9,80,18.7716511690588
9,81,20.02128016784389
9,82,17.367839651282324
9,83,19.046625031455665
9,84,18.242452238964354
9,85,18.434821720667884
9,86,15.510532124929485
9,87,13.211859016546589
9,88,11.7725823641372
9,89,9.787988502530279
9,90,9.423060265291278
9,91,9.73053867829964
9,92,12.162145484376847
9,93,15.232495555790628
9,94,17.946252952474154
9,95,21.555225211947615
9,96,24.28869262463952
9,97,27.68120999724366
9,98,30.121226152443388
9,99,31.62119202615845
9,100,29.62302890133368
9,101,27.43732741527662
9,102,24.337543602729312
9,103,20.91180119192031
9,104,17.6587528547086
9,105,14.26287161563981
9,106,10.787606206795047
9,107,8.428051064211832
9,108,7.17145498196958
9,109,4.417938485550669
9,110,6.161497434653495
9,111,8.462970656542781
9,112,10.868919447642963
9,113,14.132528850432932
9,114,16.53671956840269
9,115,20.323082299822303
10,1,25.330271802099592
10,2,21.880519230860944
10,3,19.05756094884262
10,4,16.63119652693986
10,5,13.288704037424552
10,6,10.186535217523957
10,7,7.673686382294073
10,8,5.279470639748241
10,9,3.8179550407169747
10,11,3.806984242027199
10,12,6.549258895628826
10,13,10.043694360774817
10,14,13.523869870764559
10,15,15.6662122875661
10,16,17.988273750566787
10,17,15.91351358015071
10,18,14.507595532999577
10,19,11.012527395539857
10,20,11.067253210524063
10,21,9.443442227235739
10,22,11.74477699508433
10,23,13.616424944131133
10,24,15.94549120410066
10,25,19.13264595333972
10,26,22.3303417517314
10,27,25.090091290994746
10,28,28.505406263406506
10,29,30.026208457289762
10,30,29.81513252132998
10,31,29.862405275193204
10,32,26.21244606901449
10,33,24.328215512437268
10,34,20.560773026320106
10,35,19.097256652995068
10,36,15.941112573317016
10,37,15.43740693936347
10,38,14.029686840450044
10,39,14.71297593643657
10,40,17.426091928977552
10,41,18.249054641876803
10,42,20.861513136638962
10,43,18.498877658057772
10,44,20.132854750906866
10,45,18.378377566188874
10,46,19.195801993733355
10,47,19.62277801122675
10,48,18.38948413910531
10,49,19.922791767644966
10,50,21.543960203335573
10,51,22.996006147662897
10,52,25.938989000984424
10,53,26.064565931806264
10,54,28.097472804190772
10,55,31.418319387343963
10,56,32.42665554086982
10,57,29.715815841954505
10,58,30.782516535505227
10,59,29.658402339348903
10,60,25.92906763158812
10,61,23.22633234945719
10,62,22.946245329723848
10,63,19.652799716358924
10,64,17.831584634487058
10,65,18.785595158386798
10,66,18.653323386591126
10,67,19.966835258859287
10,68,21.366836232411085
10,69,21.106856514081084
10,70,24.42361085741407
10,71,23.878920055725093
10,72,23.81799965868633
10,73,20.936042880185305
10,74,17.8412647734609
10,75,17.116229099815815
10,76,15.174840501033719
10,77,14.045243899416365
10,78,14.074640624815737
10,79,14.242500096579686
10,80,17.192523525269134
10,81,17.782492774263247
10,82,14.927958670002969
10,83,16.340499664704453
10,84,15.226788768383278
10,85,15.960604330456425
10,86,13.378733687462779
10,87,10.723844021197621
10,88,10.177095939223806
10,89,9.460057410989188
10,90,9.958011292682064
10,91,11.53980893011804
10,92,14.346971715889564
10,93,17.764418261730494
10,94,20.715969527563033
10,95,24.250586707462567
10,96,27.191348024077758
10,97,30.405532108737408
10,98,33.06081011275321
10,99,34.74359755218279
10,100,32.77374198191398
10,101,30.374923819977365
10,102,27.342277478614687
10,103,23.787500255975633
10,104,20.774898783773082
10,105,17.198513907510577
10,106,13.985713499857047
10,107,11.654675774721612
10,108,9.428605277431046
10,109,5.80767705043166
10,110,4.8709788014331785
10,111,6.066931859172383
10,112,7.510593600146652
10,113,10.793697403400303
10,114,12.864301166328037
10,115,16.64614833354209
11,1,26.684587862904923
11,2,23.471459933932106
11,3,20.570458196829126
11,4,17.65099076997512
11,5,14.527189516643375
11,6,11.003996601385792
11,7,8.260591557930379
11,8,5.972646363470025
11,9,6.673268390885423
11,10,3.806984242027199
11,12,3.811691400339583
11,13,6.616156470260257
11,14,10.302099251356626
11,15,12.492302036329024
11,16,14.47253681219063
11,17,12.173281417919506
11,18,10.781531632890285
11,19,7.433736188775476
11,20,8.09162491176202
11,21,7.662208742341058
11,22,10.734999430578632
11,23,13.341954250563267
11,24,16.057519757991603
11,25,19.496293199013436
11,26,22.808297256048053
11,27,25.328996341279083
11,28,28.940703179941416
11,29,30.102869835700997
11,30,29.45766934807016
11,31,29.71704970635858
11,32,26.11857510501192
11,33,23.966380123818894
11,34,20.15814406150752
11,35,18.664189557454517
11,36,15.288446131202825
11,37,15.204888143758383
11,38,13.831535214459345
11,39,15.324238184603177
11,40,17.791205214878673
11,41,18.973267203233508
11,42,21.906466334295416
11,43,19.82238284880111
11,44,20.956610152621558
11,45,18.90526391723412
11,46,18.95738139824798
11,47,19.003493311024197
11,48,17.0813357939768
11,49,18.461591098691372
11,50,20.38931575721862
11,51,21.759131356533313
11,52,24.689552161707606
11,53,24.609360112729416
11,54,26.8700805100953
11,55,29.940080894145396
11,56,31.09620809389543
11,57,28.176655618786295
11,58,28.821709649089033
11,59,27.417776637242333
11,60,23.784653879362487
11,61,20.85703006245219
11,62,20.166322215861005
11,63,16.76278966991827
11,64,15.353422271549752
11,65,16.267094144212393
11,66,16.585641549309305
11,67,17.787197909806878
11,68,19.66047829807067
11,69,19.441872515016062
11,70,22.895887305287022
11,71,22.927182758992032
11,72,22.94977363876314
11,73,20.535768279496214
11,74,17.06309199245428
11,75,15.824013476775866
11,76,13.205097852491871
11,77,12.040237881678573
11,78,11.256446970794656
11,79,11.232814344168265
11,80,13.804778094407792
11,81,14.280914558652475
11,82,11.714309660910345
11,83,13.603716630847392
11,84,13.085200776943747
11,85,14.307770581495058
11,86,11.522162818240608
11,87,9.567881883592417
11,88,10.190592665131872
11,89,10.291293179251404
11,90,10.236589658995335
11,91,12.212370116691217
11,92,14.63409438948349
11,93,18.329610868755687
11,94,21.175191646286468
11,95,24.675735112579005
11,96,27.644967661674276
11,97,30.624279090613655
11,98,33.40790630668718
11,99,35.325885740085766
11,100,33.6314088490415
11,101,31.121795113715233
11,102,28.379284386748107
11,103,24.843852904777837
11,104,22.141051582593104
11,105,18.60932596674226
11,106,15.578946638643687
11,107,13.983398898682587
11,108,11.558476052287618
11,109,7.792210088506228
11,110,6.2549785227359935
11,111,4.903396245310697
11,112,6.122997950073907
11,113,8.36667224656903
11,114,10.654171222692506
11,115,14.315094196118661
12,1,30.474786835606796
12,2,27.276866973327873
12,3,24.333161924329975
12,4,21.41303405458037
12,5,18.335389247399238
12,6,14.780178914958427
12,7,12.025524099901236
12,8,9.617779109240846
12,9,10.095014990869076
12,10,6.549258895628826
12,11,3.811691400339583
12,13,3.811622425806222
12,14,7.088422600756834
12,15,9.770946990117233
12,16,12.250091596921528
12,17,10.350941083580185
12,18,10.194007941174423
12,19,7.856771122416972
12,20,9.936029352724015
12,21,10.70440973084826
12,22,14.04415872387108
12,23,16.87120242134797
12,24,19.67500383143783
12,25,23.160393010428496
12,26,26.47541676201382
12,27,28.92675690798036
12,28,32.58296720448589
12,29,33.61605987686263
12,30,32.77826735964292
12,31,33.06065118621311
12,32,29.468666726157153
12,33,27.112478525094005
12,34,23.330761299920617
12,35,21.60021343874106
12,36,18.031773089809057
12,37,17.674535059469626
12,38,15.761167492499824
12,39,17.130024529808068
12,40,18.963017868095587
12,41,19.702810903468517
12,42,23.01972977473194
12,43,21.48582507715414
12,44,22.75528301312315
12,45,21.050677473534883
12,46,20.801452018003847
12,47,21.121207450230916
12,48,18.89904849475297
12,49,20.577864446327606
12,50,22.927272910956635
12,51,24.456509414264566
12,52,27.337432896803012
12,53,26.91748401901325
12,54,29.12224745255406
12,55,32.003189460865734
12,56,33.019167539961025
12,57,29.845826257584623
12,58,30.220778506267745
12,59,28.38465223158614
12,60,24.844766097508
12,61,21.556939505598347
12,62,20.754669691921215
12,63,17.093205502391772
12,64,16.518482558403907
12,65,17.824165059195185
12,66,18.806979403284792
12,67,20.01818746361972
12,68,22.287893611478808
12,69,22.054823782058424
12,70,25.503658719388135
12,71,25.891316296894164
12,72,26.065056618602465
12,73,23.904957893712112
12,74,20.29863877505234
12,75,18.828579049652888
12,76,15.79889312712534
12,77,14.499933732012812
12,78,12.799128051712215
12,79,11.878981254431762
12,80,13.688483968752502
12,81,13.136372665313957
12,82,10.50199703710222
12,83,11.90151475556885
12,84,10.994125899271983
12,85,13.102445906360309
12,86,11.078419642517133
12,87,8.999301285781293
12,88,10.84012576636549
12,89,12.157871605872325
12,90,12.819626153927862
12,91,15.38455976311179
12,92,17.953030985378273
12,93,21.694508523379515
12,94,24.64075571770551
12,95,28.03686538809517
12,96,31.10543766807393
12,97,33.948625637761054
12,98,36.848774463570834
12,99,38.862566927950546
12,100,37.17445005285541
12,101,34.54500660576932
12,102,31.838496138485468
12,103,28.247890574325236
12,104,25.684055765638472
12,105,22.082421008168055
12,106,19.207149016203516
12,107,17.477510898920805
12,108,14.733654039067474
12,109,10.96926997787062
12,110,8.394040281454606
12,111,6.011816808860053
12,112,4.674526437595286
12,113,5.868881905157542
12,114,7.2064567514425
12,115,10.7812368403198
13,1,32.35077010930981
13,2,29.38712379815552
13,3,26.393401924259415
13,4,23.21771621998874
13,5,20.42797729330634
13,6,16.757786905549413
13,7,14.177460609158345
13,8,12.14269781160374
13,9,13.282289083384319
13,10,10.043694360774817
13,11,6.616156470260257
13,12,3.811622425806222
13,14,3.7954573473868045
13,15,6.609311651680088
13,16,8.632049771394392
13,17,6.647893696184653
13,18,7.254054455742407
13,19,6.224093618336662
13,20,9.326150486934102
13,21,11.366253295008834
13,22,14.901804794393417
13,23,17.98367704717671
13,24,20.975601521169033
13,25,24.479817336826688
13,26,27.82346605243478
13,27,29.984556520359966
13,28,33.73563540545531
13,29,34.4134884897535
13,30,33.18617014714725
13,31,33.596186387820566
13,32,30.109053626086496
13,33,27.533747943735573
13,34,23.854080713313
13,35,22.09115870109559
13,36,18.4985776027299
13,37,18.425498360037277
13,38,16.59456287734119
13,39,18.495325788242333
13,40,19.974077242592607
13,41,20.969432508446456
13,42,24.43821481359145
13,43,23.207532210043002
13,44,24.027021458971
13,45,22.17596208418529
13,46,21.26847191567176
13,47,21.2973048128991
13,48,18.54826212877162
13,49,20.08016686744242
13,50,22.692878649516306
13,51,24.163986049954985
13,52,26.923266133851776
13,53,26.232695145103477
13,54,28.537230042876207
13,55,31.092305149388455
13,56,32.1710730310286
13,57,28.827026435022926
13,58,28.759322335728744
13,59,26.605374312745464
13,60,23.27627005511122
13,61,19.801574913793846
13,62,18.607586498463224
13,63,14.926187938829505
13,64,15.088289513992972
13,65,16.425746665942548
13,66,17.990938296611485
13,67,19.108385651994418
13,68,21.815860324709078
13,69,21.72095325562911
13,70,25.18518787435352
13,71,26.130620940691294
13,72,26.310467400939498
13,73,24.64410488535803
13,74,20.884620644878137
13,75,18.973737283102416
13,76,15.516887100845501
13,77,14.179520354244817
13,78,11.608774887507538
13,79,10.178508688872961
13,80,11.043461347821774
13,81,9.925595146025826
13,82,7.846145213422637
13,83,9.649133864918225
13,84,9.624751767711363
13,85,12.302659699617942
13,86,10.450742025447449
13,87,9.553892690735136
13,88,12.284002414381568
13,89,14.09858912556025
13,90,14.37047071000865
13,91,17.056701878385713
13,92,19.243547386582698
13,93,23.02189681996707
13,94,25.83140205051397
13,95,29.080420356384757
13,96,32.14412139609044
13,97,34.713508456681566
13,98,37.71383561032923
13,99,39.91932462315816
13,100,38.457485863306964
13,101,35.73359859686564
13,102,33.30030262012708
13,103,29.77036684897076
13,104,27.52420794319618
13,105,24.019606650527464
13,106,21.38914306876249
13,107,20.154610474158336
13,108,17.337662129143663
13,109,13.696199151848475
13,110,11.157233827685287
13,111,7.872555809568094
13,112,6.401219463532099
13,113,5.030689902287354
13,114,6.14095101252243
13,115,8.970337253949088
14,1,35.852782909458945
14,2,32.97128063469074
14,3,29.88722849938562
14,4,26.713321160224684
14,5,24.063583129371477
14,6,20.346965272633643
14,7,17.918033160752874
14,8,15.932957678751539
14,9,16.913537459569945
14,10,13.523869870764559
14,11,10.302099251356626
14,12,7.088422600756834
14,13,3.7954573473868045
14,15,3.810362673361394
14,16,6.247317016515814
14,17,5.642570752667604
14,18,8.094218193574587
14,19,8.663622338414967
14,20,12.225397523759929
14,21,14.714237637414213
14,22,18.305120169589156
14,23,21.355433251303868
14,24,24.464232658304795
14,25,27.911716142695465
14,26,31.291472502527064
14,27,33.28062675261511
14,28,37.06036443469591
14,29,37.52652113675584
14,30,36.06707825182543
14,31,36.43274777586618
14,32,32.98204932818714
14,33,30.200215615089196
14,34,26.629561416191148
14,35,24.65637884191209
14,36,21.015074097312972
14,37,20.743635844865626
14,38,18.621964204033937
14,39,20.464305605129915
14,40,21.337500772012845
14,41,22.071262516743555
14,42,25.730404730686892
14,43,25.01606458744536
14,44,25.764201424565197
14,45,24.181657002863684
14,46,22.928577273548044
14,47,23.126675325168357
14,48,20.187635679093308
14,49,21.912871995148187
14,50,24.84372539718467
14,51,26.469278232240185
14,52,29.100592905221998
14,53,28.04185237077519
14,54,30.204537562746758
14,55,32.49876229034565
14,56,33.39730572873825
14,57,29.86525281535243
14,58,29.50998674616326
14,59,26.957762306841627
14,60,23.856920676991482
14,61,20.171419426206533
14,62,18.93955651597689
14,63,15.263574986940807
14,64,16.323050829664833
14,65,18.003190870944973
14,66,20.15236082019332
14,67,21.352760421222932
14,68,24.372904977387183
14,69,24.439186368881586
14,70,27.87118033442567
14,71,29.15340194168074
14,72,29.307694382100994
14,73,27.908776603744762
14,74,24.11952788060455
14,75,21.949593505866012
14,76,18.32878288367975
14,77,16.811480595185813
14,78,13.729436875123104
14,79,11.56526013875728
14,80,11.409241955496196
14,81,9.058197443436951
14,82,7.432016066933247
14,83,8.351571142506105
14,84,8.388670351801084
14,85,11.800024063962569
14,86,10.971065063019784
14,87,10.612589994032701
14,88,14.007141768239775
14,89,16.498494774352746
14,90,17.09037104500287
14,91,20.073300544648554
14,92,22.280278948364607
14,93,26.02143143787072
14,94,28.8833932212238
14,95,31.961036083857252
14,96,35.10731067176063
14,97,37.474604235611714
14,98,40.59972071202859
14,99,42.921650210287744
14,100,41.48448503466021
14,101,38.62555285865779
14,102,36.28765996208443
14,103,32.74210818296787
14,104,30.711007487303814
14,105,27.19166375724654
14,106,24.777956585554183
14,107,23.565994883540966
14,108,20.53298945788923
14,109,16.9943597087748
14,110,14.099305183987159
14,111,10.616751293576774
14,112,8.332043530750331
14,113,5.347605583614912
14,114,4.699461548266603
14,115,6.011068246606656
15,1,36.683301966824295
15,2,34.010408235631076
15,3,30.72454296343188
15,4,27.612056712983655
15,5,25.345273254344765
15,6,21.560492209454928
15,7,19.67946113613415
15,8,18.07167285183781
15,9,18.8638556436787
15,10,15.6662122875661
15,11,12.492302036329024
15,12,9.770946990117233
15,13,6.609311651680088
15,14,3.810362673361394
15,16,3.7952525005228677
15,17,5.521195121306687
15,18,8.17660862911058
15,19,9.43800474902315
15,20,13.231926759316549
15,21,15.827346303222804
15,22,19.532441800750647
15,23,22.247643305223967
15,24,25.64393743503338
15,25,28.852870735610658
15,26,32.37119635014139
15,27,33.99952608052533
15,28,37.79083959233149
15,29,37.91452311041493
15,30,36.17655290032151
15,31,36.295069927760686
15,32,32.86101711839091
15,33,29.790322248919853
15,34,26.40309222564358
15,35,24.100134432756626
15,36,20.462451821535126
15,37,19.955290925677776
15,38,17.675091926665964
15,39,19.617279158307234
15,40,19.946364246001227
15,41,20.762799392703382
15,42,24.436959978467648
15,43,24.135569447870886
15,44,24.53668046182792
15,45,23.10059166973615
15,46,21.407535912272486
15,47,21.709974112350388
15,48,18.670270817472563
15,49,20.644131834558657
15,50,23.90234890544514
15,51,25.8435204637719
15,52,28.319722979954772
15,53,26.797353957898622
15,54,28.662137388905872
15,55,30.75863335185225
15,56,31.370685060516895
15,57,27.70444179566981
15,58,27.241913966214003
15,59,24.42287193034575
15,60,21.471703569935013
15,61,17.680705721278816
15,62,16.72143488631
15,63,13.094286200300177
15,64,14.797276745533106
15,65,17.01641458523489
15,66,19.729536739450065
15,67,21.371296467555133
15,68,24.711392510906098
15,69,25.318080941261712
15,70,28.86149015718833
15,71,30.391337589489247
15,72,30.145734150800266
