1,2,3.8435399823819774
1,3,6.971423923068421
1,4,8.73823649133188
1,5,12.413235264160619
1,6,14.581398092962338
1,7,18.364701239753735
1,8,21.2863641450246
1,9,22.82688620299769
1,10,26.282044034770006
1,11,28.358973072880502
1,12,32.15025369834009
1,13,33.68669552618377
1,14,36.45558090108929
1,15,40.12175466383996
1,16,39.98769605093557
1,17,37.29793128927682
1,18,34.371815173167064
1,19,30.966027038081013
1,20,28.015665915879016
1,21,24.426670338990956
1,22,21.274340559627806
1,23,18.302443903407564
1,24,15.052706036583714
1,25,11.82410771933465
1,26,8.471534624727113
1,27,7.075687687432062
1,28,5.534782874185632
1,29,9.264929103155229
1,30,12.493011000226417
1,31,14.426831059341813
1,32,18.133884897015964
1,33,19.349705327417116
1,34,18.15281186354151
1,35,20.174099854401923
1,36,20.35866419243234
1,37,22.38937903095713
1,38,23.90335662766122
1,39,24.95603721290725
1,40,27.425704223520096
1,41,27.23728159290101
1,42,30.63838574824938
1,43,31.550578310011907
1,44,28.920442634481468
1,45,30.154714595811747
1,46,27.81894650277372
1,47,29.44922416258429
1,48,28.201519548578897
1,49,28.993650227260673
1,50,27.968690451446747
1,51,25.729388540634996
1,52,25.200895743983665
1,53,23.76640604687269
1,54,22.592917433372442
1,55,22.072332350111566
1,56,19.905925328866598
1,57,22.606580030909427
1,58,25.33241322129985
1,59,26.045586968189436
1,60,25.50222035375968
1,61,28.413035766803556
1,62,29.174712703712768
1,63,36.050651848814866
1,64,33.357507003631845
1,65,33.349170771537516
1,66,30.11209542815496
1,67,29.707709097951575
1,68,26.54469985278101
1,69,25.67175323859729
1,70,22.509711731489304
1,71,21.07184440137348
1,72,17.97565468620942
1,73,15.134643817632545
1,74,17.71655671299574
1,75,20.42109640948228
1,76,23.456238443465068
1,77,25.215470097180468
1,78,28.871010407179117
1,79,30.58941418819863
1,80,34.38856058493634
1,81,36.909106280412644
1,82,37.98309467454985
1,83,39.1175529383535
1,84,38.77934070435664
1,85,38.09294765620331
1,86,34.8485340950797
1,87,33.50374276264024
1,88,30.42260078022121
1,89,26.673537123310577
1,90,25.093726307034746
1,91,21.604612647941245
1,92,19.478388963278444
1,93,17.981484296003686
1,94,16.01669948668557
1,95,16.0415506417935
1,96,14.662721359380342
1,97,17.675182943562774
1,98,17.833183074876523
1,99,16.90010717181517
1,100,15.600297396140835
1,101,13.533154290764882
1,102,14.566565679256074
1,103,12.068018791748102
1,104,13.55867038933706
1,105,12.676547441400725
1,106,15.372602415211817
1,107,15.993747263980524
1,108,17.956953269832795
1,109,21.08313443465763
1,110,23.51401739390223
1,111,26.907608740998548
1,112,29.384953423590183
1,113,32.796608406436185
1,114,35.7306928107973
1,115,39.15527421208276
2,1,3.8435399823819774
2,3,3.8126536019824178
2,4,6.523159161850732
2,5,10.21290783544012
2,6,13.062751305605163
2,7,16.74779657565703
2,8,19.967100950737997
2,9,21.343311911526136
2,10,24.700174930110624
2,11,26.771413566947835
2,12,30.509908494245494
2,13,31.830389925992126
2,14,34.786991735307176
2,15,38.353213432989044
2,16,38.062310991270685
2,17,35.168728306610646
2,18,32.372446064947056
2,19,29.06712750679
2,20,26.340550204570093
2,21,22.862533505900263
2,22,19.94138108295963
2,23,16.58967793510134
2,24,13.792510008221743
2,25,10.286142669607306
2,26,7.7549251403673605
2,27,5.984884684880358
2,28,5.791829937387747
2,29,9.359423570892456
2,30,12.22391553144149
2,31,13.14087334525471
2,32,16.78385434866623
2,33,17.28464546576831
2,34,15.751539616926026
2,35,17.31584698510852
2,36,17.536204044763835
2,37,19.262362620731263
2,38,20.89210318739098
2,39,21.702858719907685
2,40,24.27461730584881
2,41,24.040276411999994
2,42,27.46406341889951
2,43,28.340209789019838
2,44,25.548838847543117
2,45,26.64621988511559
2,46,24.31916355849593
2,47,25.966891080303483
2,48,24.79016632671812
2,49,25.853188393337106
2,50,24.928491128933825
2,51,22.70263971585303
2,52,22.477519637058105
2,53,21.185519651589093
2,54,20.51575415908589
2,55,20.473588210228254
2,56,18.844922565256027
2,57,21.932776715512976
2,58,24.204332401955856
2,59,24.682940260449026
2,60,23.667735569789922
2,61,26.25238786103271
2,62,26.676359282822762
2,63,33.26447733680323
2,64,30.5734681463506
2,65,30.66581607829581
2,66,27.62717756723796
2,67,27.572719555725502
2,68,24.665858456222505
2,69,24.26258996279768
2,70,21.343455238818958
2,71,20.53882142451358
2,72,17.702413617820397
2,73,14.4470953130334
2,74,16.774061555965314
2,75,18.903984248776688
2,76,22.029015448788655
2,77,23.289134925580868
2,78,26.890155913413754
2,79,28.260627347892804
2,80,32.047639851451976
2,81,34.37405307524533
2,82,35.56401297541129
2,83,36.55664873943719
2,84,36.29836117800639
2,85,35.34919293691052
2,86,32.09469655602635
2,87,30.9751395601221
2,88,27.788817375387485
2,89,24.009996784672705
2,90,22.343997477156726
2,91,18.700070461634198
2,92,16.675948116142887
2,93,14.77416828624833
2,94,12.980728144915924
2,95,12.821141287416495
2,96,11.94732235214375
2,97,14.954668589948051
2,98,15.76369778829248
2,99,15.350947479376403
2,100,13.722109306979286
2,101,11.366531503945088
2,102,11.648397745187587
2,103,8.725793202253
2,104,9.8604278037374
2,105,9.21375572583379
2,106,12.060995512338224
2,107,13.295362394457984
2,108,15.538663085928395
2,109,18.60289736482847
2,110,21.37490189907009
2,111,24.742981077096168
2,112,27.22316084066701
2,113,30.73687789464064
2,114,33.59558100726246
2,115,37.14064126320159
3,1,6.971423923068421
3,2,3.8126536019824178
3,4,3.8094728096431276
3,5,6.933019635682228
3,6,10.275366402268881
3,7,13.740327668401097
3,8,17.226310308369385
3,9,18.822814218270388
3,10,21.929183878318224
3,11,23.737139944698104
3,12,27.403881528736395
3,13,28.480594434793044
3,14,31.436666912081417
3,15,34.96143982727912
3,16,34.513679476200316
3,17,31.59593387897035
3,18,28.780957193148204
3,19,25.570263475020674
3,20,22.887007305241223
3,21,19.52813740503088
3,22,16.692592987418642
3,23,13.167434199584633
3,24,10.676500086667444
3,25,7.108679292436493
3,26,5.693423642985923
3,27,4.6817053177632895
3,28,6.807546503896296
3,29,9.503204854613983
3,30,11.305691963843989
3,31,11.402115665054565
3,32,14.721685127003555
3,33,14.730247039877577
3,34,12.636639502441824
3,35,13.877801351628305
3,36,13.799985983053725
3,37,15.526691591161955
3,38,17.161435980322516
3,39,18.18771973079168
3,40,20.907055081909885
3,41,21.019687327293664
3,42,24.59407543328565
3,43,25.832094405786545
3,44,23.16020382573154
3,45,23.9059642372902
3,46,21.28341342135297
3,47,22.650312969991866
3,48,21.265177378170417
3,49,22.16294110266211
3,50,21.1659492782595
3,51,18.990243459310292
3,52,18.849494009850755
3,53,17.822970320075875
3,54,17.32644427124606
3,55,17.749360361969423
3,56,16.347161811336274
3,57,19.522237866554175
3,58,21.488166727443197
3,59,21.594470030212065
3,60,20.268610011448867
3,61,22.75000943599232
3,62,22.999478791982455
3,63,29.52724620161821
3,64,26.784827005856776
3,65,26.854818268862527
3,66,23.82472505699774
3,67,23.843752779599747
3,68,21.037726136439808
3,69,20.87507296961366
3,70,18.17108521563365
3,71,17.796634035200718
3,72,15.327650926722034
3,73,11.794081471224445
3,74,13.752278993756828
3,75,15.477719485398707
3,76,18.613099740045183
3,77,19.64647624516516
3,78,23.23000953481925
3,79,24.535508004067076
3,80,28.31053708244491
3,81,30.647956156329926
3,82,31.93922620131755
3,83,33.02370201052959
3,84,32.943314573501624
3,85,32.025950786623525
3,86,28.666531821488753
3,87,27.73626041007681
3,88,24.666143770453267
3,89,20.926269383537136
3,90,18.94809224800598
3,91,15.30497017137228
3,92,13.016602984738642
3,93,11.09483406428706
3,94,9.245499128054826
3,95,9.570849655360831
3,96,9.275988329185472
3,97,12.684945620196617
3,98,14.100033562740721
3,99,14.36079718097492
3,100,13.238069737143086
3,101,11.16170803901919
3,102,10.328839862461487
3,103,6.819560545404688
3,104,7.116612197695921
3,105,5.7632587052673125
3,106,8.83225218144122
3,107,10.140488548291529
3,108,12.927914615067104
3,109,15.585970495217621
3,110,18.29390028635953
3,111,21.779143782307283
3,112,24.013057507989096
3,113,27.627895885855548
3,114,30.312670632864247
3,115,33.93238056804185
4,1,8.73823649133188
4,2,6.523159161850732
4,3,3.8094728096431276
4,5,3.8034850526539574
4,6,6.629232358430682
4,7,10.242155127117917
4,8,13.563934149069587
4,9,15.136528987114465
4,10,18.32944709270091
4,11,20.26707584254922
4,12,23.99636301421486
4,13,25.33127828650225
4,14,28.29950419651105
4,15,31.866584009246456
4,16,31.690326592221382
4,17,28.816957108889333
4,18,26.068549134942725
4,19,22.668001704860657
4,20,20.026491477723543
4,21,16.496389709334753
4,22,13.814245948940618
4,23,10.470112192267674
4,24,8.177224925968474
4,25,5.432609440830944
4,26,5.224666364073337
4,27,6.743518754651767
4,28,9.572279044321089
4,29,12.175447044409982
4,30,13.404573010571784
4,31,13.548896211339965
4,32,16.490325484982485
4,33,16.391348064057677
4,34,13.680134650495226
4,35,14.435545795134049
4,36,13.331548649408974
4,37,14.728572223732185
4,38,15.578361151615129
4,39,16.635500235676336
4,40,18.943407711717267
4,41,19.055226535606288
4,42,22.58723457646062
4,43,24.027236584870405
4,44,21.776864597846416
4,45,22.67468929897506
4,46,20.026442966576095
4,47,21.468564082697483
4,48,20.25958899072162
4,49,20.714991723404292
4,50,20.07889675460636
4,51,18.452282439779967
4,52,18.636153798286486
4,53,18.2950030989343
4,54,17.791842980183823
4,55,18.669273589856022
4,56,17.04874648710175
4,57,19.856675679613403
4,58,21.832293160088295
4,59,21.338244061544067
4,60,19.807822601166453
4,61,22.394311368912934
4,62,22.371714623132807
4,63,28.734275465744307
4,64,25.67828140724796
4,65,25.239598541339458
4,66,22.150739652256075
4,67,22.238414992186428
4,68,19.480927866545233
4,69,19.443760325832404
4,70,17.06327426872766
4,71,16.632589273345467
4,72,14.71576017380985
4,73,10.975373865088672
4,74,12.011317822016355
4,75,13.741280554245288
4,76,16.381924141234702
4,77,17.433020479197154
4,78,20.890235642241343
4,79,22.231175711842674
4,80,26.03562436989545
4,81,28.37146218533332
4,82,29.349652513646316
4,83,30.392625954941973
4,84,30.092383483053755
4,85,29.412411242740596
4,86,26.125923183223573
4,87,24.861506088191888
4,88,21.86187110855553
4,89,18.142962027370515
4,90,16.381817798952838
4,91,12.964533981599466
4,92,10.899478273715253
4,93,10.05562184059542
4,94,9.08586095847305
4,95,10.838327865878812
4,96,11.385279549845553
4,97,15.054131695829811
4,98,16.790629535532446
4,99,17.364187126956377
4,100,16.671751264137114
4,101,14.775607418327047
4,102,13.513696504342802
4,103,9.833599441845635
4,104,8.89027260222886
4,105,5.888825161015449
4,106,7.498038588693519
4,107,7.391430293058958
4,108,9.859877670060467
4,109,12.563912542553883
4,110,15.01604538280766
4,111,18.51176396048435
4,112,20.8373774866145
4,113,24.359941158489207
4,114,27.184168340491432
4,115,30.70687070442093
5,1,12.413235264160619
5,2,10.21290783544012
5,3,6.933019635682228
5,4,3.8034850526539574
5,6,3.8122501227087464
5,7,6.861022434136328
5,8,10.482298084478785
5,9,12.358250681142723
5,10,15.187464530291363
5,11,16.8158066202854
5,12,20.4793270154344
5,13,21.631454776388196
5,14,24.602451113970186
5,15,28.145824359333947
5,16,27.903497953287953
5,17,25.023187804627838
5,18,22.2727888270523
5,19,18.8919302110492
5,20,16.31656451821348
5,21,12.853094487264656
5,22,10.405156899528322
5,23,6.941060395906221
5,24,5.594505408592774
5,25,4.325562418709144
5,26,6.626155779394969
5,27,9.023077167849323
5,28,12.483786896471166
5,29,14.38565309644411
5,30,14.695243163128579
5,31,14.236128434590448
5,32,16.503768884065067
5,33,15.94720336110492
5,34,12.688497266910625
5,35,12.78866014481546
5,36,10.822389883942074
5,37,11.949457802287458
5,38,12.29677699108294
5,39,13.660429330953313
5,40,15.889803211223347
5,41,16.44858208818272
5,42,20.06308282976405
5,43,21.971992982617287
5,44,20.08706708365345
5,45,20.633660671457097
5,46,17.712355934318527
5,47,18.814301948297533
5,48,17.462108100667926
5,49,17.474171830549636
5,50,16.9343464515328
5,51,15.691195487059316
5,52,16.122325578476993
5,53,16.420916401581064
5,54,16.117743599815896
5,55,17.606683121361243
5,56,16.217412486449522
5,57,18.797222189446057
5,58,20.390371511915625
5,59,19.283315934800942
5,60,17.375358967356004
5,61,19.82408876766197
5,62,19.487488466248568
5,63,25.623397172440253
5,64,22.404638581554146
5,65,21.707434587219883
5,66,18.61284032501592
5,67,18.814574592101778
5,68,16.235252823315403
5,69,16.555961933299656
5,70,14.676056650580255
5,71,14.747332641619426
5,72,13.629360073032307
5,73,9.874049208649286
5,74,9.762789896173794
5,75,10.80894793827628
5,76,13.08881009733155
5,77,13.830032406910341
5,78,17.185014616739984
5,79,18.470107403039066
5,80,22.273593209553347
5,81,24.628544109346283
5,82,25.586936370914227
5,83,26.726691092357335
5,84,26.541267915422424
5,85,26.009277318307447
5,86,22.63883709393756
5,87,21.453199972879254
5,88,18.65442981084208
5,89,15.039583773378672
5,90,12.978265044877304
5,91,9.774934040924641
5,92,7.465870020918601
5,93,7.556878419624733
5,94,7.3166369864782475
5,95,10.235089023004365
5,96,11.613810988962628
5,97,15.252854029585881
5,98,17.413700611362852
5,99,18.521281471415126
5,100,18.321348964530795
5,101,16.764773049911053
5,102,14.83954986214698
5,103,11.271382886252486
5,104,9.462698975932826
5,105,5.8029879108353395
5,106,5.9979631780026095
5,107,4.667824889763016
5,108,7.653305891580416
5,109,9.52686176283283
5,110,11.64759938012757
5,111,15.29534994710017
5,112,17.317687164835434
5,113,20.919069934550755
5,114,23.58925362839368
5,115,27.156070941795914
6,1,14.581398092962338
6,2,13.062751305605163
6,3,10.275366402268881
6,4,6.629232358430682
6,5,3.8122501227087464
6,7,3.794849311861384
6,8,6.9939868514258885
6,9,9.146014495050677
6,10,12.07424713903097
6,11,13.820318738207831
6,12,17.591447511289875
6,13,19.166389347798248
6,14,22.040029592349153
6,15,25.665355685267585
6,16,25.815973116577908
6,17,23.11526986810565
6,18,20.421605719276048
6,19,16.799013497563912
6,20,14.217167380119987
6,21,10.516032071781169
6,22,8.330619664615078
6,23,5.86355168893778
6,24,5.265246336116139
6,25,6.34114999302281
6,26,8.68340032640467
6,27,11.889612704717292
6,28,15.255330844327805
6,29,17.181028703819617
6,30,17.30110379710521
6,31,17.17064334866585
6,32,19.182768805755227
6,33,18.81726227049185
6,34,15.476402494255161
6,35,15.416522373559221
6,36,12.8054821527989
6,37,13.606950075763516
6,38,12.976148221100251
6,39,14.386519147571052
6,40,15.90189382473957
6,41,16.4919958632499
6,42,19.859044258399162
6,43,21.962649045839637
6,44,20.68200054281657
6,45,21.391535802596717
6,46,18.588175588700743
6,47,19.674724897660717
6,48,18.544532135295828
6,49,17.937518497445286
6,50,17.776737281330533
6,51,17.1884298284086
6,52,17.768266216913343
6,53,18.597679585536433
6,54,18.112972476478582
6,55,19.720822448164515
6,56,18.043743028293
6,57,20.05293963764863
6,58,21.731429239842754
6,59,20.17190397206439
6,60,18.32914035759579
6,61,20.883826963371646
6,62,20.421980965333997
6,63,26.26519730158118
6,64,22.823867045805216
6,65,21.538440649994435
6,66,18.410119637379385
6,67,18.523168949072897
6,68,16.025150849781145
6,69,16.291257441510627
6,70,14.839929427446625
6,71,14.629883385441387
6,72,14.164906313019825
6,73,10.770553889238675
6,74,9.565775730483043
6,75,10.67404799805068
6,76,11.961161495311025
6,77,12.910759145883818
6,78,15.94592736184582
6,79,17.406592184245266
6,80,21.135516926315148
6,81,23.529208924077697
6,82,24.043630037524448
6,83,25.197144568447534
6,84,24.73408856260032
6,85,24.634271031840132
6,86,21.416468339095914
6,87,19.75078766272471
6,88,17.20691614291134
6,89,13.811530166331687
6,90,12.177631308244765
6,91,9.794283987163134
6,92,8.140153267508026
6,93,9.817100973402912
6,94,10.306595576883682
6,95,13.654584925169052
6,96,15.097065569531434
6,97,18.73058314178775
6,98,20.801349231151686
6,99,21.893920445865767
6,100,21.945884135034394
6,101,20.468333828912698
6,102,18.618077881830803
6,103,15.078879599810529
6,104,13.174586833422904
6,105,9.435298230715754
6,106,8.551997886441704
6,107,5.508911578774782
6,108,6.893711057162241
6,109,8.295258374655246
6,110,9.4436096563864
6,111,13.047604166373194
6,112,15.08102748233402
6,113,18.465070944810783
6,114,21.299348026432938
6,115,24.667120026845208
7,1,18.364701239753735
7,2,16.74779657565703
7,3,13.740327668401097
7,4,10.242155127117917
7,5,6.861022434136328
7,6,3.794849311861384
7,8,3.8205003170847687
7,9,6.556993908704161
7,10,8.753992821720807
7,11,10.108680333878638
7,12,13.846321162622486
7,13,15.377061487473803
7,14,18.27470260970138
7,15,21.883814385829655
7,16,22.120491047468313
7,17,19.440726066091102
7,18,16.839093681454578
7,19,13.146591153032219
7,20,10.785205907180641
7,21,7.140203685257342
7,22,5.983284762140437
7,23,4.7613463642603655
7,24,6.49960860519123
7,25,8.979591284190144
7,26,11.953155417520605
7,27,15.196572870541388
7,28,18.737459986184266
7,29,20.320542332419933
7,30,19.94746478421138
7,31,19.447710548911793
7,32,20.900437485108775
7,33,20.200503066616424
7,34,16.6540314077597
7,35,15.99207998790556
7,36,12.743334130446145
7,37,12.95870040877474
7,38,11.404788620930221
7,39,12.933678063758922
7,40,13.900088517479414
7,41,14.909904347303922
7,42,18.08086952247421
7,43,20.618014603217407
7,44,19.92008520755627
7,45,20.33109862318892
7,46,17.473641117685915
7,47,18.201007179803383
7,48,17.125954071893055
7,49,15.90053319184817
7,50,16.080279865920563
7,51,16.210460483488255
7,52,17.1259257044599
7,53,18.66653717169087
7,54,18.420432808754715
7,55,20.51023231087544
7,56,19.11358346078805
7,57,20.74370987770373
7,58,21.98910575888941
7,59,19.819311190482537
7,60,17.67546014757595
7,61,19.925879827829895
7,62,19.05825038912446
7,63,24.284543808543017
7,64,20.68034034901389
7,65,18.913534276254328
7,66,15.926970730234766
7,67,16.23508137448398
7,68,14.186264461601029
7,69,14.92905503331539
7,70,14.345045662620121
7,71,14.648089387447529
7,72,15.15056746153027
7,73,12.227925419391584
7,74,9.857160768809912
7,75,9.904982694219678
7,76,10.02361623158198
7,77,10.416121985409754
7,78,12.93608672349642
7,79,14.253467506197438
7,80,17.86948827108778
7,81,20.206766924390834
7,82,20.495169012196538
7,83,21.700996960956125
7,84,21.238904617336992
7,85,21.42948895648818
7,86,18.2359938956676
7,87,16.486782199602775
7,88,14.327103873426688
7,89,11.3093564845839
7,90,9.656834891137628
7,91,8.33213596330045
7,92,7.26364317758897
7,93,10.229393884948363
7,94,11.519412285728192
7,95,15.25043859155741
7,96,17.159806274628153
7,97,20.5540446844355
7,98,22.858690978189454
7,99,24.280784070622285
7,100,24.60430492781954
7,101,23.323804507967974
7,102,21.112741192508985
7,103,17.737040384804427
7,104,15.434563805124588
7,105,11.77731451087795
7,106,10.024453232633254
7,107,6.493838650270087
7,108,6.9812075731766745
7,109,6.5519337282882155
7,110,6.3211728075306395
7,111,9.953425983644584
7,112,11.543278519857866
7,113,14.908373170491494
7,114,17.62445949363659
7,115,20.972023086857963
8,1,21.2863641450246
8,2,19.967100950737997
8,3,17.226310308369385
8,4,13.563934149069587
8,5,10.482298084478785
8,6,6.9939868514258885
8,7,3.8205003170847687
8,9,3.786988209257913
8,10,5.568349968830791
8,11,7.223389584002335
8,12,11.025520597953857
8,13,13.248285013789673
8,14,16.043341859056753
8,15,19.627841569278644
8,16,20.44993063853626
8,17,17.99278552818333
8,18,15.734084042608114
8,19,11.919791604564892
8,20,10.073528232736038
8,21,6.8110812145678885
8,22,7.154614653355837
8,23,7.78990458546382
8,24,9.731967992718243
8,25,12.553560386210151
8,26,15.26744833313712
8,27,18.694275333556707
8,28,22.115212068263617
8,29,23.79754998353682
8,30,23.425179812197076
8,31,23.093545711774965
8,32,24.436827109643044
8,33,23.796591828977505
8,34,20.257039734213123
8,35,19.450219501013073
8,36,15.999564310222057
8,37,15.823756348475612
8,38,13.586962971486468
8,39,14.774828476340453
8,40,14.823533628444107
8,41,15.664489296988135
8,42,18.280795466199336
8,43,20.847640314649258
8,44,20.81458727431378
8,45,21.40642175242212
8,46,18.890570986020705
8,47,19.65160261572563
8,48,18.978664854549628
8,49,17.345555489075
8,50,18.030463237909604
8,51,18.79523001895736
8,52,19.92008962629759
8,53,21.8232260670326
8,54,21.580984990155002
8,55,23.741322920187322
8,56,22.266541051888513
8,57,23.503180692824692
8,58,24.710744264042066
8,59,22.242101432078506
8,60,20.159939427411963
8,61,22.278422571923354
8,62,21.21471111333561
8,63,25.773881699891582
8,64,22.068795090339222
8,65,19.737338596800107
8,66,17.039896258299898
8,67,17.42967837505369
8,68,15.80494183976887
8,69,16.61692830069359
8,70,16.586927674727235
8,71,16.74869269175899
8,72,17.739240932771366
8,73,15.240993556871656
8,74,12.455750642117765
8,75,12.371582512133442
8,76,11.377960211169475
8,77,11.618056012847214
8,78,13.231112645687281
8,79,14.3911226847508
8,80,17.620174074756353
8,81,19.740963815222244
8,82,19.383789509375887
8,83,20.42731942734723
8,84,19.531536769217833
8,85,20.199532196145434
8,86,17.38988832250619
8,87,15.048836338786538
8,88,13.341510299855464
8,89,10.973106995984546
8,90,10.285041213900843
8,91,10.225563458178696
8,92,10.2069305312793
8,93,13.578335714029139
8,94,15.21861506823646
8,95,18.98616944146207
8,96,20.965603214337097
8,97,24.326039705596155
8,98,26.629719940687462
8,99,28.04616674475638
8,100,28.411455646078903
8,101,27.105278205565238
8,102,24.91103180169356
8,103,21.49618003420938
8,104,19.089873617811215
8,105,15.403938774869335
8,106,13.270448305879885
8,107,9.54053082881212
8,108,8.609848000412514
8,109,7.505527449725655
8,110,5.5585066479350695
8,111,8.23690000218559
8,112,9.730229752999227
8,113,12.518519436420426
8,114,15.44654646551165
8,115,18.437365414410483
9,1,22.82688620299769
9,2,21.343311911526136
9,3,18.822814218270388
9,4,15.136528987114465
9,5,12.358250681142723
9,6,9.146014495050677
9,7,6.556993908704161
9,8,3.786988209257913
9,10,3.8045570383730274
9,11,7.181626829992246
9,12,10.667385828859022
9,13,13.424603852792115
9,14,16.54126057777766
9,15,19.794910860984963
9,16,21.066163327057964
9,17,18.39837645332905
9,18,16.844047729346823
9,19,13.165147182757204
9,20,12.321981028190185
9,21,9.68564238986105
9,22,10.74339686030127
9,23,11.00047063791991
9,24,12.95503074841992
9,25,15.264715616402457
9,26,17.789925542919892
9,27,21.010141217565806
9,28,24.284970788016935
9,29,26.326995086548354
9,30,26.300260877669587
9,31,25.887092611368505
9,32,27.413326836606544
9,33,26.520468044409135
9,34,22.86832006936373
9,35,21.706181956482595
9,36,18.216454684578512
9,37,17.369305454400426
9,38,14.716082246282626
9,39,14.956662978598745
9,40,14.182088701468787
9,41,14.240870023324069
9,42,16.319727585538068
9,43,18.52267120389468
9,44,18.8667557150939
9,45,19.915640818453646
9,46,17.96190397132883
9,47,19.227284780519298
9,48,19.290886438433464
9,49,17.95256768912626
9,50,19.35689167202045
9,51,20.54547304867482
9,52,22.218352348006928
9,53,24.332605469295952
9,54,24.50295109046482
9,55,26.864344143580205
9,56,25.596268420330833
9,57,27.04730580237881
9,58,28.13795063216964
9,59,25.62712570691134
9,60,23.283733800480146
9,61,25.089488301055546
9,62,23.610187724334175
9,63,27.48369610546233
9,64,23.681116913611913
9,65,21.112215882830654
9,66,18.925300783471666
9,67,19.916884937396755
9,68,18.76852294152317
9,69,19.995627549914527
9,70,20.142821372007194
9,71,20.47774005600139
9,72,21.357107045191857
9,73,18.64560064106012
9,74,16.054310549896403
9,75,15.79956827265247
9,76,14.789098667823435
9,77,14.404130661932973
9,78,15.495633691603805
9,79,15.85217370335304
9,80,18.804455731633027
9,81,20.29560725882769
9,82,19.455355085959837
9,83,19.809013645785022
9,84,18.268367854496578
9,85,18.701988092389566
9,86,16.36435645982778
9,87,13.463084017076921
9,88,11.460076991920365
9,89,9.273695346260876
9,90,9.953074948541165
9,91,10.361410972545274
9,92,11.60390776105566
9,93,14.91385774986934
9,94,17.18658349214963
9,95,20.855036063553076
9,96,23.185979414231284
9,97,26.473028735803112
9,98,29.047558929915223
9,99,30.521644523314844
9,100,30.51314030465896
9,101,28.95940919789026
9,102,26.64402521249404
9,103,23.097067099826628
9,104,20.337434376663314
9,105,16.681926173590284
9,106,13.94224792149783
9,107,10.241397808888808
9,108,7.905904346542712
9,109,6.758393047696056
9,110,4.856261729240073
9,111,6.128544109215327
9,112,8.707598060641502
9,113,10.985287424559314
9,114,14.450340670717623
9,115,17.23449594174094
10,1,26.282044034770006
10,2,24.700174930110624
10,3,21.929183878318224
10,4,18.32944709270091
10,5,15.187464530291363
10,6,12.07424713903097
10,7,8.753992821720807
10,8,5.568349968830791
10,9,3.8045570383730274
10,11,3.79475672295702
10,12,6.935693172321557
10,13,9.890789950631161
10,14,12.99508212540716
10,15,16.109609851052923
10,16,17.601702960114526
10,17,15.050990272383512
10,18,13.86806773971472
10,19,10.3995945212005
10,20,10.41504036022751
10,21,8.842891303354124
10,22,11.139503955043415
10,23,12.308604399828786
10,24,14.963204176215902
10,25,17.730624873992554
10,26,20.614983100593115
10,27,23.87405225899285
10,28,27.323617233877357
10,29,29.06337159880852
10,30,28.65116567641695
10,31,27.982433658582494
10,32,29.086697049911777
10,33,27.997066761989576
10,34,24.31742267786997
10,35,22.8330766358604
10,36,19.121618169007274
10,37,17.9556204673153
10,38,14.814820301056548
10,39,15.114521038642101
10,40,13.764300469471014
10,41,14.318717678604479
10,42,15.928447651757299
10,43,18.546579659626307
10,44,19.519369691347045
10,45,20.113241515508456
10,46,18.198569121949266
10,47,18.94468232110104
10,48,19.041352303493262
10,49,17.139343513164615
10,50,18.802506921611883
10,51,20.57190059293765
10,52,22.391505488361894
10,53,24.945159097637266
10,54,25.25998028055484
10,55,27.88049026525324
10,56,26.84581763428199
10,57,27.985534969611358
10,58,28.70903294936822
10,59,25.81550639696791
10,60,23.352406654796518
10,61,24.80858450644722
10,62,23.056047498271564
10,63,26.120074008005528
10,64,22.33244970433931
10,65,19.352418393710956
10,66,17.547315785663663
10,67,18.694765458495528
10,68,18.143937880906062
10,69,19.699734049788233
10,70,20.54398395303447
10,71,21.246467348597374
10,72,22.73132392178919
10,73,20.406718875314226
10,74,17.328733524272256
10,75,16.425007995122847
10,76,14.606273431755364
10,77,13.684446831723692
10,78,13.837221203785345
10,79,13.832403670038488
10,80,16.283246170751816
10,81,17.53067619658779
10,82,16.27863982171985
10,83,16.62893669474096
10,84,15.022962683523117
10,85,15.972566387173385
10,86,13.84433708608461
10,87,10.792198948636557
10,88,9.72946652256941
10,89,8.733000290802877
10,90,9.62280248443037
10,91,11.334064825348879
10,92,12.848031715906199
10,93,16.511942247777263
10,94,18.98653766591276
10,95,22.74044566968526
10,96,25.249241106739817
10,97,28.327910581848386
10,98,30.991905877081713
10,99,32.683738005230836
10,100,32.92837192940234
10,101,31.570534208748672
10,102,29.035585313682486
10,103,25.663987845673333
10,104,22.78088782535093
10,105,19.26729556810723
10,106,16.37153833028772
10,107,12.845061582551478
10,108,10.79024770186449
10,109,8.443362337192555
10,110,5.083201061342303
10,111,4.56859262876348
10,112,5.796263971899405
10,113,7.522675943564179
10,114,10.873526549484716
10,115,13.529415160801411
11,1,28.358973072880502
11,2,26.771413566947835
11,3,23.737139944698104
11,4,20.26707584254922
11,5,16.8158066202854
11,6,13.820318738207831
11,7,10.108680333878638
11,8,7.223389584002335
11,9,7.181626829992246
11,10,3.79475672295702
11,12,3.812434441884846
11,13,6.45653649248403
11,14,9.363169059287566
11,15,12.695535928784446
11,16,14.043647811110306
11,17,11.755228799584835
11,18,10.393869433540337
11,19,7.0167810798202614
11,20,7.497179300533625
11,21,7.147451442408259
11,22,10.335654703017338
11,23,12.403964579862924
11,24,15.491815962353428
11,25,18.691094215104606
11,26,21.862682162310737
11,27,25.16575134362744
11,28,28.77545480816239
11,29,30.08493519196293
11,30,29.19773205351225
11,31,28.348997003292457
11,32,28.98366717028751
11,33,27.8542552324923
11,34,24.269076518287797
11,35,22.70416159009692
11,36,18.910064130320713
11,37,17.83653515491506
11,38,14.598407010022456
11,39,15.475135569235466
11,40,14.214531333372786
11,41,15.62164177166302
11,42,17.197557763715324
11,43,20.285089547465034
11,44,21.42984355612183
11,45,21.400850431997164
11,46,19.201278322659785
11,47,19.20656383367294
11,48,18.870198394973325
11,49,16.327629425227464
11,50,17.746485320712996
11,51,19.77212355567507
11,52,21.39035974945468
11,53,24.188687767421175
11,54,24.423770577433096
11,55,27.138806000263436
11,56,26.2431286246552
11,57,26.983784690948568
11,58,27.402260401996557
11,59,24.213832664472424
11,60,21.806916221248247
11,61,23.05945327150638
11,62,21.29642563326978
11,63,23.947084309079486
11,64,20.269319010101032
11,65,17.059088833806264
11,66,15.346366367017193
11,67,16.27387874959131
11,68,16.10528799196716
11,69,17.758002265390427
11,70,19.19798044333086
11,71,20.177242399363777
11,72,22.233287096813505
11,73,20.41127119278834
11,74,16.938850264760077
11,75,15.512355620815038
11,76,12.967476083707137
11,77,11.794778103920525
11,78,11.1482458868241
11,79,11.259231925136245
11,80,13.314657729778618
11,81,14.77737281921639
11,82,13.47427425369161
11,83,14.419101734076353
11,84,13.360342870368902
11,85,14.97946435156517
11,86,12.714723406886064
11,87,10.184287127129977
11,88,10.292083283728395
11,89,10.117943754768028
11,90,10.190591894694611
11,91,12.509781266520436
11,92,13.557996755555742
11,93,17.380877224992894
11,94,19.65800393655455
11,95,23.442356688066376
11,96,25.890745392367254
11,97,28.783501618543283
11,98,31.359634291553753
11,99,33.19170191377316
11,100,33.82611605195721
11,101,32.7615104463007
11,102,30.128156775229023
11,103,26.99766867244159
11,104,24.218006899616046
11,105,20.852148147170595
11,106,18.160264304928177
11,107,14.817629742910572
11,108,13.501325524587282
11,109,10.61963999842974
11,110,6.832425496718226
11,111,6.348094953613816
11,112,4.9599730187963
11,113,6.3724331777115415
11,114,8.715525018574606
11,115,11.40750995383193
12,1,32.15025369834009
12,2,30.509908494245494
12,3,27.403881528736395
12,4,23.99636301421486
12,5,20.4793270154344
12,6,17.591447511289875
12,7,13.846321162622486
12,8,11.025520597953857
12,9,10.667385828859022
12,10,6.935693172321557
12,11,3.812434441884846
12,13,3.774228640818457
12,14,6.308091365170775
12,15,9.221072163142622
12,16,11.14129523698601
12,17,9.24151844552383
12,18,8.874558508460758
12,19,6.630412868607697
12,20,8.664444503421006
12,21,9.801116151404338
12,22,13.351589571540485
12,23,15.713042528396878
12,24,18.96467012348133
12,25,22.24498587369833
12,26,25.50992781484173
12,27,28.779483113807856
12,28,32.43410567872447
12,29,33.60229060353134
12,30,32.52439330762034
12,31,31.519468577003025
12,32,31.87146208167144
12,33,30.59561998623156
12,34,27.064357109310123
12,35,25.269993969912555
12,36,21.463626176049914
12,37,20.120507638800692
12,38,16.68193934228244
12,39,17.390096396833975
12,40,15.633387301750066
12,41,17.194332555782562
12,42,18.133686708464307
12,43,21.307173662576066
12,44,22.986157940977545
12,45,22.675527512682088
12,46,20.731287037050006
12,47,20.36775506944039
12,48,20.201401365156304
12,49,17.341415379557002
12,50,19.009196456442282
12,51,21.508416957372315
12,52,23.24457746079641
12,53,26.330822535246835
12,54,26.722572313356128
12,55,29.585617968172674
12,56,28.908734279000022
12,57,29.398498618719508
12,58,29.496510673108876
12,59,26.06974500278951
12,60,23.634526745882507
12,61,24.474674124466112
12,62,22.47820570918737
12,63,24.04761497146312
12,64,20.54666466917441
12,65,17.001930409358135
12,66,15.966119788529966
12,67,17.053087629147374
12,68,17.597241378815426
12,69,19.47760159390973
12,70,21.467609849953817
12,71,22.68873273796533
12,72,25.10659678732898
12,73,23.588945359343835
12,74,19.965180501437302
12,75,18.18135330005245
12,76,15.206552871921875
12,77,13.638084056589213
12,78,11.927056559771728
12,79,11.451011686502255
12,80,12.411804236904022
12,81,13.28718255210683
12,82,11.250904183111823
12,83,12.090051322619308
12,84,10.930100460469637
12,85,13.33831805793721
12,86,11.71986746667457
12,87,9.33276066147222
12,88,10.80044534700889
12,89,11.889818599942506
12,90,12.30433728496279
12,91,15.25697836954968
12,92,16.55009785952776
12,93,20.346529227110192
12,94,22.743331532566398
12,95,26.46021507835921
12,96,29.01774856177336
12,97,31.708087685543315
12,98,34.3405641561069
12,99,36.30772438434311
12,100,37.06217458566046
12,101,36.10372042322226
12,102,33.339235474461944
12,103,30.338788836522866
12,104,27.4754015722128
12,105,24.252691014560725
12,106,21.45328714372309
12,107,18.291093475471175
12,108,16.91280296445798
12,109,13.765097214588938
12,110,10.015045129591549
12,111,8.446987102775996
12,112,5.743918824302925
12,113,4.909820444812033
12,114,5.940221978656765
12,115,7.975849825106461
13,1,33.68669552618377
13,2,31.830389925992126
13,3,28.480594434793044
13,4,25.33127828650225
13,5,21.631454776388196
13,6,19.166389347798248
13,7,15.377061487473803
13,8,13.248285013789673
13,9,13.424603852792115
13,10,9.890789950631161
13,11,6.45653649248403
13,12,3.774228640818457
13,14,3.7855459699605647
13,15,6.7033546966247
13,16,7.7246760846005555
13,17,5.523527535815305
13,18,5.364468629169797
13,19,4.375152760902312
13,20,7.674565975522904
13,21,10.094318812589245
13,22,13.84964642545517
13,23,16.248015704670983
13,24,19.784380764864054
13,25,23.06487236297044
13,26,26.565992234392585
13,27,29.642328067558882
13,28,33.40054357043883
13,29,34.21473319220924
13,30,32.79350858766506
13,31,31.444650136226187
13,32,31.372804834684356
13,33,29.858478233926498
13,34,26.447411981787514
13,35,24.410322307726997
13,36,20.68361625049468
13,37,19.209611384790968
13,38,15.806201120774741
13,39,16.75933704983205
13,40,15.125863986374275
13,41,17.334419999217598
13,42,18.25381379633649
13,43,21.746758201450174
13,44,23.418256381029313
13,45,22.49004991277617
13,46,20.35447200085062
13,47,19.316482498706876
13,48,18.835847856103207
13,49,15.595332104965669
13,50,17.120183493645218
13,51,19.895502663489317
13,52,21.61334657826287
13,53,24.930850411669194
13,54,25.517257206250772
13,55,28.56127629336905
13,56,28.2711231900116
13,57,28.615577941293648
13,58,28.247538717898593
13,59,24.62928843392203
13,60,22.07158978229862
13,61,22.42934593910158
13,62,20.22658718110739
13,63,20.998480726437002
13,64,17.686324612848136
13,65,14.015544160119125
13,66,13.449469202018369
13,67,14.680860184749612
13,68,15.918916573113814
13,69,18.17567136176124
13,70,20.690659201516628
13,71,22.421792718914148
13,72,25.147022485992498
13,73,23.90617998416625
13,74,20.20115361708188
13,75,17.82586256510957
13,76,14.644731729328106
13,77,12.475376434517823
13,78,9.888140032418864
13,79,8.861030502258329
13,80,9.011310092394964
13,81,9.786953202943868
13,82,7.822325179094154
13,83,9.40792273653109
13,84,9.336675925572377
13,85,11.998072498936875
13,86,10.15569022466799
13,87,8.991931863642602
13,88,11.194025570304053
13,89,12.69666635473059
13,90,12.424762979794403
13,91,15.656079780412458
13,92,16.72806375336348
13,93,20.37403419879146
13,94,22.708187737319673
13,95,26.264666642480442
13,96,28.883406592754056
13,97,31.24022651675235
13,98,33.898325520127756
13,99,36.05940275887536
13,100,37.028476939009145
13,101,36.306797874545595
13,102,33.37341109398492
13,103,30.6694002079784
13,104,27.82069410489032
13,105,24.89733511306103
13,106,22.204766171680074
13,107,19.433644271616267
13,108,18.59670818418385
13,109,15.112149112586641
13,110,11.566409191307061
13,111,10.277151968469825
13,112,6.6728263351552375
13,113,6.112368982109315
13,114,4.9176890143318905
13,115,7.286467581914806
14,1,36.45558090108929
14,2,34.786991735307176
14,3,31.436666912081417
14,4,28.29950419651105
14,5,24.602451113970186
14,6,22.040029592349153
14,7,18.27470260970138
14,8,16.043341859056753
14,9,16.54126057777766
14,10,12.99508212540716
14,11,9.363169059287566
14,12,6.308091365170775
14,13,3.7855459699605647
14,15,3.789789747126492
14,16,5.320283259769072
14,17,5.283999362818564
14,18,5.582190046497689
14,19,6.369478562433249
14,20,9.280765454941623
14,21,12.269031111791397
14,22,15.863574885151692
14,23,18.73395239914607
14,24,22.129570701746733
14,25,25.604095869673053
14,26,29.055584697105214
14,27,32.21399029946807
14,28,35.96383773127783
14,29,36.55474684998248
14,30,34.8863149810255
14,31,33.61697698287842
14,32,33.27741471874657
14,33,31.93271536837151
14,34,28.71301248990871
14,35,26.844236572365226
14,36,23.22738883792915
14,37,22.04448842730347
14,38,18.85441835316644
14,39,20.122372392786122
14,40,18.648893880636052
14,41,21.01300200520079
14,42,21.824912698503923
14,43,25.32375721248115
14,44,27.09582844491525
14,45,26.024477835969076
14,46,23.872093792295846
14,47,22.554501160402705
14,48,21.846716317440265
14,49,18.387873407194586
14,50,19.54549468289591
14,51,22.26398664599584
14,52,23.6092430584294
14,53,26.893555759148473
14,54,27.229316642403255
14,55,30.12154058199314
14,56,29.775469276947824
14,57,29.661672423185617
14,58,29.183951950345392
14,59,25.461780268485644
14,60,23.248443725838136
14,61,23.530091920541434
14,62,21.578245125538277
14,63,21.91067164382985
14,64,18.9841699008806
14,65,15.351973465923937
14,66,14.972738486511084
14,67,15.61413621131376
14,68,17.05636157281891
14,69,18.979775985193392
14,70,21.814499592367657
14,71,23.442523841681624
14,72,26.50276763527571
14,73,25.752823982514723
14,74,21.947203810585894
14,75,19.585685830258697
14,76,16.053721644384918
14,77,14.245415179984578
14,78,11.213862203574351
14,79,10.696766712143079
14,80,9.835066859484522
14,81,10.645315706911651
14,82,8.542174315053945
14,83,10.673423660743815
14,84,11.100832091193084
14,85,14.335893698645314
14,86,12.993960166007286
14,87,12.254321625878296
14,88,14.831662639051558
14,89,16.479326167478565
14,90,16.068032583459022
14,91,19.201834892507165
14,92,19.933343695042804
14,93,23.53329602234389
14,94,25.57580624636699
14,95,29.09231337107185
14,96,31.499193929496446
14,97,33.78779615424418
14,98,36.243183722334294
14,99,38.37644424308871
14,100,39.62261588779051
14,101,39.07778449223679
14,102,36.22305400101481
14,103,33.63787777267618
14,104,30.96668454977019
14,105,28.06960365808004
14,106,25.58715006015878
14,107,22.795172590672333
14,108,22.118258293305377
14,109,18.720868668911855
14,110,15.11820090343139
14,111,13.959687414083398
14,112,10.435414393412094
14,113,9.35658176754922
14,114,7.310089991922522
14,115,7.992294925034491
15,1,40.12175466383996
15,2,38.353213432989044
15,3,34.96143982727912
15,4,31.866584009246456
15,5,28.145824359333947
15,6,25.665355685267585
15,7,21.883814385829655
15,8,19.627841569278644
15,9,19.794910860984963
15,10,16.109609851052923
15,11,12.695535928784446
15,12,9.221072163142622
15,13,6.7033546966247
15,14,3.789789747126492
15,16,3.8345063215786603
15,17,5.495773921675262
15,18,7.667820538799428
15,19,9.625665814338586
15,20,12.825001792503983
15,21,15.958127702668715
15,22,19.571914223707413
15,23,22.347907687386105
15,24,25.81498089885462
15,25,29.235735462039155
15,26,32.73789155726912
15,27,35.830016854855764
15,28,39.5997684718927
15,29,40.147203246411465
15,30,38.41281143610654
15,31,36.99755378221934
15,32,36.50023673392381
15,33,34.99220228559012
15,34,31.824564153456517
15,35,29.752855103506338
15,36,26.20299052589884
15,37,24.75963728937645
15,38,21.507660563988207
15,39,22.47950928070228
15,40,20.673184358337238
15,41,22.974623310637845
15,42,23.267940643477527
15,43,26.677646201619293
15,44,28.80239973069655
15,45,27.54708098604308
15,46,25.698146323194756
15,47,24.181662250810668
15,48,23.712049120078078
15,49,20.25399384856906
15,50,21.636826912904368
15,51,24.63932799542128
15,52,26.13409562095944
15,53,29.56700933508857
15,54,30.114904618522026
15,55,33.11226156230469
15,56,32.99517405702141
15,57,32.80168170833149
15,58,32.059108419644886
15,59,28.263735878685655
15,60,26.012197595106002
15,61,25.887313077415737
15,62,23.73189577323334
15,63,22.922029952731798
15,64,20.345454933974793
15,65,16.694214557784868
15,66,17.08821789963082
15,67,17.968126948959664
15,68,19.917707715984427
15,69,22.005147010184846
15,70,25.06647858373505
15,71,26.865661445381505
15,72,30.02465341392928
