1,2,3.816730124343893
1,3,5.490954095151933
1,4,7.754016370357175
1,5,10.428746426473808
1,6,12.132146369920374
1,7,15.310770319655825
1,8,17.05751568166436
1,9,17.43423807457612
1,10,20.597725904053586
1,11,24.060980763888104
1,12,26.914220856761567
1,13,30.35430491796305
1,14,33.07106086413135
1,15,32.74190745765213
1,16,29.043436054836903
1,17,25.65408046604935
1,18,24.37867602903912
1,19,20.78238490271511
1,20,19.746605689762863
1,21,17.39914493679215
1,22,17.40427923712777
1,23,17.351592081825004
1,24,18.42532988573599
1,25,22.130322180503143
1,26,23.076245078760177
1,27,22.024605105435825
1,28,25.312762801749333
1,29,24.687682220547988
1,30,21.713103872494674
1,31,21.024730917226748
1,32,19.281928848317353
1,33,18.800271782360987
1,34,18.562929150048877
1,35,17.310902962013056
1,36,18.432094682649293
1,37,17.610404257016846
1,38,16.587050096688166
1,39,20.020381412860605
1,40,21.0233361416074
1,41,23.02333507799338
1,42,23.583169148787306
1,43,23.455675041808238
1,44,24.209302559613686
1,45,24.96756811762653
1,46,26.565569040087425
1,47,28.73274374758011
1,48,31.60022326303061
1,49,34.855147354885865
1,50,36.97265792063237
1,51,38.8583318014543
1,52,35.7835535989797
1,53,36.13845547084323
1,54,32.93796291453701
1,55,32.3543063287759
1,56,30.066078943611227
1,57,29.483138945988056
1,58,28.667790229888986
1,59,29.977852871781142
1,60,28.87237636920228
1,61,30.5427183791001
1,62,28.37304131323419
1,63,29.308509188758837
1,64,27.169170704247943
1,65,27.892281956300085
1,66,26.675317124953416
1,67,26.50680188314963
1,68,26.07087909448728
1,69,22.567377487834296
1,70,21.426709525912994
1,71,22.217576913872968
1,72,23.415073494758822
1,73,23.909315272085294
1,74,26.532070100492493
1,75,26.799325458840052
1,76,30.06475099509147
1,77,31.85779158799813
1,78,29.10336944429482
1,79,30.030242770703197
1,80,28.245384474030864
1,81,27.26858541467613
1,82,24.755783131895726
1,83,22.4375811661083
1,84,19.191851921506565
1,85,15.572556744907708
1,86,15.666812678919957
1,87,13.432011344068927
1,88,14.236927436425763
1,89,13.956361328618046
1,90,15.251685837504366
1,91,17.06591332122914
1,92,18.752621898281493
1,93,22.191342147926914
1,94,23.985495943126985
1,95,23.61922793688903
1,96,22.380044846498233
1,97,20.2604592360633
1,98,18.900624048544262
1,99,15.240970254247866
1,100,13.215372434587051
1,101,10.475601695619087
1,102,9.438277722215425
1,103,9.674035976203648
1,104,11.082878629240797
1,105,13.127534184395085
1,106,15.798251361411626
1,107,19.305754665005097
1,108,21.984808260910306
1,109,21.816364554167986
2,1,3.816730124343893
2,3,3.7934461169039326
2,4,5.434338228248623
2,5,8.966644964785347
2,6,11.189295462514774
2,7,13.81117406801343
2,8,14.840572555560662
2,9,15.291821506293843
2,10,18.048975817622644
2,11,21.65581212913057
2,12,24.199036224689387
2,13,27.70533362605631
2,14,30.206787199171035
2,15,29.8971363740942
2,16,26.214248254968577
2,17,22.966569689675147
2,18,22.13084608817405
2,19,18.683286737260705
2,20,18.204721423756812
2,21,16.416252154778757
2,22,17.10698973280944
2,23,17.851398167605815
2,24,19.53231221578276
2,25,23.163248384422463
2,26,24.592207735623894
2,27,23.360816583097975
2,28,26.518771354153774
2,29,25.77268710638035
2,30,22.55743984272772
2,31,21.39277406849938
2,32,19.074729645592136
2,33,18.050178755015615
2,34,17.063239453220593
2,35,15.459274852849058
2,36,15.918925151435529
2,37,14.999462487436945
2,38,14.693815199248512
2,39,18.162844916206442
2,40,19.503827344211782
2,41,21.20097938035339
2,42,22.210761254286407
2,43,22.686958259635517
2,44,23.75909116466694
2,45,25.08781637012506
2,46,26.922365408361625
2,47,29.47904124639176
2,48,32.52035800356351
2,49,35.92668124769096
2,50,38.31691173883257
2,51,39.95864521766633
2,52,36.770986005295136
2,53,36.78825448899781
2,54,33.386324489725794
2,55,32.60844462569588
2,56,29.968450626319374
2,57,29.299366679399697
2,58,28.01162864515503
2,59,29.197653706344784
2,60,27.643260996304345
2,61,29.065536171136635
2,62,26.74370276599916
2,63,27.65073117212836
2,64,25.86307017999455
2,65,26.820182994912994
2,66,26.095597138602454
2,67,26.19803780943145
2,68,26.299970022597368
2,69,22.755361656430313
2,70,21.067881530654784
2,71,21.466966213811627
2,72,22.057066131690025
2,73,22.20242606524518
2,74,24.428278749788756
2,75,24.318239551210663
2,76,27.364392322119016
2,77,28.896681736877877
2,78,25.94486893306328
2,79,26.633337692588054
2,80,24.668398766705714
2,81,23.811175799520974
2,82,21.45534261214937
2,83,18.91872805152929
2,84,15.78091634672847
2,85,12.311006254046191
2,86,12.955300694329047
2,87,11.464695121904613
2,88,13.13881518164258
2,89,13.653270735034065
2,90,15.680026544853288
2,91,18.10178932159998
2,92,20.2249527975506
2,93,23.79952384653363
2,94,25.73113846001682
2,95,25.677343659298398
2,96,24.808253513267385
2,97,22.88810356080058
2,98,21.156372525134817
2,99,17.42291332254213
2,100,14.799345684489145
2,101,11.715930768747592
2,102,9.431740421294275
2,103,8.66630748744358
2,104,8.753217926108785
2,105,10.044683168301097
2,106,12.295528108182948
2,107,15.935956516611748
2,108,18.39710563103947
2,109,18.134382245991606
3,1,5.490954095151933
3,2,3.7934461169039326
3,4,3.8065738075170716
3,5,6.521799326978857
3,6,9.571273242118664
3,7,11.738777896611806
3,8,12.687553904743528
3,9,12.443563381264674
3,10,15.481850929208376
3,11,19.059516359137962
3,12,21.817307711920666
3,13,25.157165513510066
3,14,27.801895824743585
3,15,27.323525345607997
3,16,23.602910900192054
3,17,20.241055818637577
3,18,19.05734284851886
3,19,15.454000296630783
3,20,14.816283891483417
3,21,12.767608580980516
3,22,13.61434561147989
3,23,14.432750098478785
3,24,16.49150569112766
3,25,20.109443919932403
3,26,21.625752734717818
3,27,20.140229649627948
3,28,23.154160543075555
3,29,22.33258448565221
3,30,19.058477666493303
3,31,17.825546134787825
3,32,15.364881384145813
3,33,14.484978867973934
3,34,13.613703278804538
3,35,12.486287048855774
3,36,13.510739416522735
3,37,13.347688425620218
3,38,12.76544073684647
3,39,15.857189313558758
3,40,16.62927200618231
3,41,18.13512040468519
3,42,18.793449462811402
3,43,19.170705344758762
3,44,20.063817826714914
3,45,21.439974470531265
3,46,23.240401397572764
3,47,25.911475710874928
3,48,28.98098613678846
3,49,32.44622672070295
3,50,34.94224988377081
3,51,36.4625841450735
3,52,33.244267198329496
3,53,33.1406607194592
3,54,29.69232838695576
3,55,28.90134865320728
3,56,26.221915061265605
3,57,25.64697912505426
3,58,24.39088508271416
3,59,25.759889190511387
3,60,24.317764728545345
3,61,25.65979849596967
3,62,23.28251582074832
3,63,24.124795126551263
3,64,22.196376949414145
3,65,23.13577158067655
3,66,22.371853825269508
3,67,22.603496090077346
3,68,22.808562985325665
3,69,19.36499464651998
3,70,17.50269655048607
3,71,17.752060243259425
3,72,18.470981973794512
3,73,18.682765523083592
3,74,21.139558706043715
3,75,21.319787556620273
3,76,24.580434120183586
3,77,26.439543239578295
3,78,23.77122534955119
3,79,24.926597493151302
3,80,23.436825684993455
3,81,22.53851560146217
3,82,19.73794912151385
3,83,17.60409455793172
3,84,14.439550833611568
3,85,10.687225385241032
3,86,10.304360804339105
3,87,8.161532906670997
3,88,9.406841219739373
3,89,10.09885669739255
3,90,12.128264481375153
3,91,14.859058156957973
3,92,17.078456667967384
3,93,20.722717265001403
3,94,22.663415655986554
3,95,22.843828075371558
3,96,22.312267578998913
3,97,20.653640294890533
3,98,18.690975832115797
3,99,14.949378272102663
3,100,12.065597745905936
3,101,8.71622580906022
3,102,5.930982231268452
3,103,4.930391486370935
3,104,5.616161945772794
3,105,8.017177492544535
3,106,11.006602319962758
3,107,14.257033884204512
3,108,17.286131636489124
3,109,17.732872083556845
4,1,7.754016370357175
4,2,5.434338228248623
4,3,3.8065738075170716
4,5,3.7868019583858716
4,6,6.53072153654616
4,7,8.51670214549762
4,8,9.475255596950282
4,9,10.102277812040338
4,10,13.039191070447602
4,11,16.48924838553923
4,12,19.26415431066036
4,13,22.791274520470683
4,14,25.54614455377827
4,15,25.52589505559568
4,16,21.949667978993084
4,17,18.474934747040745
4,18,17.350958732949163
4,19,14.055316353713957
4,20,13.307230560209357
4,21,12.055988997468235
4,22,12.82140928995854
4,23,14.399539034611896
4,24,16.425880681778768
4,25,19.749930323426927
4,26,21.848174617434278
4,27,20.78841606391011
4,28,23.915565317196158
4,29,23.552553292981152
4,30,20.477506423417744
4,31,19.444111146668583
4,32,16.587728738978363
4,33,15.925769707366346
4,34,14.493282463712001
4,35,13.806055091451007
4,36,14.350800531160267
4,37,14.695233696539665
4,38,14.932528444001438
4,39,17.69735672247488
4,40,18.310239595700292
4,41,19.105807513334366
4,42,19.724711738467963
4,43,20.53033468001598
4,44,21.12221372910588
4,45,22.77921928836868
4,46,24.252112965206557
4,47,27.16529162961665
4,48,30.057777769393926
4,49,33.66920103102417
4,50,36.151534438184456
4,51,37.341402249231166
4,52,33.92432745939379
4,53,33.82299520039535
4,54,30.35056784615741
4,55,29.82918002894617
4,56,27.038263501426627
4,57,26.865013038997247
4,58,25.451675899751528
4,59,27.12065791486746
4,60,25.478268538994595
4,61,26.291023446789072
4,62,23.494314674705734
4,63,23.794827411982812
4,64,21.865402459077355
4,65,22.450395731672582
4,66,21.858270888500112
4,67,21.77798736337339
4,68,22.209688185274327
4,69,18.588805253586848
4,70,16.680853154863737
4,71,17.23010408726467
4,72,17.5128789870027
4,73,18.055743743780894
4,74,20.170950402040123
4,75,20.45806930151907
4,76,23.557720766356642
4,77,25.44102737461462
4,78,22.61793884351262
4,79,23.77136728281673
4,80,22.218972266772308
4,81,21.939499881394713
4,82,19.13920482843499
4,83,16.600196124085564
4,84,14.021541612146702
4,85,10.556871719366358
4,86,10.234573455864941
4,87,8.93413031928256
4,88,10.208081079974717
4,89,12.060127620987448
4,90,13.827741462708675
4,91,17.018889030271136
4,92,18.893210548601147
4,93,22.66571900052517
4,94,24.176552908391773
4,95,24.250822772908762
4,96,24.200041212723477
4,97,22.832938587819196
4,98,21.155116715873106
4,99,17.404736805044763
4,100,14.76840228775843
4,101,11.088882878214791
4,102,8.311354190984003
4,103,5.4786245138690965
4,104,5.064830595350269
4,105,6.087094126855115
4,106,9.275658438822841
4,107,12.385072777840609
4,108,15.22557472028873
4,109,15.309273337399555
5,1,10.428746426473808
5,2,8.966644964785347
5,3,6.521799326978857
5,4,3.7868019583858716
5,6,3.7989514412027834
5,7,5.256146862916556
5,8,6.943582002663811
5,9,7.564021783136979
5,10,10.998378310133894
5,11,14.053073820057135
5,12,17.249752143351365
5,13,20.661703145039727
5,14,23.75147020016628
5,15,23.93776992422586
5,16,20.504687026360976
5,17,16.815228350587567
5,18,15.090595103549997
5,19,11.901635614180792
5,20,10.384764328310233
5,21,9.267034240715757
5,22,9.56015613402609
5,23,11.52774150539135
5,24,13.561638088492575
5,25,16.599891649122473
5,26,19.071595019918814
5,27,18.252720426329986
5,28,21.377544786797174
5,29,21.414236634760318
5,30,18.63063709086565
5,31,17.981886371385595
5,32,15.042373918726577
5,33,15.049374149619487
5,34,13.77349681312575
5,35,14.092920796615925
5,36,15.089653331652007
5,37,16.31712795082244
5,38,16.48664298508652
5,39,18.663093052482456
5,40,18.540064159538293
5,41,18.797209533221928
5,42,18.800024164513164
5,43,19.49713496944672
5,44,19.4798318648823
5,45,21.07300401784031
5,46,22.083374465827944
5,47,25.07448821931895
5,48,27.7314660986861
5,49,31.419605216901353
5,50,33.83751181204502
5,51,34.76529463711278
5,52,31.22393774967217
5,53,31.18928165987162
5,54,27.773735148034838
5,55,27.575709480483496
5,56,24.86673458609746
5,57,25.16504332631969
5,58,23.928326718362815
5,59,26.04371104627318
5,60,24.610756294028267
5,61,25.06481020294853
5,62,22.012332341958157
5,63,21.80874109113031
5,64,19.540207630011103
5,65,19.623902600649874
5,66,18.83251364683137
5,67,18.411154425142715
5,68,18.835250886246673
5,69,15.157208849433689
5,70,13.362864491010198
5,71,14.337233401533595
5,72,14.758524295102047
5,73,15.937023608987984
5,74,18.20745210071341
5,75,19.114452778791772
5,76,22.34932658006571
5,77,24.664228285203073
5,78,22.156777659083033
5,79,23.813614286627093
5,80,22.750163172333494
5,81,22.794786632465765
5,82,19.657675646390633
5,83,17.40466706648379
5,84,15.274936929893771
5,85,11.997822117102151
5,86,10.613823638228727
5,87,9.06188011148076
5,88,9.172371553659024
5,89,11.589396500845998
5,90,12.61475177328536
5,91,16.047128925549462
5,92,17.445146747020836
5,93,21.236677903677798
5,94,22.303259749889527
5,95,22.356714079342108
5,96,22.847872834428134
5,97,21.892454430143143
5,98,20.437602368054247
5,99,16.834477418971222
5,100,14.542593599587445
5,101,10.777218649917636
5,102,8.48229454187417
5,103,4.924109677182343
5,104,5.404860744798334
5,105,6.6512554485458555
5,106,10.269191746902312
5,107,12.47142677894399
5,108,15.587822643274562
5,109,16.05060261264755
6,1,12.132146369920374
6,2,11.189295462514774
6,3,9.571273242118664
6,4,6.53072153654616
6,5,3.7989514412027834
6,7,3.8269736248829123
6,8,7.118086319518377
6,9,9.089253759037627
6,10,12.27542199558699
6,11,14.650632081392093
6,12,17.963521462276102
6,13,21.395543310067982
6,14,24.686910315519782
6,15,25.40527575167636
6,16,22.256918892297502
6,17,18.536450431101656
6,18,16.624225375251537
6,19,13.940627748242958
6,20,11.849371601277339
6,21,11.208847158683
6,22,10.468011745261276
6,23,12.333040701834188
6,24,13.510607873624325
6,25,16.124559774188516
6,26,18.862885021743267
6,27,18.805942558719334
6,28,22.142660251770376
6,29,22.809691912745322
6,30,20.48773997911403
6,31,20.419797591382622
6,32,17.686631968417096
6,33,18.223704482336757
6,34,17.10827261290262
6,35,17.754922570395724
6,36,18.70919784394163
6,37,20.00928164694564
6,38,20.283290010580018
6,39,22.419137443629985
6,40,22.15717260861177
6,41,22.19219533367605
6,42,21.935121629059978
6,43,22.532032192377272
6,44,22.05893387887805
6,45,23.41343529526901
6,46,23.898899362541936
6,47,26.752361757135716
6,48,29.039823711553773
6,49,32.718712414568415
6,50,34.863644614970035
6,51,35.63189367967654
6,52,31.990519646603204
6,53,32.27068780598449
6,54,29.04820736300312
6,55,29.313285203500392
6,56,26.831119730902792
6,57,27.57293585357497
6,58,26.575315213840238
6,59,28.98730943433233
6,60,27.708572226816283
6,61,27.90683948201543
6,62,24.676792032696188
6,63,24.003170425046513
6,64,21.520269156860266
6,65,20.988783721996008
6,66,19.928907279685625
6,67,18.81316130240985
6,68,18.91743716221244
6,69,15.123275752585572
6,70,14.033490075160941
6,71,15.80659553758012
6,72,16.326931822791135
6,73,18.128515297842743
6,74,20.256095795349406
6,75,21.498433040004194
6,76,24.59097079060793
6,77,26.997885179149616
6,78,24.51349736693866
6,79,26.186383374032893
6,80,25.106989629526378
6,81,25.59073656739068
6,82,22.54495353844468
6,83,20.091968666603833
6,84,18.374602717150943
6,85,15.356521446829438
6,86,14.107450304777888
6,87,12.76378049583421
6,88,12.476079720323575
6,89,14.831442036122171
6,90,15.186033807583097
6,91,18.431169632819103
6,92,19.172784818896357
6,93,22.920945651265175
6,94,23.416593541121667
6,95,23.07616812324943
6,96,23.78572707040107
6,97,22.997590476909146
6,98,22.120129986564297
6,99,18.611274984856756
6,100,16.93662785766586
6,101,13.205067454685421
6,102,11.666293634450842
6,103,8.41200924932441
6,104,9.145799841536899
6,105,9.66066057156962
6,106,12.88031737581277
6,107,14.775028642053677
6,108,17.47738651184522
6,109,17.424140240527965
7,1,15.310770319655825
7,2,13.81117406801343
7,3,11.738777896611806
7,4,8.51670214549762
7,5,5.256146862916556
7,6,3.8269736248829123
7,8,3.8029292199019196
7,9,6.212246523444036
7,10,9.007818413693059
7,11,10.971728132214192
7,12,14.335831384356949
7,13,17.704956462537165
7,14,21.073196837884737
7,15,21.97916375589373
7,16,19.02228887336435
7,17,15.327190568206374
7,18,13.380797894145743
7,19,11.202951939906344
7,20,9.20126472140616
7,21,9.717378717336615
7,22,9.522243526622612
7,23,12.35500997536868
7,24,14.064503449758574
7,25,16.143270128481806
7,26,19.344628119599577
7,27,19.166939096240718
7,28,22.136410616827614
7,29,22.833736359460158
7,30,20.575133555698105
7,31,20.306166436343542
7,32,17.228169816696823
7,33,17.695521089825053
7,34,16.133391702542504
7,35,17.19236025280947
7,36,17.895100676351106
7,37,19.754602635194058
7,38,20.449091964326268
7,39,22.05608748285245
7,40,21.52359987822434
7,41,20.91088875571093
7,42,20.587343095442506
7,43,21.599093319114782
7,44,21.015210015509602
7,45,22.769197338282755
7,46,23.169119795027328
7,47,26.306315678117983
7,48,28.55269161075008
7,49,32.30547420305035
7,50,34.625979394120336
7,51,35.02202877342474
7,52,31.299761693304454
7,53,31.273838315267852
7,54,27.975787529912242
7,55,28.233497904750163
7,56,25.554812616959484
7,57,26.49149411823921
7,58,25.227837117045112
7,59,27.75456135274969
7,60,26.284869592252512
7,61,26.000995298652967
7,62,22.540410691694866
7,63,21.452361078860047
7,64,19.143599005950716
7,65,18.468091658018817
7,66,17.853327792443515
7,67,16.848174936149878
7,68,17.59214598202564
7,69,14.002255598418744
7,70,12.406348047707853
7,71,13.9126967559825
7,72,13.760875659335383
7,73,15.655423618070127
7,74,17.374278505613354
7,75,18.746760993436517
7,76,21.65599529487272
7,77,24.152566912913397
7,78,21.828065324496553
7,79,23.716090182548133
7,80,22.97011600804022
7,81,23.80995936977189
7,82,20.68492093374051
7,83,18.42083734373348
7,84,17.295275579277945
7,85,14.779308455765708
7,86,13.200091985856007
7,87,12.516789434889237
7,88,12.200049733569145
7,89,15.252327481026407
7,90,15.717825386290059
7,91,19.25442594861234
7,92,20.085923765407646
7,93,23.72982800529456
7,94,24.145971971161174
7,95,24.12116877514905
7,96,25.316123439446308
7,97,24.861177369370814
7,98,23.770870121385183
7,99,20.442471503090513
7,100,18.573469701652044
7,101,14.968741433779028
7,102,13.077039694404995
7,103,9.476205218526495
7,104,9.33090519112325
7,105,9.055212911487992
7,106,11.868890085997034
7,107,12.818325446164037
7,108,15.455716869640977
7,109,15.770912413061533
8,1,17.05751568166436
8,2,14.840572555560662
8,3,12.687553904743528
8,4,9.475255596950282
8,5,6.943582002663811
8,6,7.118086319518377
8,7,3.8029292199019196
8,9,3.803537482638635
8,10,5.520563578332689
8,11,7.836197278435866
8,12,10.902690115621198
8,13,14.44837738131048
8,14,17.624749475034896
8,15,18.501998636869477
8,16,15.530756520113135
8,17,11.933258130149193
8,18,10.561965604296308
8,19,8.7969084652383
8,20,7.975233586374496
8,21,9.657675017121377
8,22,10.771107191925793
8,23,14.175601175081026
8,24,16.5452733544768
8,25,18.497634378606783
8,26,21.778255847341438
8,27,21.16280923679851
8,28,23.753957174789456
8,29,24.0819637512905
8,30,21.592466328221445
8,31,20.751622754257873
8,32,17.291721528904144
8,33,17.144216309241557
8,34,14.878490580956923
8,35,15.783420497818678
8,36,15.86594978585703
8,37,17.94884784692877
8,38,19.223031068957184
8,39,20.484194712189666
8,40,20.080370642087985
8,41,19.01043796071497
8,42,19.083169148968096
8,43,20.71829103524503
8,44,20.514581219592834
8,45,22.827210130051082
8,46,23.56452999580302
8,47,26.98793547722311
8,48,29.432059363106006
8,49,33.215411078816565
8,50,35.82044881294568
8,51,36.03820258800404
8,52,32.340307917164345
8,53,31.87364698449768
8,54,28.41215532190266
8,55,28.328703579577653
8,56,25.31563682583534
8,57,26.04705154454044
8,58,24.28843132218566
8,59,26.589770064235427
8,60,24.696666398368983
8,61,24.107741831905965
8,62,20.543868101527856
8,63,19.410660541146495
8,64,17.652471545703634
8,65,17.396089709573815
8,66,17.575493242000057
8,67,17.20150603637383
8,68,18.70814717011146
8,69,15.454857857541796
8,70,13.071037670073949
8,71,13.637581138895126
8,72,12.478718374389864
8,73,13.738466846637147
8,74,14.801781952739459
8,75,15.74311559545302
8,76,18.372151170191355
8,77,20.66231200736625
8,78,18.232533154936334
8,79,20.061591211178644
8,80,19.395513793566035
8,81,20.46808195271061
8,82,17.412422402076242
8,83,15.184872529863478
8,84,14.579889244205274
8,85,12.668837316354068
8,86,11.232319843911846
8,87,11.591137046066466
8,88,11.959957947343977
8,89,15.512609768579082
8,90,16.61762006159542
8,91,20.37051851298256
8,92,21.685821438394882
8,93,25.253739941464676
8,94,25.975104702376854
8,95,26.333242823599612
8,96,27.618371776928576
8,97,27.198525067934042
8,98,25.687013227594143
8,99,22.398618915911808
8,100,20.068255029167638
8,101,16.574986381579055
8,102,14.043568665247854
8,103,10.322417941009245
8,104,8.8545463247768
8,105,7.399653327960649
8,106,9.373024016941923
8,107,9.508178739515069
8,108,12.013837623831357
8,109,12.692649952658092
9,1,17.43423807457612
9,2,15.291821506293843
9,3,12.443563381264674
9,4,10.102277812040338
9,5,7.564021783136979
9,6,9.089253759037627
9,7,6.212246523444036
9,8,3.803537482638635
9,10,3.8178732668914503
9,11,6.780197654033299
9,12,10.05909057382093
9,13,13.239452431230205
9,14,16.40758651835309
9,15,16.591705943191062
9,16,13.329620570292837
9,17,9.555227276279902
9,18,7.684982605636323
9,19,5.176662919470063
9,20,4.706812702129769
9,21,6.65103884217489
9,22,8.830751155332651
9,23,12.430159009957178
9,24,15.434372233375868
9,25,17.412119937531866
9,26,20.526077599717865
9,27,19.342368800666183
9,28,21.557559817204968
9,29,21.48367325457281
9,30,18.8359886476188
9,31,17.642043622683385
9,32,14.034194834541491
9,33,13.727914665232623
9,34,11.36736634028937
9,35,12.705019591927854
9,36,13.1225598783193
9,37,15.731612681359351
9,38,16.78422592683159
9,39,17.55862342695372
9,40,16.748934029417125
9,41,15.46042372392789
9,42,15.341341310254595
9,43,17.050146251654017
9,44,16.91834266935379
9,45,19.453001905419022
9,46,20.414523236891068
9,47,23.970162455366463
9,48,26.59137446142531
9,49,30.363591956367255
9,50,33.17784250965945
9,51,33.39173256506026
9,52,29.775337843487474
9,53,29.01240730599261
9,54,25.4306270664758
9,55,25.053992413967112
9,56,21.883830431850807
9,57,22.45053521412844
9,58,20.5512588107216
9,59,22.812728751373466
9,60,20.917416809854032
9,61,20.334464701351116
9,62,16.797777030096466
9,63,15.824176513509988
9,64,14.077417903618933
9,65,14.210372759727345
9,66,14.634680699378517
9,67,14.896314540625479
9,68,16.77315672961811
9,69,13.810190281302278
9,70,10.776610197237499
9,71,10.517180082649022
9,72,9.124433422015878
9,73,10.055692834662121
9,74,11.438624948791858
9,75,12.556895166215893
9,76,15.56989034467638
9,77,18.17881591798528
9,78,16.09106962541186
9,79,18.385142723289402
9,80,18.226623471313662
9,81,18.85414670029881
9,82,15.426572027859317
9,83,13.894308954059534
9,84,13.085353720565402
9,85,11.155819820256701
9,86,8.793715286173102
9,87,9.048740980775118
9,88,9.07550972060603
9,89,12.828818083625674
9,90,14.067873519041525
9,91,17.861890638629813
9,92,19.44635906683404
9,93,22.855211833366603
9,94,23.825828527358222
9,95,24.56560566815322
9,96,25.9475919416593
9,97,25.649690158096664
9,98,23.78312231999691
9,99,20.70259715456606
9,100,18.159921923778878
9,101,15.010689892200068
9,102,12.389613483128754
9,103,9.040757045577289
9,104,7.533131466351335
9,105,6.880699284200011
9,106,9.01962088423156
9,107,8.625427570617646
9,108,11.851002133820144
9,109,13.595278088502392
10,1,20.597725904053586
10,2,18.048975817622644
10,3,15.481850929208376
10,4,13.039191070447602
10,5,10.998378310133894
10,6,12.27542199558699
10,7,9.007818413693059
10,8,5.520563578332689
10,9,3.8178732668914503
10,11,3.8075216112175587
10,12,6.418585980885439
10,13,9.77354399588223
10,14,12.757218219679984
10,15,13.147564234334897
10,16,10.043353854009187
10,17,6.413132232445204
10,18,5.612945197682112
10,19,4.967927660318934
10,20,6.454769149727991
10,21,9.519562959163439
10,22,12.029174928730823
10,23,15.7530737583137
10,24,18.817345311534172
10,25,20.429353004552834
10,26,23.67133940937908
10,27,22.447084323725573
10,28,24.323959763277735
10,29,24.166875331356177
10,30,21.5779517472482
10,31,20.098068364780584
10,32,16.381238742574123
10,33,15.64957345688042
10,34,12.735070704746422
10,35,13.914115789408024
10,36,13.502618714883509
10,37,16.286648895385163
10,38,18.007731747629634
10,39,18.30818278200647
10,40,17.61611546936014
10,41,15.670397339791094
10,42,15.936237527710666
10,43,18.296928147855905
10,44,18.403677065775703
10,45,21.35727343965424
10,46,22.40520436331606
10,47,26.103060865330136
10,48,28.69788577980997
10,49,32.42674963622195
10,50,35.384029104652974
10,51,35.30750589223881
10,52,31.725135080719422
10,53,30.62553347606395
10,54,27.03200085725305
10,55,26.50311635261885
10,56,23.144128882335878
10,57,23.677471342531472
10,58,21.353667742386715
10,59,23.41389090401413
10,60,21.11600529778943
10,61,19.983330882121457
10,62,16.32653523644299
10,63,15.025182982302665
10,64,14.065037843364717
10,65,14.412803754868788
10,66,15.721415516805479
10,67,16.35135993267037
10,68,18.82541830400687
10,69,16.316692513159737
10,70,13.08814353313312
10,71,12.217429457795703
10,72,9.687220476417314
10,73,9.893795862193018
10,74,9.92855536907586
10,75,10.522373904234202
10,76,12.911532322699157
10,77,15.28708207016552
10,78,13.159700552537169
10,79,15.465434996295269
10,80,15.565435708996931
10,81,16.74464793514598
10,82,13.517593359951215
10,83,12.148148548170424
10,84,12.395963061713339
10,85,11.58984939919733
10,86,9.71916125760842
10,87,11.225954725053645
10,88,11.832259690192952
10,89,15.652396006313774
10,90,17.17801532591277
10,91,20.938188052581435
10,92,22.67154170832214
10,93,25.910755589222173
10,94,26.915618225649876
10,95,27.844474094194133
10,96,29.386546684548563
10,97,29.19028524227109
10,98,27.186040486802607
10,99,24.214104950692345
10,100,21.532728655839996
10,101,18.533930279518497
10,102,15.704735991409748
10,103,12.474938219736583
10,104,10.262247119730315
10,105,8.504434043256087
10,106,9.071967128623625
10,107,7.137024637195601
10,108,9.67453262633867
10,109,11.818728636453471
11,1,24.060980763888104
11,2,21.65581212913057
11,3,19.059516359137962
11,4,16.48924838553923
11,5,14.053073820057135
11,6,14.650632081392093
11,7,10.971728132214192
11,8,7.836197278435866
11,9,6.780197654033299
11,10,3.8075216112175587
11,12,3.7972040735825336
11,13,6.772126372233688
11,14,10.250578549254177
11,15,11.345384746867065
11,16,9.0826241938533
11,17,5.98480721676832
11,18,4.966432327787032
11,19,6.627010196936411
11,20,7.660771484321976
11,21,11.370911189467696
11,22,13.422235181969286
11,23,17.206661477044822
11,24,20.035212149658186
11,25,20.989990492611472
11,26,24.44850375846524
11,27,23.49166738474804
11,28,25.070048495974074
11,29,25.23791535579295
11,30,23.06571778367034
11,31,21.851796113907533
11,32,18.290139208269473
11,33,17.96221484159627
11,34,15.259132004978387
11,35,16.936719844777347
11,36,16.601726096174325
11,37,19.626097711571916
11,38,21.361036528355886
11,39,21.251608222799543
11,40,20.186973407856783
11,41,17.751371472607165
11,42,17.610313315212327
11,43,19.98347639305036
11,44,19.63695208598509
11,45,22.56387894768042
11,46,23.165200941842
11,47,26.84825572044067
11,48,29.108514079987003
11,49,32.77686312872202
11,50,35.66809570504421
11,51,35.186158780789945
11,52,31.581465490857273
11,53,30.391855147785638
11,54,26.9588804183308
11,55,26.70192466330345
11,56,23.451511297325943
11,57,24.42714323985198
11,58,22.167745822666394
11,59,24.46176860202925
11,60,22.28370675405717
11,61,20.55925479495054
11,62,16.787325988961236
11,63,14.689695494396432
11,64,13.882458450852965
11,65,13.600770582428767
11,66,15.258089532949425
11,67,15.682569853439771
11,68,18.505926815065337
11,69,16.479505539562524
11,70,13.469205240013823
11,71,12.703903730886681
11,72,9.721995680183296
11,73,10.399566525190663
11,74,9.623884324407461
11,75,10.798149627093089
11,76,12.56694635876436
11,77,15.13363453998546
11,78,13.62978547015355
11,79,16.226145300968014
11,80,16.91113102140993
11,81,18.58854560834036
11,82,15.565519107252921
11,83,14.62952432408896
11,84,15.537044299806103
11,85,15.186928682407094
11,86,13.24536968072296
11,87,14.677049392254434
11,88,14.771467113801041
11,89,18.52794679379632
11,90,19.597927755277222
11,91,23.238901998500154
11,92,24.612889200452795
11,93,27.640487287986467
11,94,28.273306223804525
11,95,29.223083871165453
11,96,31.165094821187335
11,97,31.280299423498537
11,98,29.45503912967344
11,99,26.70724974937551
11,100,24.29397037595208
11,101,21.434401580552834
11,102,18.92557315072836
11,103,15.763820906355823
11,104,13.918038939687921
11,105,12.281935998797447
11,106,12.63556542658047
11,107,10.190059003982547
11,108,11.894090263688161
11,109,13.953805084475055
12,1,26.914220856761567
12,2,24.199036224689387
12,3,21.817307711920666
12,4,19.26415431066036
12,5,17.249752143351365
12,6,17.963521462276102
12,7,14.335831384356949
12,8,10.902690115621198
12,9,10.05909057382093
12,10,6.418585980885439
12,11,3.7972040735825336
12,13,3.7847249703511214
12,14,6.7565559171139205
12,15,8.383322626093852
12,16,6.837806826768026
12,17,5.183558623209191
12,18,6.403920207035352
12,19,9.091901375411604
12,20,11.044676573400762
12,21,14.743592699757937
12,22,17.07665540671714
12,23,20.841558047118834
12,24,23.761275375302105
12,25,24.639875570651892
12,26,28.076983247433727
12,27,27.008852122538347
12,28,28.37182469014072
12,29,28.365606006678746
12,30,26.152500446729444
12,31,24.651249979585863
12,32,21.050931572431665
12,33,20.301615848863605
12,34,17.269211866486394
12,35,18.614436188181603
12,36,17.636286343951966
12,37,20.574206918296195
12,38,22.779040706776982
12,39,22.357657265362505
12,40,21.516953871344175
12,41,18.73396275834554
12,42,19.029523934739725
12,43,21.85011433739197
12,44,21.838615761965013
12,45,25.036745281775545
12,46,25.821805477721274
12,47,29.553762456454216
12,48,31.842256664416958
12,49,35.42824771340984
12,50,38.439510443213635
12,51,37.78935761673213
12,52,34.27872805747395
12,53,32.801897158319036
12,54,29.38733325895387
12,55,28.915138253296412
12,56,25.54703283933352
12,57,26.34718802747253
12,58,23.744435483641837
12,59,25.704343412166367
12,60,23.18595807917955
12,61,21.093821319734094
12,62,17.458386428700997
12,63,15.316393965075044
12,64,15.412628801799638
12,65,15.515090756702774
12,66,17.800407060056088
12,67,18.59374037749969
12,68,21.696645747552697
12,69,19.979130520925963
12,70,16.892504111126087
12,71,15.692327940897796
12,72,12.286129918711566
12,73,12.121041640664156
12,74,10.142481224353324
12,75,10.39170058225387
12,76,10.985308432245468
12,77,12.945430034469561
12,78,11.539651238792013
12,79,13.923670520157652
12,80,14.916312750715344
12,81,17.126962628136127
12,82,14.601179717572055
12,83,13.955599900064698
12,84,15.754543068449456
12,85,16.308678290892527
12,86,14.896710746491673
12,87,17.023514248335513
12,88,17.600797324617243
12,89,21.338313573981214
12,90,22.729484545065908
12,91,26.343392010210238
12,92,27.931321111586254
12,93,30.858870453253758
12,94,31.627394736270904
12,95,32.72689535728505
12,96,34.67461630866458
12,97,34.78280305475433
12,98,32.793119597903996
12,99,30.07422633466868
12,100,27.47964418405123
12,101,24.694692645880714
12,102,21.95402465416027
12,103,18.854990227823084
12,104,16.546899510310936
12,105,14.39905619436206
12,106,13.779390224747047
12,107,10.596355207725647
12,108,11.199208678116369
12,109,13.39793168116838
13,1,30.35430491796305
13,2,27.70533362605631
13,3,25.157165513510066
13,4,22.791274520470683
13,5,20.661703145039727
13,6,21.395543310067982
13,7,17.704956462537165
13,8,14.44837738131048
13,9,13.239452431230205
13,10,9.77354399588223
13,11,6.772126372233688
13,12,3.7847249703511214
13,14,3.785913084835588
13,15,5.897617589040972
13,16,6.061896016225245
13,17,6.280873122983381
13,18,7.637503630559525
13,19,11.1690802497437
13,20,13.183400899550696
13,21,16.924270904075495
13,22,19.24589706489149
13,23,22.894716036263596
13,24,25.812439521788434
13,25,26.29141958596362
13,26,29.67993231049157
13,27,28.545559546833292
13,28,29.4708143684807
13,29,29.441922072466706
13,30,27.47960747083664
13,31,25.959390231245916
13,32,22.53870887418926
13,33,21.867255355980394
13,34,18.981146439533948
13,35,20.615712804106394
13,36,19.690119605025252
13,37,22.838285928198808
13,38,24.995461840457224
13,39,24.056583488527124
13,40,22.898395040642658
13,41,19.707825880760996
13,42,19.775409028456895
13,43,22.664527866364065
13,44,22.50689652646484
13,45,25.752070732113467
13,46,26.379726453844675
13,47,30.058233047564826
13,48,32.15480394887484
13,49,35.585336670574655
13,50,38.63590069694886
13,51,37.66500391616689
13,52,34.28107669041899
13,53,32.5273487221203
13,54,29.25942310922844
13,55,28.763903240277735
13,56,25.458036478054115
13,57,26.39273394092947
13,58,23.72651646046851
13,59,25.63583580475503
13,60,23.163230449979984
13,61,20.5610196745751
13,62,17.09215567315324
13,63,14.517247958166108
13,64,15.189755969047315
13,65,15.212410216440599
13,66,17.99596476080896
13,67,19.05412018305718
13,68,22.46877514098589
13,69,21.353876757269337
13,70,18.32527904273123
13,71,16.79484894267396
13,72,13.156581844025968
13,73,12.765476604132896
13,74,10.001693415800478
13,75,10.362803485571806
13,76,9.996364816225306
13,77,11.945004145042828
13,78,11.608122806220589
13,79,14.278843054134406
13,80,16.078624102109046
13,81,18.346122825035167
13,82,16.050960528399017
13,83,16.165880826362777
13,84,18.279271596338077
13,85,19.183986866627855
13,86,17.590513324243418
13,87,19.707185834329394
13,88,20.01758067030407
13,89,23.602938894493448
13,90,24.82230021215844
13,91,28.253132584167005
13,92,29.748512191046544
13,93,32.384640495946144
13,94,33.050859868025356
13,95,34.33700090393567
13,96,36.52611818403374
13,97,36.86080958778645
13,98,34.828304520783476
13,99,32.373207154872084
13,100,29.861348836829364
13,101,27.34900401646869
13,102,24.76437325914992
13,103,21.90347337383063
13,104,19.740906560737116
13,105,17.83193796962912
13,106,17.129175694685767
13,107,13.720623427791484
13,108,14.07497137363543
13,109,16.496907429629744
14,1,33.07106086413135
14,2,30.206787199171035
14,3,27.801895824743585
14,4,25.54614455377827
14,5,23.75147020016628
14,6,24.686910315519782
14,7,21.073196837884737
14,8,17.624749475034896
14,9,16.40758651835309
14,10,12.757218219679984
14,11,10.250578549254177
14,12,6.7565559171139205
14,13,3.785913084835588
14,15,3.8016690342282184
14,16,6.022682959382765
14,17,8.1627221969482
14,18,10.544093878912129
14,19,14.028163738236291
14,20,16.51955629713429
14,21,20.148658537047528
14,22,22.72257986743385
14,23,26.34111918335482
14,24,29.384692319719026
14,25,29.913189169364777
14,26,33.22719009928677
14,27,31.924954565337217
14,28,32.68628292457675
14,29,32.42953012260483
14,30,30.385781334774684
14,31,28.58921946184447
14,32,25.179254219739327
14,33,24.132201067277357
14,34,21.061610278525226
14,35,22.35912379239434
14,36,20.966150166504683
14,37,23.939865308714555
14,38,26.39718131756604
14,39,25.17893765467975
14,40,24.24149417867028
14,41,20.88097535011592
14,42,21.351192897088815
14,43,24.532619934894825
14,44,24.730459219201062
14,45,28.152336568691084
14,46,29.008245380250685
14,47,32.68379841531063
14,48,34.84620763884741
14,49,38.16986094275308
14,50,41.334024257226
14,51,40.284318336099226
14,52,37.035683261761626
14,53,35.02320597412652
14,54,31.781761452504455
14,55,31.022700490699243
14,56,27.64645432027029
14,57,28.316566595481195
14,58,25.379346262065614
14,59,26.87447395858789
14,60,24.136908971024237
14,61,21.32564511034153
14,62,18.20700889144299
14,63,15.883467953359782
14,64,17.3341678570105
14,65,17.815182038724195
14,66,20.939719370526074
14,67,22.332683634970184
14,68,25.866704764641074
14,69,24.917753226296817
14,70,21.787327040346668
14,71,19.93123907979135
14,72,16.176670294792572
14,73,15.13984452111112
14,74,11.816933922311911
14,75,11.210008963023133
14,76,9.505688795848927
14,77,10.375321247765097
14,78,10.513021557667576
14,79,12.750908763983846
14,80,14.974903055281747
14,81,17.51484414516043
14,82,15.868684167489207
14,83,16.42611875863233
14,84,19.108956100497437
14,85,20.682427220005387
14,86,19.50208410804809
14,87,22.03790237848135
14,88,22.706672535865636
14,89,26.206043786651755
14,90,27.70618610631201
14,91,31.082520761608425
14,92,32.80011880609215
14,93,35.343271167610915
14,94,36.19219732061699
14,95,37.62567114377093
14,96,39.758759231451364
14,97,40.053727198010826
14,98,37.84051747009835
14,99,35.416869223317605
14,100,32.73296330305754
14,101,30.316569735147763
14,102,27.552477532542323
14,103,24.79999127867035
14,104,22.33620604803427
14,105,20.185201688611887
14,106,18.881867706562915
14,107,15.202148666835445
14,108,14.804299035060868
14,109,17.272125894455467
15,1,32.74190745765213
15,2,29.8971363740942
15,3,27.323525345607997
15,4,25.52589505559568
15,5,23.93776992422586
15,6,25.40527575167636
15,7,21.97916375589373
15,8,18.501998636869477
15,9,16.591705943191062
15,10,13.147564234334897
15,11,11.345384746867065
15,12,8.383322626093852
15,13,5.897617589040972
15,14,3.8016690342282184
15,16,3.8097505640359075
15,17,7.218604265046457
15,18,9.950566320422396
15,19,13.256564457375658
15,20,16.236081711177864
15,21,19.54541459422248
15,22,22.497303289828277
15,23,25.94457715193642
15,24,29.244884358864105
15,25,29.933513785079608
15,26,32.99531832459907
15,27,31.29023672164136
15,28,31.801028708382262
15,29,31.13183642077324
15,30,28.954417684521754
15,31,26.823812747935573
15,32,23.50598473968313
15,33,22.136759342615555
15,34,19.070647238064883
15,35,20.29707103846933
15,36,18.868186046098444
15,37,21.92597107602096
15,38,24.28384889913155
15,39,22.642101487558982
15,40,21.606937799959454
15,41,18.087012208793162
15,42,18.70530744698398
15,43,22.047854181760744
15,44,22.573163285977973
15,45,26.14205880852945
15,46,27.32164838543697
15,47,30.984849565173427
15,48,33.32928306863972
15,49,36.55533513565371
15,50,39.88752704790045
15,51,38.945697240135196
15,52,35.856637092060566
15,53,33.57856810988049
15,54,30.265281776450443
15,55,29.10545409774592
15,56,25.613626262729568
15,57,25.909659876016423
15,58,22.739281029965966
15,59,23.878793314350013
15,60,20.98269082588447
15,61,18.114082937696242
15,62,15.267958762521317
15,63,13.333603783012274
15,64,15.416335763141557
15,65,16.60337652634277
15,66,20.022249120493793
15,67,22.010375676324625
15,68,25.648468319654636
15,69,24.875222347020934
15,70,21.490374813413062
15,71,19.061529520018915
15,72,15.259989363832593
15,73,13.433995069679304
15,74,9.762142034412653
15,75,8.464542180416109
15,76,6.016307971599652
15,77,6.897558814540644
15,78,7.9215353460997076
15,79,10.726316716187352
15,80,13.61505609046503
15,81,15.540198018618085
15,82,13.797853848952167
15,83,15.168437744677156
15,84,17.72991860950397
15,85,19.504913633011846
15,86,18.187999759289333
15,87,20.781495310795275
15,88,21.49828577698794
15,89,24.742688584158724
15,90,26.421664327645622
15,91,29.619202141411787
15,92,31.58332476826396
15,93,33.93687831474429
15,94,35.07057313392215
15,95,36.74922497674262
15,96,38.769008400661725
15,97,39.03733287959339
15,98,36.566647586703944
15,99,34.304885986141905
15,100,31.4855899807435
15,101,29.37909316952192
15,102,26.596270650498486
15,103,24.231119529579587
15,104,21.74880307028469
15,105,19.905734296318386
15,106,18.5412773305668
15,107,14.82927905935321
15,108,14.774789620739485
15,109,17.831435573036348
16,1,29.043436054836903
16,2,26.214248254968577
16,3,23.602910900192054
16,4,21.949667978993084
16,5,20.504687026360976
16,6,22.256918892297502
16,7,19.02228887336435
16,8,15.530756520113135
16,9,13.329620570292837
16,10,10.043353854009187
16,11,9.0826241938533
16,12,6.837806826768026
16,13,6.061896016225245
16,14,6.022682959382765
16,15,3.8097505640359075
16,17,3.7947834328762324
16,18,7.079400615748114
16,19,9.89431312467777
16,20,13.206751813981679
16,21,16.3292492583646
16,22,19.505936621758693
16,23,22.94857116062439
16,24,26.38157334861741
16,25,27.42052208258544
16,26,30.404691547976032
16,27,28.563958923814084
16,28,29.304222831781775
16,29,28.490952555387942
16,30,26.05204501332447
16,31,23.798393466771575
16,32,20.330491046392346
16,33,18.777774592807734
16,34,15.544383398709144
16,35,16.639207133824005
16,36,15.229522268074255
16,37,18.349704514424637
16,38,20.65642795911324
16,39,19.22295130336612
16,40,18.286906676157756
16,41,14.93745709140236
16,42,15.73964398755322
16,43,19.141105783666042
16,44,19.87561030294019
16,45,23.507498005373318
16,46,24.9348123337022
16,47,28.679240247491624
