1,2,3.8103040142424778
1,3,6.475048488178002
1,4,10.131013580555175
1,5,13.153958179145892
1,6,16.505742266017574
1,7,19.921875153719377
1,8,23.467529753633457
1,9,24.5913100234293
1,10,22.1826793952769
1,11,19.71775782013401
1,12,16.019277722721935
1,13,13.670146663950051
1,14,10.263820144719553
1,15,8.187975646436145
1,16,5.45137256426574
1,17,5.3875430726926785
1,18,5.536312386387328
1,19,7.3163350380230705
1,20,10.427842439423289
1,21,10.5906964303808
1,22,13.80612654005438
1,23,14.706643527222921
1,24,16.9663912584262
1,25,14.16024096243683
1,26,12.231172891649459
1,27,15.81488305371571
1,28,16.505478959884528
1,29,13.796828972249042
1,30,15.392706267912175
1,31,18.73455616574942
1,32,17.876491121830615
1,33,17.02386845078108
1,34,19.1380320046371
1,35,21.97609672398744
1,36,22.38037205923113
1,37,23.047938861517572
1,38,21.30155260151314
1,39,24.609256065250506
1,40,24.496429827183434
1,41,21.039790138457764
1,42,20.71498747581902
1,43,17.510447825497117
1,44,18.238600974765863
1,45,16.360610289806804
1,46,18.659013003926173
1,47,21.57904033007639
1,48,20.93838732255088
1,49,20.719905140991052
1,50,18.12816345859226
1,51,20.246149546896152
1,52,19.60916901126405
1,53,19.347509188443507
1,54,17.027780935470297
1,55,13.524358822278732
1,56,10.917561887240417
1,57,11.889655972691408
1,58,15.412651646834938
1,59,14.765961161280794
1,60,12.889980923502284
1,61,9.914035469151807
1,62,8.18427565262654
1,63,5.377167203941764
1,64,7.405028632553073
1,65,9.473900506531397
1,66,11.91492705717122
1,67,13.372736741245381
1,68,16.860800557603078
1,69,18.514798208001913
1,70,22.279759256159412
1,71,24.360303752290744
1,72,26.98801316396584
1,73,30.039978456406196
2,1,3.8103040142424778
2,3,3.8046498437963208
2,4,6.854308303787126
2,5,10.164984940797556
2,6,13.259865117003148
2,7,16.77110594600706
2,8,20.295138412868344
2,9,21.13498619552246
2,10,18.60361298550858
2,11,16.05882284997626
2,12,12.338221927084302
2,13,10.125895055063209
2,14,6.643516080928378
2,15,5.4908563101800025
2,16,4.285677059169522
2,17,6.111866022229995
2,18,8.115803394755536
2,19,9.923438527758732
2,20,12.985536104185115
2,21,12.231847275455387
2,22,14.883620782328725
2,23,14.848638349376255
2,24,16.988505292689698
2,25,14.36202747818372
2,26,11.642160827300835
2,27,14.74038601708098
2,28,15.674407187896453
2,29,12.568396567423898
2,30,13.372647998992226
2,31,16.929105557995673
2,32,16.23405874513613
2,33,14.716138025507513
2,34,16.48006856964441
2,35,19.659929162753013
2,36,20.10852290778463
2,37,21.323060741982676
2,38,19.962936160671195
2,39,23.243653519270598
2,40,22.60035355843549
2,41,19.207635377223497
2,42,19.058067273276986
2,43,15.950485170666205
2,44,16.680043091218888
2,45,15.16297711548191
2,46,17.52723528895078
2,47,20.261188005500678
2,48,20.148441840671897
2,49,19.820647439715255
2,50,17.663974972229518
2,51,20.23231028734652
2,52,19.773161838579075
2,53,20.229661667099126
2,54,18.189196076825233
2,55,15.095118444978716
2,56,12.146164471552137
2,57,13.873756239612469
2,58,16.982310853521945
2,59,15.587966295579324
2,60,14.116957808464953
2,61,10.55997222839597
2,62,9.14735031666569
2,63,5.795444502712068
2,64,5.540143625524889
2,65,8.00173250056076
2,66,9.461519845999348
2,67,11.19428863755928
2,68,14.399598873664665
2,69,16.03513508217147
2,70,19.831907039657303
2,71,21.95351199847473
2,72,24.905333182651955
2,73,27.74832096519945
3,1,6.475048488178002
3,2,3.8046498437963208
3,4,3.7960862089968606
3,5,6.897929504618606
3,6,10.094394198888613
3,7,13.585251156264686
3,8,17.043400810626185
3,9,18.318620789674945
3,10,15.958035920410317
3,11,13.814664752486316
3,12,10.162343565176709
3,13,8.391347034879677
3,14,6.005126619780742
3,15,5.413125375803478
3,16,6.397933816587778
3,17,7.1179994999236955
3,18,9.18523502910202
3,19,10.017186312087356
3,20,13.051967701435911
3,21,11.92561734306636
3,22,13.741276084801521
3,23,12.88633241927991
3,24,15.382226136256197
3,25,13.472389501654028
3,26,10.186981769081873
3,27,12.852653018771129
3,28,14.631000606100937
3,29,11.956802213432548
3,30,11.902250986684736
3,31,15.677005285011225
3,32,15.846034812946783
3,33,14.368073335965965
3,34,15.305393965461603
3,35,18.424826006851966
3,36,18.215966335324183
3,37,19.461836079792437
3,38,17.85971988544692
3,39,20.815704492324006
3,40,19.913612502680916
3,41,16.357767249898654
3,42,15.79251404838234
3,43,12.521438990633191
3,44,12.974256713349865
3,45,11.531185303231165
3,46,13.997800413385722
3,47,16.566818463872117
3,48,16.618831751552513
3,49,16.33482512673432
3,50,14.527129515826761
3,51,17.449796763793685
3,52,17.455571640223024
3,53,18.436526179382323
3,54,16.392463377651183
3,55,13.789591511296454
3,56,10.513067509568973
3,57,12.737002797336407
3,58,15.251829745712868
3,59,13.226408698925066
3,60,12.306364411463157
3,61,8.51453424294681
3,62,8.12174687813992
3,63,5.799033125406529
3,64,4.457710859596602
3,65,5.179514687611732
3,66,5.935390349429487
3,67,7.393926328077145
3,68,10.690350012294333
3,69,12.613991234738371
3,70,16.41965221257276
3,71,18.838886614538243
3,72,21.800235206793147
3,73,24.7691864154797
4,1,10.131013580555175
4,2,6.854308303787126
4,3,3.7960862089968606
4,5,3.8060139518342324
4,6,6.45553853175301
4,7,10.07875120270542
4,8,13.487239224769747
4,9,14.57786411191086
4,10,12.165177798927466
4,11,10.106374790333078
4,12,6.509476689985022
4,13,5.4534384379353815
4,14,4.651391692909868
4,15,6.059711617062314
4,16,8.73079912470591
4,17,10.018131221231709
4,18,12.610815497787677
4,19,13.427777601809352
4,20,16.17975294790717
4,21,14.524797991312617
4,22,15.656152061982697
4,23,13.932234505116021
4,24,16.142133352911376
4,25,14.718930225166579
4,26,11.016304010913244
4,27,12.674374671001285
4,28,14.780350686751365
4,29,12.147487684643638
4,30,10.912869061304718
4,31,14.669761462141786
4,32,15.308631826552702
4,33,13.288475765893885
4,34,13.394080416803348
4,35,16.70790272460187
4,36,16.29980906528733
4,37,18.114772939500586
4,38,16.93216547401814
4,39,19.626035156732755
4,40,18.081770745447077
4,41,14.694157849877634
4,42,14.241979745949871
4,43,11.282591365604755
4,44,11.642359925939742
4,45,10.91136332982003
4,46,13.316761519935916
4,47,15.388461066697255
4,48,16.081043692453413
4,49,15.652700481095785
4,50,14.550894379319173
4,51,17.80195925585696
4,52,18.063559504816478
4,53,19.750582422626508
4,54,18.095888197999436
4,55,16.094318081891604
4,56,12.903178631277266
4,57,15.51028378917784
4,58,17.4435307594783
4,59,14.90146999738056
4,60,14.550664559389705
4,61,10.82733370163457
4,62,10.948638623090396
4,63,9.005576097636338
4,64,6.326512938449954
4,65,6.249544926565299
4,66,4.437774970901754
4,67,5.739583510402287
4,68,8.143853456539738
4,69,10.038462049543828
4,70,13.761429901211303
4,71,16.278058005537538
4,72,19.566267714938295
4,73,22.27936208781663
5,1,13.153958179145892
5,2,10.164984940797556
5,3,6.897929504618606
5,4,3.8060139518342324
5,6,3.8071540143138547
5,7,6.790477220141451
5,8,10.417623756872867
5,9,11.850808059723972
5,10,10.220082554219898
5,11,8.366806835169283
5,12,5.74636010257738
5,13,4.976684139071363
5,14,6.540993648191826
5,15,7.619336536863454
5,16,10.980307671602628
5,17,11.706744224075324
5,18,14.43476963061886
5,19,15.077690193751035
5,20,17.239741749134343
5,21,15.014097649710882
5,22,15.252733223675635
5,23,12.730457707402355
5,24,14.601772274721885
5,25,13.908726095004152
5,26,10.109051338642935
5,27,10.650038497441534
5,28,13.241904315483607
5,29,11.25280600413123
5,30,9.028351876142706
5,31,12.549011720458807
5,32,14.030864089265854
5,33,12.250213510638147
5,34,11.399186246095333
5,35,14.368549819936696
5,36,13.3322486248006
5,37,15.21306975187481
5,38,14.087193297904637
5,39,16.42995513081479
5,40,14.560372877996127
5,41,11.253117219239728
5,42,10.872063439234918
5,43,8.365991355065667
5,44,9.171522394518634
5,45,9.647912644151422
5,46,12.450058324384635
5,47,13.626108224445463
5,48,14.330643683557014
5,49,13.326081843926895
5,50,12.631377058617224
5,51,15.885003518958321
5,52,16.23144557808413
5,53,18.531173147251423
5,54,17.415514929657935
5,55,16.15749816369819
5,56,13.383489247436188
5,57,16.492696834464166
5,58,17.708172571583493
5,59,15.033230488599255
5,60,15.62000958695504
5,61,12.192105938144655
5,62,13.344109446812045
5,63,12.150022769163645
5,64,9.798566075380371
5,65,8.545682511026023
5,66,5.599730409534247
5,67,4.380944805791134
5,68,5.138830662892115
5,69,6.307970035392596
5,70,10.005202933928372
5,71,12.48326358392272
5,72,15.814745556627777
5,73,18.501075223732503
6,1,16.505742266017574
6,2,13.259865117003148
6,3,10.094394198888613
6,4,6.45553853175301
6,5,3.8071540143138547
6,7,3.8005042810525795
6,8,7.04468768677097
6,9,8.385985779085258
6,10,6.580628000366795
6,11,5.646018515801247
6,12,4.301324364110889
6,13,6.033466528801986
6,14,8.78141563635949
6,15,10.879635817558754
6,16,14.38231319161767
6,17,15.45132598538253
6,18,18.19088775915346
6,19,18.687404607138806
6,20,20.927419774887806
6,21,18.732467669220284
6,22,18.70134705430233
6,23,15.859234800846655
6,24,17.56902889797146
6,25,17.27732779601633
6,26,13.53941036132544
6,27,13.378957080249204
6,28,16.034766244347257
6,29,14.243633195575562
6,30,11.37048634194778
6,31,14.398413048450466
6,32,16.184079465342023
6,33,13.99704687535448
6,34,12.290584847955241
6,35,15.21104337593083
6,36,13.932807431678633
6,37,16.362548527130173
6,38,15.72172628449542
6,39,17.487708597787258
6,40,14.898721162607245
6,41,12.075261509786266
6,42,11.586121881784061
6,43,9.738825652231766
6,44,9.81964840727404
6,45,10.75811398487946
6,46,12.808594594485024
6,47,13.446652105473795
6,48,15.019244966994929
6,49,14.268206740510092
6,50,14.536730218633876
6,51,17.94449586990892
6,52,18.711582996027484
6,53,21.399642541783823
6,54,20.409979655591496
6,55,19.501805004362332
6,56,16.69955062322923
6,57,19.670283593344024
6,58,20.57092140542422
6,59,17.53817529281203
6,60,18.208203376173902
6,61,14.983370183942691
6,62,16.03589575629015
6,63,14.935696061035452
6,64,12.013048436814092
6,65,10.688487473679665
6,66,7.0125677983017765
6,67,6.191455087839805
6,68,4.861556512350667
6,69,6.045814580670614
6,70,8.90392629576297
6,71,11.63021172765544
6,72,15.26105117614657
6,73,17.517251583316966
7,1,19.921875153719377
7,2,16.77110594600706
7,3,13.585251156264686
7,4,10.07875120270542
7,5,6.790477220141451
7,6,3.8005042810525795
7,8,3.8035178661407407
7,9,5.609133086746625
7,10,5.653106693955465
7,11,5.795074606331024
7,12,6.794365809846827
7,13,8.50350707322056
7,14,11.87258771483425
7,15,13.712089336642308
7,16,17.386657933210994
7,17,18.2315643958902
7,18,21.023625367628544
7,19,21.471269650444164
7,20,23.304951127376683
7,21,20.79587423027807
7,22,20.165889528523756
7,23,16.89219946983913
7,24,18.114723238850278
7,25,18.432988082899296
7,26,14.951716135302185
7,27,13.80409517949312
7,28,16.530069058919622
7,29,15.387213413133441
7,30,11.954437927384646
7,31,14.205457553718752
7,32,16.59888460918653
7,33,14.662545342455857
7,34,12.061284962937584
7,35,14.323333060209084
7,36,12.453778226175636
7,37,15.028552558374246
7,38,14.762369458444104
7,39,15.845298384503577
7,40,12.72490415918618
7,41,10.571393344213604
7,42,10.317686370856093
7,43,9.69495475820978
7,44,10.025526445041212
7,45,12.078674394424537
7,46,14.035834802663198
7,47,13.624276085951943
7,48,15.291122647437827
7,49,14.08148588661812
7,50,14.952589269868904
7,51,18.091339685686506
7,52,18.92561544105847
7,53,22.059311202399073
7,54,21.594205902549614
7,55,21.295338486293794
7,56,18.904121662938213
7,57,22.073879176539585
7,58,22.462786412254346
7,59,19.45208162084124
7,60,20.70557081701736
7,61,17.775150518381306
7,62,19.299658487997718
7,63,18.504649666749405
7,64,15.74022198728421
7,65,14.091684368167162
7,66,10.387322774927505
7,67,8.650682889616116
7,68,5.661276093292594
7,69,4.945803641321491
7,70,6.224950731353105
7,71,8.678832460099027
7,72,12.387608816240135
7,73,14.250268690703118
8,1,23.467529753633457
8,2,20.295138412868344
8,3,17.043400810626185
8,4,13.487239224769747
8,5,10.417623756872867
8,6,7.04468768677097
8,7,3.8035178661407407
8,9,3.8117227366653976
8,10,5.36633768485019
8,11,7.537997729404474
8,12,9.613188822856632
8,13,11.99062874112151
8,14,15.412158697497336
8,15,17.47198744710936
8,16,21.135378358411636
8,17,21.975726549178408
8,18,24.658911357623833
8,19,24.87321714918407
8,20,26.7186190012728
8,21,24.289596893775755
8,22,23.408376262633137
8,23,19.9746083595026
8,24,21.162983027492803
8,25,21.854952635604487
8,26,18.491947777234817
8,27,17.043800748603744
8,28,19.839442997706104
8,29,18.97982236713888
8,30,15.420125795388607
8,31,17.24748020376987
8,32,19.845765779434277
8,33,17.91916560544684
8,34,14.94600020845415
8,35,16.800941853794004
8,36,14.665244996920638
8,37,17.259102021580095
8,38,17.200632893802446
8,39,17.57283191751959
8,40,14.106389851702335
8,41,12.63357193891641
8,42,12.07792408630947
8,43,12.060284787683255
8,44,11.719432844240135
8,45,13.939644882476573
8,46,15.140626052374559
8,47,14.08339263644048
8,48,16.318305078501766
8,49,15.403664327139904
8,50,17.054728989876654
8,51,20.13151335558695
8,52,21.361878309400247
8,53,24.70725533612007
8,54,24.31943768416067
8,55,24.349043722786167
8,56,21.99018614638147
8,57,25.012147242301687
8,58,25.06625534517798
8,59,21.86283292716319
8,60,23.24600299037655
8,61,20.59710051788595
8,62,22.1730172316799
8,63,21.617926937902546
8,64,18.710556699769597
8,65,16.873429001996506
8,66,13.100208076728393
8,67,11.533040318760534
8,68,8.150072518041325
8,69,7.576605422187018
8,70,7.02058239666251
8,71,9.252605440250637
8,72,12.595421421754706
8,73,13.854853865856139
9,1,24.5913100234293
9,2,21.13498619552246
9,3,18.318620789674945
9,4,14.57786411191086
9,5,11.850808059723972
9,6,8.385985779085258
9,7,5.609133086746625
9,8,3.8117227366653976
9,10,3.8155050260357957
9,11,5.946202187184884
9,12,9.226301998276911
9,13,11.821898714888556
9,14,15.466830359605323
9,15,17.975089315219616
9,16,21.731342060655212
9,17,23.127044942847228
9,18,26.168086772289413
9,19,26.86136164163973
9,20,28.769630813992098
9,21,26.16863279561242
9,22,25.578414177042376
9,23,22.26581323752328
9,24,23.10497909158324
9,25,23.40322225114355
9,26,20.034310067645848
9,27,18.54536724170693
9,28,20.804964335635717
9,29,19.588215337634555
9,30,15.940321419748646
9,31,17.46553280628271
9,32,19.65544095715913
9,33,17.260140248889854
9,34,14.159536814427739
9,35,16.13575288603694
9,36,14.658723974563479
9,37,17.828554818156455
9,38,18.522671926379875
9,39,19.137736262545676
9,40,15.518567864101696
9,41,14.537646801582975
9,42,14.824717078713459
9,43,14.983685523237757
9,44,15.131789439566916
9,45,17.227047515360034
9,46,18.567400607736563
9,47,17.797999638351865
9,48,19.988163383329287
9,49,18.924699372594567
9,50,20.24089624562357
9,51,23.233590796263336
9,52,24.058049544863884
9,53,27.35007212417442
9,54,27.102212729272612
9,55,26.883922952539034
9,56,24.493526853294192
9,57,27.6242867035382
9,58,28.021086468887514
9,59,24.915457376190005
9,60,26.058942599912626
9,61,23.10941732147386
9,62,24.312646011222963
9,63,23.220379185775357
9,64,20.047434666387243
9,65,18.855846463386403
9,66,15.072841069241974
9,67,14.018073972139454
9,68,11.055235059981662
9,69,10.15481079901923
9,70,9.79204531223371
9,71,11.008212726837339
9,72,14.448582679641651
9,73,14.949894979277758
10,1,22.1826793952769
10,2,18.60361298550858
10,3,15.958035920410317
10,4,12.165177798927466
10,5,10.220082554219898
10,6,6.580628000366795
10,7,5.653106693955465
10,8,5.36633768485019
10,9,3.8155050260357957
10,11,3.817720573082373
10,12,6.538011072633203
10,13,9.898711416124296
10,14,13.162150953278438
10,15,16.13660861947456
10,16,19.72728598395763
10,17,21.441307630977366
10,18,24.432101793785396
10,19,25.144514349420735
10,20,27.453250375461856
10,21,25.15902500423005
10,22,25.064257317143586
10,23,22.051050406992275
10,24,23.322131874987466
10,25,23.150104874389964
10,26,19.529313858500185
10,27,18.7589682621256
10,28,21.02448651843137
10,29,19.229748506447272
10,30,15.905238648098717
10,31,18.09986342621444
10,32,19.8103959068687
10,33,17.030897221540034
10,34,14.56190840033099
10,35,17.261062979364542
10,36,16.24774695655939
10,37,19.443557224587096
10,38,19.821474775512453
10,39,21.002270838906224
10,40,17.658460015997715
10,41,15.968927518576121
10,42,15.951247941042775
10,43,15.186695175364196
10,44,14.96853313362268
10,45,16.274848035592704
10,46,17.433830112011577
10,47,17.42979168443448
10,48,19.8065473191864
10,49,19.22155232553198
10,50,20.26011457223465
10,51,23.57568909695476
10,52,24.463418771877958
10,53,27.461642815167963
10,54,26.739952805667656
10,55,26.037700018359416
10,56,23.26400073026373
10,57,26.157334785083478
10,58,26.95172497735346
10,59,23.74049948298235
10,60,24.35119471843651
10,61,21.224031984790088
10,62,21.92202296408339
10,63,20.561647221978305
10,64,17.14083676826054
10,65,16.342753189971525
10,66,12.649808348514954
10,67,12.49654684609495
10,68,10.324450310668063
10,69,10.57382016917414
10,70,11.459854384560147
10,71,13.413838463868712
10,72,17.083582054045948
10,73,18.12353913334992
11,1,19.71775782013401
11,2,16.05882284997626
11,3,13.814664752486316
11,4,10.106374790333078
11,5,8.366806835169283
11,6,5.646018515801247
11,7,5.795074606331024
11,8,7.537997729404474
11,9,5.946202187184884
11,10,3.817720573082373
11,12,3.7986360396528545
11,13,6.582471855714296
11,14,10.024285910060412
11,15,13.02951416125703
11,16,16.6666342132887
11,17,18.66195739301422
11,18,21.926735731700166
11,19,23.117985485391568
11,20,25.316152725511753
11,21,22.838258611122182
11,22,23.03607775379536
11,23,20.26115036868207
11,24,21.26461676716581
11,25,20.631334649100353
11,26,17.05827609053208
11,27,16.46829980459853
11,28,18.278533987626115
11,29,16.1236988652442
11,30,12.957875587047186
11,31,15.223006092131229
11,32,16.48769245812063
11,33,13.471814380179104
11,34,11.329634129539114
11,35,14.414762893862333
11,36,14.010701020361733
11,37,17.345943375316867
11,38,17.93262374956749
11,39,19.690278346603368
11,40,16.632495943140093
11,41,14.817194750177833
11,42,15.434596467631488
11,43,14.544771353210201
11,44,15.108752962265577
11,45,16.375589730627212
11,46,18.21416493173393
11,47,18.587728853815552
11,48,20.395117160205793
11,49,19.40230769826911
11,50,19.729919836632643
11,51,22.8878719231351
11,52,23.228106179440317
11,53,26.010526123340167
11,54,25.405491449889354
11,55,24.411789153741797
11,56,21.748227493808944
11,57,24.817548928731068
11,58,25.971446852670738
11,59,23.078366489475716
11,60,23.581174855805706
11,61,20.16708198959404
11,62,20.72442907061505
11,63,18.918404304818704
11,64,15.625045497867633
11,65,15.348174366629443
11,66,11.888032210760402
11,67,11.757520819996072
11,68,10.224123439271747
11,69,10.036580687848986
11,70,11.700533787246142
11,71,13.236109302016247
11,72,17.04020714475672
11,73,18.21826444594007
12,1,16.019277722721935
12,2,12.338221927084302
12,3,10.162343565176709
12,4,6.509476689985022
12,5,5.74636010257738
12,6,4.301324364110889
12,7,6.794365809846827
12,8,9.613188822856632
12,9,9.226301998276911
12,10,6.538011072633203
12,11,3.7986360396528545
12,13,3.8103120875581737
12,14,6.64454761200212
12,15,9.853641159588577
12,16,13.322782043440286
12,17,15.397782725056157
12,18,18.557291041934942
12,19,19.755477934152022
12,20,22.193058867015957
12,21,19.983594998241095
12,22,20.60365369317801
12,23,18.197188833523903
12,24,19.59418031894085
12,25,18.551358393403532
12,26,14.844886242696399
12,27,15.052348477994151
12,28,16.89864391819713
12,29,14.33264810574814
12,30,11.737476668519205
12,31,14.716892806113352
12,32,15.600254037353206
12,33,12.628077677000599
12,34,11.424284202038251
12,35,14.921488265019738
12,36,14.70661087068228
12,37,17.638478171110826
12,38,17.6544848768023
12,39,19.904339873580682
12,40,17.34737958480544
12,41,14.848321264645568
12,42,15.148163085574625
12,43,13.425645486417148
12,44,13.919308053615199
12,45,14.477743333466448
12,46,16.481011254165765
12,47,17.548577608533094
12,48,19.088033943743433
12,49,18.32789523730658
12,50,18.155101825632244
12,51,21.42765697601344
12,52,21.709824575721008
12,53,24.115870635411966
12,54,23.126695826108033
12,55,21.7092022037275
12,56,18.824694591099593
12,57,21.72065063722662
12,58,23.225127932159133
12,59,20.423948772171556
12,60,20.540845376705924
12,61,16.977133371705133
12,62,17.22378538398456
12,63,15.207753342279467
12,64,11.925614817480879
12,65,11.975537612659592
12,66,8.83406393840789
12,67,9.354773243073899
12,68,9.04259232997128
12,69,9.748017233362301
12,70,12.476307550669608
12,71,14.502074570923662
12,72,18.26700456839925
12,73,20.06544204828948
13,1,13.670146663950051
13,2,10.125895055063209
13,3,8.391347034879677
13,4,5.4534384379353815
13,5,4.976684139071363
13,6,6.033466528801986
13,7,8.50350707322056
13,8,11.99062874112151
13,9,11.821898714888556
13,10,9.898711416124296
13,11,6.582471855714296
13,12,3.8103120875581737
13,14,3.8090545498686934
13,15,6.465965180389131
13,16,10.12807824153723
13,17,12.255415762050614
13,18,15.697247071809532
13,19,17.380790865901584
13,20,19.51169622473089
13,21,17.04665093736299
13,22,17.87564509722358
13,23,15.765305434358508
13,24,16.844054748154534
13,25,15.359124427651544
13,26,11.790918998515094
13,27,12.276780697608846
13,28,13.643904097096181
13,29,10.757467268882221
13,30,8.57583443017876
13,31,11.765266147049624
13,32,12.206255475887355
13,33,9.333458655246783
13,34,8.906717049930846
13,35,12.5627485027961
13,36,12.806619302071171
13,37,15.444743320402461
13,38,15.41417752686756
13,39,18.188961903988147
13,40,16.17200892270042
13,41,13.55978583805301
13,42,14.386478713855796
13,43,12.645344381899426
13,44,13.996224829326536
13,45,14.6090451841537
13,46,17.277340189118537
13,47,18.47670256122178
13,48,19.283191501393194
13,49,18.053215139724998
13,50,17.129387073045407
13,51,20.049036396273138
13,52,19.734725023483062
13,53,21.85848966708152
13,54,21.06599150422173
13,55,19.453233805783828
13,56,16.868456256792456
13,57,19.974224982819745
13,58,21.7148167592096
13,59,19.39264978310992
13,60,19.580727199766564
13,61,15.898474410268896
13,62,16.251330300126376
13,63,14.002784194420535
13,64,11.333886163686486
13,65,11.69030744999425
13,66,9.23013175494359
13,67,9.263517014709628
13,68,9.667765764475813
13,69,9.746630210991821
13,70,12.888580830373678
13,71,14.432060546786087
13,72,17.98736728449105
13,73,19.979754911803212
14,1,10.263820144719553
14,2,6.643516080928378
14,3,6.005126619780742
14,4,4.651391692909868
14,5,6.540993648191826
14,6,8.78141563635949
14,7,11.87258771483425
14,8,15.412158697497336
14,9,15.466830359605323
14,10,13.162150953278438
14,11,10.024285910060412
14,12,6.64454761200212
14,13,3.8090545498686934
14,15,3.811957142475214
14,16,6.847418422880747
14,17,9.5664424300202
14,18,12.962932430947628
14,19,14.975360006978907
14,20,17.376064066107578
14,21,15.314403601445226
14,22,16.90163618447461
14,23,15.540831928092329
14,24,16.892172828214747
14,25,14.730084548954155
14,26,11.343422058242647
14,27,12.94296123623881
14,28,13.909397959143455
14,29,10.522952870347197
14,30,9.67402779432942
14,31,13.12257649807821
14,32,12.743533820638802
14,33,10.115324823172024
14,34,11.041690429689975
14,35,14.663788443775463
14,36,15.31940196294976
14,37,17.472823288328602
14,38,17.067805454725143
14,39,20.22056823895027
14,40,18.759994236945055
14,41,15.857796755190334
14,42,16.47848599444353
14,43,14.17491130649937
14,44,15.420554676303087
14,45,15.234991919459247
14,46,17.8911022389562
14,47,19.734328216214102
14,48,20.22929026519355
14,49,19.27023373419094
14,50,17.790717802155328
14,51,20.611933360042595
14,52,20.10103906674264
14,53,21.62293652924487
14,54,20.443435961176995
14,55,18.223416814155602
14,56,15.501572224586235
14,57,18.260915407994162
14,58,20.567644750117225
14,59,18.568490721391917
14,60,18.156470114436516
14,61,14.368306985936583
14,62,14.070866194574077
14,63,11.278173498748536
14,64,8.96555817744006
14,65,10.311207158222599
14,66,9.055731140152481
14,67,9.976440420847451
14,68,11.661168824153687
14,69,12.374091054276576
14,70,15.878303147468198
14,71,17.571976708089608
14,72,20.937469100568656
14,73,23.201966141938087
15,1,8.187975646436145
15,2,5.4908563101800025
15,3,5.413125375803478
15,4,6.059711617062314
15,5,7.619336536863454
15,6,10.879635817558754
15,7,13.712089336642308
15,8,17.47198744710936
15,9,17.975089315219616
15,10,16.13660861947456
15,11,13.02951416125703
15,12,9.853641159588577
15,13,6.465965180389131
15,14,3.811957142475214
15,16,3.8127068991240964
15,17,6.018612675673132
15,18,9.661840848320772
15,19,12.071144571227583
15,20,14.042446414490092
15,21,11.786825188197888
15,22,13.612853049385064
15,23,12.746709699000935
15,24,13.955741374508428
15,25,11.369674775364464
15,26,8.307792449338107
15,27,10.602221964668766
15,28,11.19332921723408
15,29,7.759321078549358
15,30,8.137519511094656
15,31,11.617746889438148
15,32,10.970806626481242
15,33,9.337177724724897
15,34,11.057161644919388
15,35,14.177940704242486
15,36,14.827911055997129
15,37,16.22362064451624
15,38,15.374565154887305
15,39,18.81367842414478
15,40,18.05946237698219
15,41,15.037473616501192
15,42,15.764505310989813
15,43,13.42165514863893
15,44,15.196239478030567
15,45,14.976360357807154
15,46,18.061977707854343
15,47,19.922254467361828
15,48,19.69096744669931
15,49,18.418602386138705
15,50,16.26936451344073
15,51,18.623909745037892
15,52,17.630092718625605
15,53,18.72142168442105
15,54,17.646731420955195
15,55,15.255285288455953
15,56,12.948703717644731
15,57,15.829400432912095
15,58,18.255365024057816
15,59,16.840395580307966
15,60,16.59381686772961
15,61,12.954397983024945
15,62,13.009322379637823
15,63,10.470686938884397
15,64,9.436192096047748
15,65,10.489515776012274
15,66,10.108897769617638
15,67,10.297259425251598
15,68,12.437771513850228
15,69,12.82048883920945
15,70,16.400790970222893
15,71,17.83481406413724
15,72,20.77972938928094
15,73,23.318185738207344
16,1,5.45137256426574
16,2,4.285677059169522
16,3,6.397933816587778
16,4,8.73079912470591
16,5,10.980307671602628
16,6,14.38231319161767
16,7,17.386657933210994
16,8,21.135378358411636
16,9,21.731342060655212
16,10,19.72728598395763
16,11,16.6666342132887
16,12,13.322782043440286
16,13,10.12807824153723
16,14,6.847418422880747
16,15,3.8127068991240964
16,17,3.8071732334071022
16,18,7.114722975708979
16,19,10.184688386018157
16,20,12.17492229306299
16,21,10.549621264463658
16,22,13.283920063800759
16,23,13.495749363759137
16,24,14.783020145158273
16,25,11.618844469841314
16,26,9.428605451563175
16,27,12.5281672531348
16,28,12.550238253085654
16,29,9.23995649261478
16,30,10.903529239521
16,31,14.026622454565686
16,32,12.74046382508572
16,33,11.697124693342001
16,34,14.137226398332242
16,35,16.96505796539587
16,36,17.869430616733556
16,37,18.7948350159005
16,38,17.69251488273059
16,39,21.270081863454617
16,40,21.026595259242903
16,41,17.9640127749058
16,42,18.550036535895636
16,43,15.997032017233158
16,44,17.652526248527668
16,45,16.879220199178445
16,46,19.838965448525
16,47,22.088944867428836
16,48,21.51147712385596
16,49,20.44508798093988
16,50,17.853636713072547
16,51,19.869922457034942
16,52,18.629253780816654
16,53,18.96337914816416
16,54,17.601212856485883
16,55,14.640438799458627
16,56,12.541208043006808
16,57,14.83073999325598
16,58,17.796764845286887
16,59,16.993028669471087
16,60,16.19840736447837
16,61,12.80490796467855
16,62,12.24965739550795
16,63,9.462650269256306
16,64,9.638455915735438
16,65,11.361668725110905
16,66,12.186457129766572
16,67,12.808879695856815
16,68,15.515034908393885
16,69,16.176224874911497
16,70,19.804190710488644
16,71,21.24942505040213
16,72,23.96829092588583
16,73,26.64365749795642
17,1,5.3875430726926785
17,2,6.111866022229995
17,3,7.1179994999236955
17,4,10.018131221231709
17,5,11.706744224075324
17,6,15.45132598538253
17,7,18.2315643958902
17,8,21.975726549178408
17,9,23.127044942847228
17,10,21.441307630977366
17,11,18.66195739301422
17,12,15.397782725056157
17,13,12.255415762050614
17,14,9.5664424300202
17,15,6.018612675673132
17,16,3.8071732334071022
17,18,3.8092923686448064
17,19,6.9373628517177055
17,20,8.458380068809753
17,21,6.788185563035612
17,22,9.759367234618422
17,23,10.564148650200412
17,24,12.109819939667716
17,25,8.976549918212022
17,26,7.372628772596057
17,27,11.02920950318458
17,28,11.271228250845445
17,29,8.836491712114878
17,30,11.05354971634958
17,31,14.031415640079324
17,32,13.236534858945674
17,33,13.19341192219829
17,34,15.427891273662164
17,35,17.71266965855832
17,36,18.08065180122054
17,37,18.271895559290634
17,38,16.49770724192306
17,39,19.960118624762522
17,40,20.26911371166882
17,41,17.062939956994356
17,42,17.31924677512887
17,43,14.688832403628115
17,44,16.444830224492044
17,45,15.562504922152433
17,46,18.681423701446757
17,47,20.859683556819395
17,48,19.68240974222984
17,49,18.52003856848383
17,50,15.503692232842345
17,51,17.088517293791835
17,52,15.691025502143786
17,53,15.57261497483245
17,54,14.10115403397155
17,55,11.017208523303475
17,56,9.331891393800525
17,57,11.656866234839008
17,58,14.54896618152675
17,59,14.277501246139932
17,60,13.777458221854712
17,61,10.814421302792455
17,62,10.973552713969376
17,63,9.213851804131073
17,64,10.493651531086085
17,65,11.242755754626959
17,66,12.554037340690856
17,67,12.49416787867902
17,68,15.38880429481754
17,69,16.009003817090914
17,70,19.54253184158687
17,71,20.99126120901103
17,72,23.272896617617416
17,73,26.255324226161985
18,1,5.536312386387328
18,2,8.115803394755536
18,3,9.18523502910202
18,4,12.610815497787677
18,5,14.43476963061886
18,6,18.19088775915346
18,7,21.023625367628544
18,8,24.658911357623833
18,9,26.168086772289413
18,10,24.432101793785396
18,11,21.926735731700166
18,12,18.557291041934942
18,13,15.697247071809532
18,14,12.962932430947628
18,15,9.661840848320772
18,16,7.114722975708979
18,17,3.8092923686448064
18,19,3.821485585611821
18,20,5.355216868658241
18,21,5.408483346172746
18,22,9.021745066770515
18,23,10.92566214305749
18,24,12.902913802043702
18,25,10.07288204762948
18,26,9.401615230435974
18,27,13.203778457392835
18,28,13.59403155933678
18,29,11.897729331179429
18,30,14.305634623768302
18,31,17.10566279324948
18,32,16.469158996232927
18,33,16.833270615664976
18,34,19.02197952806584
18,35,21.071133013095626
18,36,21.17141032234107
18,37,20.916498758556255
18,38,18.672005432104157
18,39,21.90986482367396
18,40,22.61128782098829
18,41,19.299341684972156
18,42,19.066347415705607
18,43,16.228329519816736
18,44,17.59855732453395
18,45,16.168251077496343
18,46,18.989378234895174
18,47,21.410463590632716
18,48,19.83323701910774
18,49,19.022939406229554
18,50,15.763900412709912
18,51,16.962372029031393
18,52,15.683133250184326
18,53,14.747948956648905
18,54,12.728066908761004
18,55,9.15384838211054
18,56,7.8309753507943745
18,57,9.123776851715176
18,58,12.388197970894476
18,59,12.876863217602216
18,60,11.971564756226169
18,61,9.797452332756468
18,62,9.850955190734023
18,63,8.981707657696438
18,64,11.499253107444105
18,65,11.985423853370206
18,66,14.166456752911369
18,67,14.203995020198786
18,68,17.420790182395447
18,69,18.391150801675934
18,70,21.860955207680817
18,71,23.494886789347103
18,72,25.481511736858636
18,73,28.6996095304116
19,1,7.3163350380230705
19,2,9.923438527758732
19,3,10.017186312087356
19,4,13.427777601809352
19,5,15.077690193751035
19,6,18.687404607138806
19,7,21.471269650444164
19,8,24.87321714918407
19,9,26.86136164163973
19,10,25.144514349420735
19,11,23.117985485391568
19,12,19.755477934152022
19,13,17.380790865901584
19,14,14.975360006978907
19,15,12.071144571227583
19,16,10.184688386018157
19,17,6.9373628517177055
19,18,3.821485585611821
19,20,3.8244454469923794
19,21,5.706145289303535
19,22,8.53883567513459
19,23,10.51300483158499
19,24,13.278534526341836
19,25,11.369998565112828
19,26,10.683546989267633
19,27,14.289805274452576
19,28,15.447076992265593
19,29,14.329501891403167
19,30,16.258026525606546
19,31,19.170034515903133
19,32,19.16036633737559
19,33,19.594068306548813
19,34,21.2918712072109
19,35,23.268462092305157
19,36,22.79978887441269
19,37,22.344793162124294
19,38,19.61914562507327
19,39,22.43895256147
19,40,23.19352629044203
19,41,19.688836469392854
19,42,18.738732983354137
19,43,15.627929998469117
19,44,16.38117469592009
19,45,14.42864128078421
19,46,16.866524992780604
19,47,19.428813535828784
19,48,17.608007349710388
19,49,17.28068099037714
19,50,14.088053466540059
19,51,15.250244323721928
19,52,14.605158959793274
19,53,13.408787805120816
19,54,10.612803347642108
19,55,6.854933111236502
19,56,5.167418858234351
19,57,5.409446835358347
19,58,8.917754200569858
19,59,9.66419111474673
19,60,8.530952508992073
19,61,7.183118730044193
19,62,7.768216160157271
19,63,8.436848066191473
19,64,11.511881059715012
19,65,11.107925694607763
19,66,13.76242742093166
19,67,13.70050478851081
19,68,17.075529755329875
19,69,18.48898710490464
19,70,21.83701654763238
19,71,23.826157141731905
19,72,25.60313612125692
19,73,29.072685039865743
20,1,10.427842439423289
20,2,12.985536104185115
20,3,13.051967701435911
20,4,16.17975294790717
20,5,17.239741749134343
20,6,20.927419774887806
20,7,23.304951127376683
20,8,26.7186190012728
20,9,28.769630813992098
20,10,27.453250375461856
20,11,25.316152725511753
20,12,22.193058867015957
20,13,19.51169622473089
20,14,17.376064066107578
20,15,14.042446414490092
20,16,12.17492229306299
20,17,8.458380068809753
20,18,5.355216868658241
20,19,3.8244454469923794
20,21,3.8151661947826896
20,22,6.421803942866561
20,23,9.510350857632588
20,24,11.655148701099945
20,25,9.924032219597336
20,26,10.554909959073111
20,27,13.898392029762173
20,28,14.594849820881967
20,29,14.271711433857334
20,30,16.669057046134434
20,31,18.99360224685915
20,32,18.993937332443593
20,33,20.15717503108275
20,34,21.95478241463354
20,35,23.366212792761228
20,36,22.84176411458481
20,37,21.770277051607497
20,38,18.85936136146076
20,39,21.567903880181944
20,40,22.93836057695055
20,41,19.72530991828535
20,42,19.01316691703805
20,43,16.411206458246546
20,44,17.683204289194922
20,45,16.261380221413482
20,46,18.952365920923466
20,47,21.027034931149327
20,48,18.63877484234326
20,49,17.79558931023957
20,50,14.22514644149413
20,51,14.417360937515715
20,52,13.087712352408467
20,53,11.106634233886568
20,54,8.801214189812757
20,55,5.222569862056693
20,56,5.987099714311925
20,57,6.338946189064733
20,58,8.845756711233692
20,59,10.774610470198851
20,60,10.650603305334476
20,61,10.092661352374513
20,62,11.38800685764254
20,63,12.232879461375324
20,64,15.137957248423277
20,65,14.483194437507063
20,66,16.736389906676674
20,67,15.985122296091975
20,68,18.95627340535607
20,69,19.776774761972167
20,70,22.809204407491166
20,71,24.347690902101014
20,72,25.644737047464186
20,73,29.1000393288169
21,1,10.5906964303808
21,2,12.231847275455387
21,3,11.92561734306636
21,4,14.524797991312617
21,5,15.014097649710882
21,6,18.732467669220284
21,7,20.79587423027807
21,8,24.289596893775755
21,9,26.16863279561242
21,10,25.15902500423005
21,11,22.838258611122182
21,12,19.983594998241095
21,13,17.04665093736299
21,14,15.314403601445226
21,15,11.786825188197888
21,16,10.549621264463658
21,17,6.788185563035612
21,18,5.408483346172746
21,19,5.706145289303535
21,20,3.8151661947826896
21,22,3.7876146901715826
21,23,6.621702165502443
21,24,8.267627609775289
21,25,6.144835506317874
21,26,6.980748303592825
21,27,10.258518964407546
21,28,10.781087482086566
21,29,10.667579271435512
21,30,13.13201027455713
21,31,15.24853646767774
21,32,15.365920211669268
21,33,16.766291247970187
21,34,18.47315703347847
21,35,19.668047582922185
21,36,19.16155275575066
21,37,18.02497328870093
21,38,15.232296745920987
21,39,18.129732675137987
21,40,19.52718120072356
21,41,16.465659754352572
21,42,16.24298841177367
21,43,14.016624907197825
21,44,15.972675694012477
21,45,15.301675865549738
21,46,18.51662827412335
21,47,20.156562291156344
21,48,17.83191750078825
21,49,16.314346222067567
21,50,12.641042835349278
21,51,12.839768279856626
21,52,10.909301063981047
21,53,9.597149343295579
21,54,8.27672561704639
21,55,5.391200444254894
21,56,6.196244538693229
21,57,8.466459912677134
21,58,10.329170232803422
21,59,11.531618876801968
21,60,12.225044545175882
21,61,10.831886322227298
21,62,12.600656540029203
21,63,12.869482397909199
21,64,14.99847034053503
21,65,14.231485433218017
21,66,15.694371728088411
21,67,14.385301004491138
21,68,16.924908071446975
21,69,17.14522797426506
21,70,20.072220761477464
21,71,21.24525043529094
21,72,22.527854197592525
21,73,25.843369801874353
22,1,13.80612654005438
22,2,14.883620782328725
22,3,13.741276084801521
22,4,15.656152061982697
22,5,15.252733223675635
22,6,18.70134705430233
22,7,20.165889528523756
22,8,23.408376262633137
22,9,25.578414177042376
22,10,25.064257317143586
22,11,23.03607775379536
22,12,20.60365369317801
22,13,17.87564509722358
22,14,16.90163618447461
22,15,13.612853049385064
22,16,13.283920063800759
22,17,9.759367234618422
22,18,9.021745066770515
22,19,8.53883567513459
22,20,6.421803942866561
22,21,3.7876146901715826
22,23,3.7928734228939143
22,24,5.427385784428687
22,25,5.173997962143408
22,26,6.656557885656435
22,27,8.79229861085353
22,28,9.894918069845582
22,29,10.997175921822777
22,30,12.891131650806852
22,31,14.545161182618294
22,32,15.475242981930673
22,33,17.30076005910394
22,34,18.379677910535683
22,35,19.03665023212939
22,36,17.907690243262383
22,37,16.245278048576616
22,38,12.999929653682836
22,39,15.40124678560852
22,40,17.16996840060622
22,41,14.29239987289593
22,42,13.885135737693256
22,43,12.178524663176244
22,44,14.389364741724176
22,45,14.326249516190009
22,46,17.65838104937331
22,47,18.649956584310875
22,48,15.911361803745045
22,49,13.910048305295456
22,50,10.128469541578626
22,51,9.564215072780698
22,52,7.236440767884922
22,53,5.953576807619993
22,54,5.466885953034319
22,55,4.3631598819545365
22,56,6.484072941362504
22,57,9.216441778200352
22,58,9.630327126593453
22,59,10.876672164573925
22,60,12.723006510373043
22,61,11.79975602557304
22,62,14.44310184089994
22,63,15.264305156016928
22,64,17.00651208350411
22,65,15.484202373225777
22,66,16.379269595749907
22,67,14.257913645641889
22,68,16.16644568915973
22,69,15.929221732164105
22,70,18.338919218946238
22,71,19.2642728237314
22,72,20.022387916821135
22,73,23.41620101633291
23,1,14.706643527222921
23,2,14.848638349376255
23,3,12.88633241927991
23,4,13.932234505116021
23,5,12.730457707402355
23,6,15.859234800846655
23,7,16.89219946983913
23,8,19.9746083595026
23,9,22.26581323752328
23,10,22.051050406992275
23,11,20.26115036868207
23,12,18.197188833523903
23,13,15.765305434358508
23,14,15.540831928092329
23,15,12.746709699000935
23,16,13.495749363759137
23,17,10.564148650200412
23,18,10.92566214305749
23,19,10.51300483158499
23,20,9.510350857632588
23,21,6.621702165502443
23,22,3.7928734228939143
23,24,3.801109532561381
23,25,5.174700010480936
23,26,5.1196392257548355
23,27,6.115972964856495
23,28,8.470792635889163
23,29,9.855060385343407
23,30,10.675855229999602
23,31,12.41268189263744
23,32,14.150342584050287
23,33,15.742380753993247
23,34,16.0966604875496
23,35,16.706819807227966
23,36,15.045357910223142
23,37,13.537954057442803
23,38,10.099166795229745
23,39,12.3069595496199
23,40,13.71088818268014
23,41,10.656440034378262
23,42,10.093838344316556
23,43,8.577807386076495
23,44,11.166745812823299
23,45,11.826143021364416
23,46,15.403237865923288
23,47,15.900596174896036
23,48,13.340590041334062
23,49,10.853822975456223
23,50,7.235595225845497
23,51,7.209720084604598
23,52,5.152887814716689
23,53,6.136874033894031
23,54,6.218983685358361
23,55,6.382181081644903
23,56,7.156455126708452
23,57,10.634764245778781
23,58,10.491298950800442
23,59,10.53959440629373
23,60,12.9830055396145
23,61,11.632332268645166
23,62,14.686079020349347
23,63,15.458052033322963
23,64,16.413209976993734
23,65,14.412789132681093
23,66,14.483100765998534
23,67,11.736913969556936
23,68,13.019654799316058
23,69,12.420054855188702
23,70,14.614135225361876
23,71,15.545476037071458
23,72,16.33674797251086
23,73,19.80245017425546
24,1,16.9663912584262
24,2,16.988505292689698
24,3,15.382226136256197
24,4,16.142133352911376
24,5,14.601772274721885
24,6,17.56902889797146
24,7,18.114723238850278
24,8,21.162983027492803
