1,2,3.815704939280408
1,3,6.476076729560908
1,4,10.152917094670265
1,5,13.19696406947111
1,6,16.590509473273322
1,7,19.947909092335987
1,8,23.54846418159113
1,9,24.176385421750723
1,10,21.620177924916977
1,11,19.562636130349503
1,12,15.930152869815652
1,13,13.796632664381503
1,14,10.43603906746874
1,15,8.221351127106807
1,16,5.53170702677057
1,17,5.408616099639927
1,18,5.722951079634356
1,19,7.3396675107416804
1,20,10.55723871076866
1,21,10.561296925058375
1,22,13.747287359478955
1,23,14.484614923153755
1,24,16.848472099887083
1,25,14.129822248101563
1,26,12.34888230359919
1,27,15.926481480467055
1,28,16.624244709857646
1,29,13.888842745691644
1,30,15.515664438106118
1,31,18.876642181646375
1,32,18.083522327844904
1,33,17.27579908454286
1,34,19.361019035578177
1,35,22.247820397443228
1,36,22.57762373132484
1,37,23.26244914089096
1,38,21.39881847528809
1,39,24.541638915124064
1,40,24.42641188716182
1,41,20.997519268649928
1,42,20.966885580126124
1,43,17.652919939208157
1,44,18.256456702464224
1,45,16.243182375750624
1,46,18.386902721941123
1,47,21.32885983117224
1,48,20.699368783522416
1,49,20.552403564566973
1,50,18.14353385947771
1,51,19.819149043786
1,52,18.937308915697912
1,53,19.947177774835282
1,54,17.333104126899883
1,55,13.650360077111648
1,56,10.771613105532037
1,57,11.413563485235835
1,58,15.018624908183778
1,59,14.491358966309704
1,60,12.567152907729133
1,61,9.440873171889267
1,62,7.059496397881849
1,63,5.291852926577066
1,64,7.6773288205539485
1,65,9.07949876259314
1,66,11.946276604889563
1,67,13.502591295673643
1,68,17.07886276789598
1,69,18.617296237052418
1,70,22.3611717017701
1,71,24.534595874849735
1,72,27.043764457142515
2,1,3.815704939280408
2,3,3.8059180461235815
2,4,6.888664288304837
2,5,10.232162181766078
2,6,13.403767261266479
2,7,16.855302785018146
2,8,20.449778820462345
2,9,20.761752096499386
2,10,18.100199418134398
2,11,15.948427048386593
2,12,12.259794192451894
2,13,10.307289306077234
2,14,6.84749621119825
2,15,5.555376864465296
2,16,4.441394978817913
2,17,6.299294651363464
2,18,8.39717756745656
2,19,10.102310741313055
2,20,13.180611148617832
2,21,12.289452365833748
2,22,14.944853985723018
2,23,14.742954085383015
2,24,17.0356449225083
2,25,14.46782349008698
2,26,11.871856625202586
2,27,14.958187453892076
2,28,15.895192725159946
2,29,12.766542241091692
2,30,13.611499137991931
2,31,17.196775510119263
2,32,16.525040212588966
2,33,15.030491595747225
2,34,16.79967107849774
2,35,20.02933061814625
2,36,20.420365568224987
2,37,21.659914296949214
2,38,20.201084449480913
2,39,23.32861300746506
2,40,22.663659442183615
2,41,19.267694664563255
2,42,19.42501329692145
2,43,16.166183380882135
2,44,16.797255528365866
2,45,15.102550735661113
2,46,17.318262196654878
2,47,20.088518274134273
2,48,20.01478062343824
2,49,19.72004581651004
2,50,17.726531178340306
2,51,19.84140253712964
2,52,19.23884424294193
2,53,20.894760696491893
2,54,18.555880180535745
2,55,15.171908911554121
2,56,12.040061554521971
2,57,13.457814065092178
2,58,16.683558433668093
2,59,15.37474900381665
2,60,13.812125170510223
2,61,10.203460466176374
2,62,8.213089278456527
2,63,5.513952714255736
2,64,5.694935527616949
2,65,7.544782203727919
2,66,9.58688900760714
2,67,11.41172721056293
2,68,14.712075553540126
2,69,16.21426900951355
2,70,19.995640596438758
2,71,22.2460555104713
2,72,25.10016499001032
3,1,6.476076729560908
3,2,3.8059180461235815
3,4,3.802714182247408
3,5,6.919342937148424
3,6,10.151600928658729
3,7,13.600176498941796
3,8,17.129065892773127
3,9,17.871903238402094
3,10,15.318281114243602
3,11,13.579634918547518
3,12,10.043973876418084
3,13,8.454551030573944
3,14,6.068483529396141
3,15,5.373915459956358
3,16,6.397148895970694
3,17,7.307440699931002
3,18,9.515121537059395
3,19,10.3336822771053
3,20,13.266610500464832
3,21,11.999445606640617
3,22,13.804584536015053
3,23,12.77094957826492
3,24,15.408977042875865
3,25,13.54785932969287
3,26,10.353726828518884
3,27,13.007547935757906
3,28,14.76743435007287
3,29,12.051566021807648
3,30,12.039375676369529
3,31,15.817398745735911
3,32,15.9842334530087
3,33,14.473386699182242
3,34,15.425063156102874
3,35,18.623372253636834
3,36,18.384691333555825
3,37,19.677193578152394
3,38,18.025654338394247
3,39,20.810868119368898
3,40,19.898279407445564
3,41,16.333475829496376
3,42,16.108425826946192
3,43,12.713964365734215
3,44,13.099259598092528
3,45,11.494406356552878
3,46,13.839051592377528
3,47,16.426261888543372
3,48,16.5290107609517
3,49,16.23249453275526
3,50,14.587167642704546
3,51,17.099781663040325
3,52,17.026639029402897
3,53,18.971520627825516
3,54,16.702718501706833
3,55,13.754977313269928
3,56,10.42154481684861
3,57,12.401366606554403
3,58,15.039041927689555
3,59,13.074949227987702
3,60,12.079923093110894
3,61,8.305922470877082
3,62,7.502615811307396
3,63,5.873077843394815
3,64,4.748767346793866
3,65,4.753276871400632
3,66,6.019070722915565
3,67,7.610845761087049
3,68,10.969241399554212
3,69,12.737368380118223
3,70,16.542896428244017
3,71,19.06312950043089
3,72,21.913203510496192
4,1,10.152917094670265
4,2,6.888664288304837
4,3,3.802714182247408
4,5,3.808060113210503
4,6,6.541094063377375
4,7,10.118639287880555
4,8,13.61051317590599
4,9,14.136117792020983
4,10,11.523362377856406
4,11,9.862655168302927
4,12,6.395287649627067
4,13,5.532322444068402
4,14,4.659128087266937
4,15,6.0511590919820035
4,16,8.766044131061676
4,17,10.25733810367924
4,18,12.95120869767779
4,19,13.777526751240067
4,20,16.402353471344494
4,21,14.632961387912134
4,22,15.780267206043176
4,23,13.900053719858438
4,24,16.28570507364186
4,25,14.8799714462475
4,26,11.227634660762163
4,27,12.883735888286798
4,28,14.9707182904597
4,29,12.304881171272623
4,30,11.126908802730274
4,31,14.88851096160938
4,32,15.481193373929665
4,33,13.388189805331429
4,34,13.542279976714322
4,35,16.944280774841005
4,36,16.528828326190446
4,37,18.396657651669475
4,38,17.192779771565778
4,39,19.7258552896352
4,40,18.161227139075002
4,41,14.728402640916068
4,42,14.617255611691467
4,43,11.491490986617984
4,44,11.831672442546807
4,45,10.89833676203766
4,46,13.206595780914235
4,47,15.299518176686313
4,48,16.068029942738985
4,49,15.573714873973758
4,50,14.597189330799052
4,51,17.461321391509085
4,52,17.769831368185333
4,53,20.25130405148609
4,54,18.387181224685833
4,55,15.974506841771921
4,56,12.818700036309275
4,57,15.21973811561891
4,58,17.291524536795645
4,59,14.783285660600495
4,60,14.337190445170993
4,61,10.734905702342836
4,62,10.573033234555847
4,63,9.007801820812732
4,64,6.411048573669627
4,65,5.9315310794322444
4,66,4.606515492967204
4,67,6.015236796099529
4,68,8.494989790213536
4,69,10.201760102145828
4,70,13.931823445101186
4,71,16.582158639186034
4,72,19.771860561309246
5,1,13.19696406947111
5,2,10.232162181766078
5,3,6.919342937148424
5,4,3.808060113210503
5,6,3.807040408583557
5,7,6.758307418567276
5,8,10.416551517754097
5,9,11.335273190764584
5,10,9.45604243344341
5,11,7.952751689459874
5,12,5.640858371812226
5,13,4.8891732192366195
5,14,6.464376712341653
5,15,7.658327003700329
5,16,11.012821171649074
5,17,11.989956707942927
5,18,14.800453751721715
5,19,15.48140357632132
5,20,17.488409997869446
5,21,15.187065548631342
5,22,15.464693479826892
5,23,12.814055733704262
5,24,14.871198424134153
5,25,14.166214257492323
5,26,10.359032533406625
5,27,10.914851625731858
5,28,13.481903714424947
5,29,11.446653107637395
5,30,9.266829486448788
5,31,12.778799873871906
5,32,14.185806236977836
5,33,12.253338475351137
5,34,11.434497292946723
5,35,14.546936555472557
5,36,13.537534902287502
5,37,15.5091168008002
5,38,14.415019172464223
5,39,16.594403780051078
5,40,14.68569530932744
5,41,11.328980752250065
5,42,11.295633294333562
5,43,8.587005152470002
5,44,9.382304769759116
5,45,9.635331875135137
5,46,12.374848881074893
5,47,13.565405653240202
5,48,14.388389607867348
5,49,13.289198153269812
5,50,12.663998828747683
5,51,15.545635411438075
5,52,16.09321856226471
5,53,19.026204890812494
5,54,17.72317916015848
5,55,15.979370988507643
5,56,13.334439134084588
5,57,16.29834016450166
5,58,17.66758370173913
5,59,14.99259187092445
5,60,15.483608896094912
5,61,12.16300617775405
5,62,13.061315716856713
5,63,12.290598612250852
5,64,9.903489890129975
5,65,8.31938413723623
5,66,5.547548876356614
5,67,4.504094706114339
5,68,5.492502320539719
5,69,6.485202833487488
5,70,10.170406723890679
5,71,12.797179461912387
5,72,16.0495454836731
6,1,16.590509473273322
6,2,13.403767261266479
6,3,10.151600928658729
6,4,6.541094063377375
6,5,3.807040408583557
6,7,3.8051750063632475
6,8,7.0818802106132654
6,9,7.957821434497583
6,10,5.873008409481664
6,11,5.500802968645024
6,12,4.615581897566664
6,13,6.255854320056195
6,14,8.911592327655665
6,15,11.047491820441158
6,16,14.53849777311961
6,17,15.769801199356364
6,18,18.551752841931773
6,19,19.035564931212406
6,20,21.100424836874236
6,21,18.850179097805505
6,22,18.821745157824022
6,23,15.854713021915769
6,24,17.79513434186284
6,25,17.51943825912489
6,26,13.749837625084602
6,27,13.610086986784571
6,28,16.30321851576308
6,29,14.524456182418314
6,30,11.712739881211315
6,31,14.749209790254973
6,32,16.477797918470056
6,33,14.17939053387289
6,34,12.51834282708679
6,35,15.535074034949655
6,36,14.239911959941772
6,37,16.704540858713152
6,38,16.061250340833734
6,39,17.64843344301091
6,40,15.053596458711866
6,41,12.100618363774094
6,42,11.83419433494407
6,43,9.737015155440462
6,44,9.82867079396092
6,45,10.536245604187906
6,46,12.540916437156092
6,47,13.175771846153737
6,48,14.874159487819796
6,49,13.992237529965683
6,50,14.348130168334405
6,51,17.49098646713103
6,52,18.562615236776104
6,53,21.628052050611903
6,54,20.48606307942958
6,55,19.142677892064576
6,56,16.523987522682933
6,57,19.35249806276725
6,58,20.368657803047512
6,59,17.308087969758173
6,60,17.899319923156476
6,61,14.909250350704829
6,62,15.851709753890237
6,63,14.999529550917897
6,64,12.030981908970688
6,65,10.507774682358738
6,66,6.948216901649017
6,67,6.150491855440904
6,68,4.974732244222161
6,69,6.094604037890618
6,70,9.004687682461135
6,71,11.9542385849975
6,72,15.47091705902754
7,1,19.947909092335987
7,2,16.855302785018146
7,3,13.600176498941796
7,4,10.118639287880555
7,5,6.758307418567276
7,6,3.8051750063632475
7,8,3.7908047516640013
7,9,5.24595405706097
7,10,5.165419887239685
7,11,5.58980603383147
7,12,7.038032769879813
7,13,8.490014785084592
7,14,11.844292263995094
7,15,13.758724145766644
7,16,17.41467680721774
7,17,18.4484649545873
7,18,21.294188006806074
7,19,21.778784901283363
7,20,23.404780216698114
7,21,20.83939383588179
7,22,20.235185992009956
7,23,16.872879349454852
7,24,18.298350804087477
7,25,18.582817128915536
7,26,15.025816870151251
7,27,13.89472799295967
7,28,16.64080317715699
7,29,15.497099461367958
7,30,12.102853622925611
7,31,14.366164062896294
7,32,16.66957209032253
7,33,14.573027272353771
7,34,12.003435891509522
7,35,14.399896875455068
7,36,12.566421405307437
7,37,15.20670248106257
7,38,14.99916451150068
7,39,15.961501366028042
7,40,12.841845157252434
7,41,10.535318336395937
7,42,10.502103672719839
7,43,9.620461637979714
7,44,10.084496147194749
7,45,11.961768306711118
7,46,13.960566057750574
7,47,13.540322166584847
7,48,15.303752544512248
7,49,13.886592783237054
7,50,14.729004801877684
7,51,17.610230994952648
7,52,18.835843585813954
7,53,22.178563521771483
7,54,21.613001698983133
7,55,20.844356868895108
7,56,18.71705752004396
7,57,21.805359271671882
7,58,22.336449586908827
7,59,19.307144521305922
7,60,20.488557607425683
7,61,17.753371624930253
7,62,19.165864417522403
7,63,18.621103285702556
7,64,15.789893104252629
7,65,13.991611018696636
7,66,10.337231515619484
7,67,8.560942714041325
7,68,5.710682876148517
7,69,4.916387578481767
7,70,6.298770093599987
7,71,8.977091333043127
7,72,12.604530268454084
8,1,23.54846418159113
8,2,20.449778820462345
8,3,17.129065892773127
8,4,13.61051317590599
8,5,10.416551517754097
8,6,7.0818802106132654
8,7,3.7908047516640013
8,9,3.812575900484646
8,10,5.414199868483547
8,11,7.594547023775596
8,12,9.995142969908004
8,13,12.035371859523146
8,14,15.451842853166779
8,15,17.534622712306614
8,16,21.189325332567797
8,17,22.18212568786472
8,18,24.922955961554944
8,19,25.181912769982656
8,20,26.766443686462324
8,21,24.26430621212603
8,22,23.36495023118708
8,23,19.84151628549208
8,24,21.187206106889107
8,25,21.87450424691595
8,26,18.44760566929116
8,27,16.961355573616576
8,28,19.78135185528376
8,29,18.974662824315594
8,30,15.430000965299062
8,31,17.22255385557826
8,32,19.767889523302163
8,33,17.720192217312654
8,34,14.740214817380416
8,35,16.660928961401762
8,36,14.51915341818131
8,37,17.16063510515422
8,38,17.193688979567945
8,39,17.426034438280926
8,40,13.971851722234224
8,41,12.352801120120295
8,42,11.957320409516074
8,43,11.815288830027587
8,44,11.693295352041664
8,45,13.840204717011323
8,46,15.1539844079114
8,47,14.034612905437656
8,48,16.307433142374474
8,49,15.090927859332735
8,50,16.702914239232346
8,51,19.583829098350215
8,52,21.22821442960227
8,53,24.54393806910787
8,54,24.154515640636927
8,55,23.781948126001964
8,56,21.771898669250778
8,57,24.75024658972693
8,58,24.916409364426787
8,59,21.707645683731744
8,60,23.062192513000426
8,61,20.66901704269766
8,62,22.239088930279756
8,63,21.83082457695369
8,64,18.855419986979005
8,65,16.948853737753204
8,66,13.165517408563131
8,67,11.47215105509968
8,68,8.079076927965435
8,69,7.363671525438631
8,70,6.835824635545989
8,71,9.236114970429247
8,72,12.51161123568633
9,1,24.176385421750723
9,2,20.761752096499386
9,3,17.871903238402094
9,4,14.136117792020983
9,5,11.335273190764584
9,6,7.957821434497583
9,7,5.24595405706097
9,8,3.812575900484646
9,10,3.8070525203177477
9,11,5.583576738008394
9,12,9.00118692588441
9,13,11.360520165873838
9,14,14.962964823049592
9,15,17.558984252469056
9,16,21.32797116704268
9,17,22.90720414291105
9,18,26.002309610688222
9,19,26.742149802242295
9,20,28.463984865286083
9,21,25.805587002245694
9,22,25.287598784231967
9,23,21.914646271176284
9,24,22.999031009193203
9,25,23.202228867906026
9,26,19.727234018795528
9,27,18.29261872151981
9,28,20.582573126906468
9,29,19.33361247629191
9,30,15.736977706252258
9,31,17.373733927806974
9,32,19.418373035423187
9,33,16.845686415167524
9,34,13.86535033907479
9,35,16.0188390663314
9,36,14.623248566370844
9,37,17.844206169219344
9,38,18.557339183833353
9,39,19.192841139233423
9,40,15.59715841223875
9,41,14.331348252382242
9,42,14.759998335538684
9,43,14.600240215625952
9,44,14.92641099022522
9,45,16.8206688909335
9,46,18.258090608408253
9,47,17.559778405073228
9,48,19.810193643242357
9,49,18.521434313102155
9,50,19.730996434239024
9,51,22.49559350297902
9,52,23.708462122998537
9,53,27.16512715274277
9,54,26.78941222947866
9,55,26.067036831999424
9,56,23.91883717913989
9,57,26.958964153091163
9,58,27.541381952715994
9,59,24.423621930099625
9,60,25.456150438889345
9,61,22.705675147843742
9,62,23.79165758114329
9,63,22.801663751307863
9,64,19.578884958068837
9,65,18.34958092112866
9,66,14.6891574616007
9,67,13.580913468631653
9,68,10.742036843795036
9,69,9.809946244087667
9,70,9.670265796514355
9,71,11.234464317478775
9,72,14.73637325544186
10,1,21.620177924916977
10,2,18.100199418134398
10,3,15.318281114243602
10,4,11.523362377856406
10,5,9.45604243344341
10,6,5.873008409481664
10,7,5.165419887239685
10,8,5.414199868483547
10,9,3.8070525203177477
10,11,3.806941543813979
10,12,6.302222770810869
10,13,9.51645903800969
10,14,12.664973503335524
10,15,15.648423002832779
10,16,19.271101283903274
10,17,21.085937951367782
10,18,24.09952358307684
10,19,24.782576277124083
10,20,26.92124780073421
10,21,24.57729982865864
10,22,24.511253843025376
10,23,21.405052033032177
10,24,22.969109708798584
10,25,22.769419966161458
10,26,19.075617486139684
10,27,18.37720434085653
10,28,20.731537033849385
10,29,18.94528973311232
10,30,15.706061606064077
10,31,18.048847477359242
10,32,19.679100021880807
10,33,16.821556515321213
10,34,14.51129522677782
10,35,17.33762755247787
10,36,16.29294729668713
10,37,19.449730623565458
10,38,19.731099562902024
10,39,20.857541315508765
10,40,17.56592743371496
10,41,15.567292007969945
10,42,15.650400318851595
10,43,14.538536866528023
10,44,14.407159854526933
10,45,15.469750308198018
10,46,16.669992689766605
10,47,16.72797997580886
10,48,19.164727248360318
10,49,18.402587188895588
10,50,19.434244106309603
10,51,22.53344903498029
10,52,23.76040599626617
10,53,27.00707815608494
10,54,26.118144848849276
10,55,24.96636524068782
10,56,22.385011646723722
10,57,25.135929429593382
10,58,26.068081968248006
10,59,22.8407824158583
10,60,23.35464425311854
10,61,20.500218471159595
10,62,21.146574249407937
10,63,19.85190817000408
10,64,16.41503112035494
10,65,15.550770578265606
10,66,12.021678632956323
10,67,11.800278819149124
10,68,9.733442445568816
10,69,10.018962735639219
10,70,11.15755259136515
10,71,13.49965010677476
10,72,17.138884709645584
11,1,19.562636130349503
11,2,15.948427048386593
11,3,13.579634918547518
11,4,9.862655168302927
11,5,7.952751689459874
11,6,5.500802968645024
11,7,5.58980603383147
11,8,7.594547023775596
11,9,5.583576738008394
11,10,3.806941543813979
11,12,3.8086957395271708
11,13,6.368445173666344
11,14,9.775732791870952
11,15,12.81048306212496
11,16,16.512939104994505
11,17,18.63200288868323
11,18,21.945363586440596
11,19,23.146373409993632
11,20,25.16335528894207
11,21,22.58149677689276
11,22,22.807306949337534
11,23,19.91205837797985
11,24,21.15106920701352
11,25,20.48828286489439
11,26,16.86453090607525
11,27,16.26850810326057
11,28,18.122442263387214
11,29,15.993837175892153
11,30,12.874792305687167
11,31,15.230458921103727
11,32,16.404318346982294
11,33,13.300414980648949
11,34,11.29253897663244
11,35,14.455715498764109
11,36,14.047803990760835
11,37,17.379037447064594
11,38,17.93005203077707
11,39,19.631407265803258
11,40,16.553537844227755
11,41,14.552182933742902
11,42,15.39542691830588
11,43,14.219924879779317
11,44,14.928997990041804
11,45,16.01551015650804
11,46,17.903402950256027
11,47,18.284653197056276
11,48,20.141423941066773
11,49,18.94457249562912
11,50,19.242485447163
11,51,22.031692259871562
11,52,22.658015338741084
11,53,26.00843528013209
11,54,25.225402814505845
11,55,23.765594352868924
11,56,21.276847563325443
11,57,24.225281385528334
11,58,25.519763136477327
11,59,22.637463996716402
11,60,23.073788802667487
11,61,19.8407452365341
11,62,20.25187799301706
11,63,18.65028662449931
11,64,15.40490848346442
11,65,14.953647705728365
11,66,11.787350045314845
11,67,11.524319055594782
11,68,10.133298518632136
11,69,9.772457284348873
11,70,11.513595705960366
11,71,13.33622655766325
11,72,17.13018955142369
12,1,15.930152869815652
12,2,12.259794192451894
12,3,10.043973876418084
12,4,6.395287649627067
12,5,5.640858371812226
12,6,4.615581897566664
12,7,7.038032769879813
12,8,9.995142969908004
12,9,9.00118692588441
12,10,6.302222770810869
12,11,3.8086957395271708
12,13,3.81465348668491
12,14,6.430215031655987
12,15,9.72690056989456
12,16,13.248110476904447
12,17,15.516701153318728
12,18,18.747639230289376
12,19,19.97801275620494
12,20,22.286929531167324
12,21,19.979749775293502
12,22,20.67406830325513
12,23,18.165248287331902
12,24,19.788733589642376
12,25,18.68653762253495
12,26,14.971914474290463
12,27,15.220821218681927
12,28,17.04973941130865
12,29,14.4492890244235
12,30,11.962112685432423
12,31,15.008268288448322
12,32,15.746484118831907
12,33,12.671092628965162
12,34,11.6535690595778
12,35,15.232743535767549
12,36,15.068061008398836
12,37,18.01680909618975
12,38,18.01104027098348
12,39,20.188994395311433
12,40,17.619007753586764
12,41,14.993004237537134
12,42,15.584468003514974
12,43,13.582613296337458
12,44,14.15947544774348
12,45,14.469580328552514
12,46,16.45004316994957
12,47,17.569876623558443
12,48,19.174583989726372
12,49,18.277727765970567
12,50,18.114282568688584
12,51,20.99904581409401
12,52,21.45788442878433
12,53,24.541603295946654
12,54,23.33065444094107
12,55,21.428538610570993
12,56,18.639533992865605
12,57,21.35827654744495
12,58,23.040688971216518
12,59,20.267693648337747
12,60,20.260000092757146
12,61,16.85213227063368
12,62,16.85138565684677
12,63,14.9873560442221
12,64,11.754468015379938
12,65,11.693487396295355
12,66,8.996442182870604
12,67,9.527080560582492
12,68,9.439478441192977
12,69,9.979703714077331
12,70,12.757768965042237
12,71,15.002245802846716
12,72,18.71373146130109
13,1,13.796632664381503
13,2,10.307289306077234
13,3,8.454551030573944
13,4,5.532322444068402
13,5,4.8891732192366195
13,6,6.255854320056195
13,7,8.490014785084592
13,8,12.035371859523146
13,9,11.360520165873838
13,10,9.51645903800969
13,11,6.368445173666344
13,12,3.81465348668491
13,14,3.8104685729389165
13,15,6.477454625970247
13,16,10.204097641347463
13,17,12.475002444387354
13,18,15.970059496491357
13,19,17.667308934664565
13,20,19.64314281747369
13,21,17.042359420265992
13,22,17.900767542261292
13,23,15.635777410163861
13,24,16.908413850607698
13,25,15.413501213852626
13,26,11.845301939815752
13,27,12.284241414069703
13,28,13.657298445366086
13,29,10.78988877808101
13,30,8.643486670172914
13,31,11.870351632326614
13,32,12.237325384879231
13,33,9.293322650209152
13,34,8.970943983341478
13,35,12.678926565845083
13,36,12.922206405079175
13,37,15.58692183542763
13,38,15.52614827056488
13,39,18.21033357581325
13,40,16.12787122975525
13,41,13.45860666806511
13,42,14.615100278360462
13,43,12.632519369414073
13,44,14.062060921135316
13,45,14.515665695491991
13,46,17.17517802533536
13,47,18.361570710127317
13,48,19.230846210062857
13,49,17.85988326992237
13,50,16.938868873252968
13,51,19.354634824433372
13,52,19.199921944606395
13,53,22.30329846694135
13,54,21.27379614553646
13,55,19.189704070231464
13,56,16.69255852393338
13,57,19.660858514139004
13,58,21.53753045905667
13,59,19.247182313590898
13,60,19.38521867376956
13,61,15.759560910956447
13,62,15.818487994743954
13,63,14.045882890799659
13,64,11.511388432885573
13,65,11.454534076236232
13,66,9.42469923030931
13,67,9.358209694821337
13,68,9.937257761282
13,69,9.766889763186718
13,70,12.860403653665552
13,71,14.594321054524208
13,72,18.120008881667523
14,1,10.43603906746874
14,2,6.84749621119825
14,3,6.068483529396141
14,4,4.659128087266937
14,5,6.464376712341653
14,6,8.911592327655665
14,7,11.844292263995094
14,8,15.451842853166779
14,9,14.962964823049592
14,10,12.664973503335524
14,11,9.775732791870952
14,12,6.430215031655987
14,13,3.8104685729389165
14,15,3.807114986863929
14,16,6.99064423294665
14,17,9.83850093576398
14,18,13.29993921378131
14,19,15.298118019723187
14,20,17.60328485437806
14,21,15.387824703022154
14,22,17.00229380814258
14,23,15.463440551636971
14,24,16.999596816515503
14,25,14.848759718941615
14,26,11.504311207598343
14,27,13.052156843451344
14,28,14.021313743873241
14,29,10.635783486644849
14,30,9.811643144043195
14,31,13.301429749141239
14,32,12.881187361666933
14,33,10.224989607336001
14,34,11.217074910269748
14,35,14.879161983661422
14,36,15.512538702892227
14,37,17.7026981347788
14,38,17.244292838788542
14,39,20.29057803786458
14,40,18.75700109245606
14,41,15.827049504144902
14,42,16.781480916086366
14,43,14.265119044221196
14,44,15.521253963032107
14,45,15.170957993332596
14,46,17.76492899254137
14,47,19.60863330665267
14,48,20.17463661850073
14,49,19.134203092813944
14,50,17.721837142979922
14,51,20.02991261366697
14,52,19.56442624280634
14,53,22.252620753239867
14,54,20.79500344825961
14,55,18.14958806164253
14,56,15.406811147860886
14,57,17.979031154351635
14,58,20.415602719294004
14,59,18.45681448244741
14,60,17.984437035444355
14,61,14.20524235873186
14,62,13.523742784313331
14,63,11.247436543796105
14,64,9.136567403141685
14,65,9.99250766003046
14,66,9.261148172975409
14,67,10.136550750384204
14,68,11.950520049339989
14,69,12.444586904487386
14,70,15.902188362461635
14,71,17.768494705388218
14,72,21.096414811605335
15,1,8.221351127106807
15,2,5.555376864465296
15,3,5.373915459956358
15,4,6.0511590919820035
15,5,7.658327003700329
15,6,11.047491820441158
15,7,13.758724145766644
15,8,17.534622712306614
15,9,17.558984252469056
15,10,15.648423002832779
15,11,12.81048306212496
15,12,9.72690056989456
15,13,6.477454625970247
15,14,3.807114986863929
15,16,3.8099970595962125
15,17,6.242767399435778
15,18,9.906907980708315
15,19,12.290494369331702
15,20,14.220891173871244
15,21,11.849786067544601
15,22,13.740101097857032
15,23,12.712073170987653
15,24,14.108114066254346
15,25,11.536001792103505
15,26,8.543157785364047
15,27,10.811072046158841
15,28,11.407457821820493
15,29,7.954453831107892
15,30,8.355546210152092
15,31,11.875103137682586
15,32,11.209376849735717
15,33,9.547578332413998
15,34,11.30019325886758
15,35,14.494560477205567
15,36,15.121321976878981
15,37,16.564024251613052
15,38,15.634685350116944
15,39,18.96487783946488
15,40,18.136397309432866
15,41,15.122937827784623
15,42,16.16186273291567
15,43,13.598693018256634
15,44,15.308081995558057
15,45,14.907571795286962
15,46,17.906197779177695
15,47,19.79424381491113
15,48,19.634152233799565
15,49,18.35194087433707
15,50,16.255762793681527
15,51,18.04670180598134
15,52,17.051325514364656
15,53,19.500952918616797
15,54,18.081820994751826
15,55,15.232665269496616
15,56,12.831528026764936
15,57,15.508208373800574
15,58,18.083890280942768
15,59,16.71701993104509
15,60,16.395072896379045
15,61,12.630083283980811
15,62,12.158818643713007
15,63,10.440176488754446
15,64,9.610871456327754
15,65,10.034489036636602
15,66,10.156481978311918
15,67,10.405094280658068
15,68,12.748288849918843
15,69,12.984645535380434
15,70,16.50838770000701
15,71,18.10209975623262
15,72,21.013487173111884
16,1,5.53170702677057
16,2,4.441394978817913
16,3,6.397148895970694
16,4,8.766044131061676
16,5,11.012821171649074
16,6,14.53849777311961
16,7,17.41467680721774
16,8,21.189325332567797
16,9,21.32797116704268
16,10,19.271101283903274
16,11,16.512939104994505
16,12,13.248110476904447
16,13,10.204097641347463
16,14,6.99064423294665
16,15,3.8099970595962125
16,17,3.806798992839725
16,18,7.194593688758161
16,19,10.21247015017806
16,20,12.210540829088853
16,21,10.414425040998216
16,22,13.192214469372002
16,23,13.242721603304547
16,24,14.662976922406134
16,25,11.528408598725605
16,26,9.458744971428121
16,27,12.543929167254054
16,28,12.567827411138339
16,29,9.240739746256878
16,30,10.94890331942532
16,31,14.114660227081814
16,32,12.86966690798482
16,33,11.893201687039875
16,34,14.329216220788336
16,35,17.192297820157542
16,36,18.036822637566274
16,37,18.970432217250185
16,38,17.741747023646877
16,39,21.214297481605808
16,40,20.93147599087896
16,41,17.90328283051938
16,42,18.796996572854475
16,43,16.071109595319694
16,44,17.65738782429435
16,45,16.74470832277348
16,46,19.614395389500785
16,47,21.87425844719099
16,48,21.320837488032073
16,49,20.265414112203942
16,50,17.740838776109424
16,51,19.164354695762327
16,52,17.77992618681701
16,53,19.634442557599254
16,54,17.917691444128547
16,55,14.598480454225152
16,56,12.317694564978236
16,57,14.389327087082751
16,58,17.467521761010097
16,59,16.759107203162507
16,60,15.937909391183851
16,61,12.351365851297743
16,62,11.22661341369901
16,63,9.455302342656953
16,64,9.940198455091288
16,65,10.92686583481023
16,66,12.250122026149624
16,67,12.887959006613265
16,68,15.76027945033574
16,69,16.26136684826915
16,70,19.826916635650818
16,71,21.391210507750106
16,72,24.044050004858757
17,1,5.408616099639927
17,2,6.299294651363464
17,3,7.307440699931002
17,4,10.25733810367924
17,5,11.989956707942927
17,6,15.769801199356364
17,7,18.4484649545873
17,8,22.18212568786472
17,9,22.90720414291105
17,10,21.085937951367782
17,11,18.63200288868323
17,12,15.516701153318728
17,13,12.475002444387354
17,14,9.83850093576398
17,15,6.242767399435778
17,16,3.806798992839725
17,18,3.812301912110339
17,19,6.929863727700251
17,20,8.461485724462563
17,21,6.683099295556147
17,22,9.736056316256214
17,23,10.443628022076705
17,24,12.059589075875175
17,25,8.960250475969458
17,26,7.567143385371285
17,27,11.221928258250209
17,28,11.42239211677849
17,29,8.955909411209694
17,30,11.238332775202164
17,31,14.20344688691761
17,32,13.441067724284208
17,33,13.445417831068085
17,34,15.675060152075533
17,35,18.016893612950103
17,36,18.352408356930095
17,37,18.555754775637254
17,38,16.666618590996926
17,39,20.004128316363307
17,40,20.311501731385682
17,41,17.1844172492012
17,42,17.739698972660236
17,43,14.983834539777304
17,44,16.61957050696145
17,45,15.610555244439807
17,46,18.61679223287314
17,47,20.812469112539613
17,48,19.644117696134675
17,49,18.546144690091868
17,50,15.595354811082569
17,51,16.573393634064978
17,52,14.958977882134851
17,53,16.36661189001133
17,54,14.538555838087735
17,55,11.097133865167121
17,56,9.21983523998233
17,57,11.29342950245119
17,58,14.307959216672565
17,59,14.178639545480975
17,60,13.650717684148566
17,61,10.417273312169495
17,62,9.963744799496082
17,63,9.504198648419617
17,64,10.982856814061003
17,65,10.991541558231392
17,66,12.68638664835659
17,67,12.72083634447457
17,68,15.79559279032799
17,69,16.302022077423892
17,70,19.769377848820167
17,71,21.288791960630792
17,72,23.478543140082536
18,1,5.722951079634356
18,2,8.39717756745656
18,3,9.515121537059395
18,4,12.95120869767779
18,5,14.800453751721715
18,6,18.551752841931773
18,7,21.294188006806074
18,8,24.922955961554944
18,9,26.002309610688222
18,10,24.09952358307684
18,11,21.945363586440596
18,12,18.747639230289376
18,13,15.970059496491357
18,14,13.29993921378131
18,15,9.906907980708315
18,16,7.194593688758161
18,17,3.812301912110339
18,19,3.827273722648188
18,20,5.383592583770756
18,21,5.323100846253582
18,22,8.960010496067312
18,23,10.812648533547009
18,24,12.744472116808344
18,25,9.971153214311727
18,26,9.567134701136043
18,27,13.372629021771427
18,28,13.684247397558588
18,29,11.958515360631115
18,30,14.44947518537215
18,31,17.19588819140315
18,32,16.602982017222928
18,33,17.04127299787203
18,34,19.216046029152654
18,35,21.30565181013886
18,36,21.376392920697782
18,37,21.11754506636112
18,38,18.76521245661489
18,39,21.859617912217967
18,40,22.60538259645124
18,41,19.407131718225926
18,42,19.48043554058233
18,43,16.597711774807223
18,44,17.845998830836976
18,45,16.35383711013442
18,46,19.052324687322134
18,47,21.46432211678521
18,48,19.866517622240476
18,49,19.142703914679107
18,50,15.991521503711548
18,51,16.632331010589766
18,52,14.999818574180887
18,53,15.505619692777106
18,54,13.205254681752734
18,55,9.467250313218708
18,56,7.920295093655187
18,57,8.920085801674553
18,58,12.2291378739853
18,59,12.925106552680699
18,60,12.057231534558001
18,61,9.57727740599355
18,62,9.064381488007687
18,63,9.603708685134432
18,64,12.18931745297776
18,65,11.988876927517259
18,66,14.397656539828564
18,67,14.535857473960654
18,68,17.876239004838
18,69,18.72890031402872
18,70,22.13719061607781
18,71,23.782224115148058
18,72,25.637104427888218
19,1,7.3396675107416804
19,2,10.102310741313055
19,3,10.3336822771053
19,4,13.777526751240067
19,5,15.48140357632132
19,6,19.035564931212406
19,7,21.778784901283363
19,8,25.181912769982656
19,9,26.742149802242295
19,10,24.782576277124083
19,11,23.146373409993632
19,12,19.97801275620494
19,13,17.667308934664565
19,14,15.298118019723187
19,15,12.290494369331702
19,16,10.21247015017806
19,17,6.929863727700251
19,18,3.827273722648188
19,20,3.826771010966972
19,21,5.7102494863059325
19,22,8.49908039116527
19,23,10.458095106864453
19,24,13.139857601390615
19,25,11.31606853086229
19,26,10.875685475732247
19,27,14.518285794341143
19,28,15.588731531993398
19,29,14.421346051291014
19,30,16.43690952509282
19,31,19.28133280974786
19,32,19.312018884214154
19,33,19.789894723527524
19,34,21.47152413653123
19,35,23.507983337365054
19,36,23.015427293643867
19,37,22.566017529000455
19,38,19.755639648616672
19,39,22.395215273802417
19,40,23.23041491867542
19,41,19.835719482203984
19,42,19.184010055055808
19,43,16.085346135229166
19,44,16.69469552193906
19,45,14.708825132527025
19,46,16.9978201324728
19,47,19.54998261489217
19,48,17.69785396892887
19,49,17.49237378764137
19,50,14.47200801263347
19,51,15.20954909117464
19,52,14.164524403738909
19,53,14.03290087842904
19,54,11.060239192678871
19,55,7.279138887283865
19,56,5.4298266091845635
19,57,5.250468731614723
19,58,8.774885991049073
19,59,9.795999197685392
19,60,8.719009931459007
19,61,7.079852537168655
19,62,7.197521952172152
19,63,9.197225827510715
19,64,12.192021727137169
19,65,11.247318822948873
19,66,13.965769214703888
19,67,14.073541326565596
19,68,17.540374836309677
19,69,18.87415355787262
19,70,22.195345036155555
19,71,24.162402170158444
19,72,25.77425444608448
20,1,10.55723871076866
20,2,13.180611148617832
20,3,13.266610500464832
20,4,16.402353471344494
20,5,17.488409997869446
20,6,21.100424836874236
20,7,23.404780216698114
20,8,26.766443686462324
20,9,28.463984865286083
20,10,26.92124780073421
20,11,25.16335528894207
20,12,22.286929531167324
20,13,19.64314281747369
20,14,17.60328485437806
20,15,14.220891173871244
20,16,12.210540829088853
20,17,8.461485724462563
20,18,5.383592583770756
20,19,3.826771010966972
20,21,3.8154613206424743
20,22,6.243239587535631
20,23,9.317001733540451
20,24,11.312035690174598
20,25,9.731806646744321
20,26,10.574146414555061
20,27,13.935203979868913
20,28,14.592048761148877
20,29,14.244167558502896
20,30,16.669584466493284
20,31,18.91491298117013
20,32,19.020426583732096
20,33,20.226772109253684
20,34,21.949115752113137
20,35,23.41655718158281
20,36,22.8396707525444
20,37,21.771713638948714
20,38,18.758588377862683
20,39,21.28144254188085
20,40,22.726385145658714
20,41,19.661612663076717
20,42,19.19542164933236
20,43,16.618229353149932
20,44,17.72674264055326
20,45,16.31179126127372
20,46,18.887393159255197
20,47,20.925455710446325
20,48,18.508450069529268
20,49,17.804767519733854
20,50,14.363359099479698
20,51,14.112443128361583
20,52,12.380230051702197
20,53,11.68121369860356
20,54,9.187423241149444
20,55,5.691722384066714
20,56,6.139580972555767
20,57,6.361315650568118
20,58,8.724710154259444
20,59,10.82873494624718
20,60,10.84072747444725
20,61,9.871604640399177
20,62,10.83393676812779
20,63,12.964862572519287
20,64,15.753065237607515
20,65,14.479964427407308
20,66,16.72476966061074
20,67,16.08951286727766
20,68,19.17297395396416
20,69,19.935236203280844
20,70,22.908515805863583
20,71,24.406758180314554
20,72,25.543716539763764
21,1,10.561296925058375
21,2,12.289452365833748
21,3,11.999445606640617
21,4,14.632961387912134
21,5,15.187065548631342
21,6,18.850179097805505
21,7,20.83939383588179
21,8,24.26430621212603
21,9,25.805587002245694
21,10,24.57729982865864
21,11,22.58149677689276
21,12,19.979749775293502
21,13,17.042359420265992
21,14,15.387824703022154
21,15,11.849786067544601
21,16,10.414425040998216
21,17,6.683099295556147
21,18,5.323100846253582
21,19,5.7102494863059325
21,20,3.8154613206424743
21,22,3.7892546170442953
21,23,6.521557314720702
21,24,8.044383722728364
21,25,5.985535348905373
21,26,6.970439083674433
21,27,10.300979535784228
21,28,10.77810496554508
21,29,10.576721258574423
21,30,13.068166491409404
21,31,15.135551100703301
21,32,15.327813706838807
21,33,16.72688519553862
21,34,18.380035448524897
21,35,19.67058132728105
21,36,19.145960304337457
21,37,18.054332173662868
21,38,15.181051658979307
21,39,17.94156833921579
21,40,19.360152280013175
21,41,16.44478384610628
21,42,16.484203480507354
21,43,14.21861305821355
21,44,16.013496033550858
21,45,15.310300150904524
21,46,18.432763336444705
21,47,20.064904671375707
21,48,17.762999017432577
21,49,16.370698937611145
21,50,12.760803918487674
21,51,12.4061915914676
21,52,10.169928870266846
21,53,10.517877993534997
21,54,8.884552348606922
21,55,5.689965425033679
21,56,6.239789536953639
21,57,8.411957948262831
21,58,10.310693189535005
21,59,11.597321193145119
21,60,12.32917153736641
21,61,10.49643914302235
21,62,11.825119382590568
21,63,13.405498143299038
21,64,15.462409855678482
21,65,14.041947247811292
21,66,15.571271444182349
21,67,14.38715540875595
21,68,17.108476393018194
21,69,17.281659895766964
21,70,20.14783993344668
21,71,21.30978123801306
21,72,22.49459098769993
22,1,13.747287359478955
22,2,14.944853985723018
22,3,13.804584536015053
22,4,15.780267206043176
22,5,15.464693479826892
22,6,18.821745157824022
22,7,20.235185992009956
22,8,23.36495023118708
22,9,25.287598784231967
22,10,24.511253843025376
22,11,22.807306949337534
22,12,20.67406830325513
22,13,17.900767542261292
22,14,17.00229380814258
22,15,13.740101097857032
22,16,13.192214469372002
22,17,9.736056316256214
22,18,8.960010496067312
22,19,8.49908039116527
22,20,6.243239587535631
22,21,3.7892546170442953
22,23,3.790650409814963
22,24,5.242626563497016
22,25,5.1505582667279395
22,26,6.66719247213202
22,27,8.906752556241582
22,28,10.000272623313343
22,29,11.008218663719168
22,30,12.898511473290572
22,31,14.494852131173952
22,32,15.518656170190985
22,33,17.301995795673264
22,34,18.303400112026164
22,35,19.08084895376415
22,36,17.927670907941224
22,37,16.320240147086043
22,38,13.002076201905465
22,39,15.23524289830336
22,40,17.046989394852062
22,41,14.326211806702444
22,42,14.105699598353793
22,43,12.362177075252376
22,44,14.36608569969791
22,45,14.269121905125639
22,46,17.518360592092687
22,47,18.507679082829487
22,48,15.788094347351208
22,49,13.95476820568578
22,50,10.177270331936494
22,51,9.04458035025542
22,52,6.494929917040185
22,53,6.863099555998194
22,54,5.958256170800025
22,55,4.162635138484835
22,56,6.3767849705051
22,57,9.104021979488234
22,58,9.557074105998435
22,59,10.85944496833929
22,60,12.735810475677871
22,61,11.430302218346501
22,62,13.743066127580123
22,63,15.790641605187693
22,64,17.42400508160107
22,65,15.287422987930984
22,66,16.158034052298447
22,67,14.163563620049583
22,68,16.28815685198942
22,69,16.07808664113288
22,70,18.43355294079738
22,71,19.336251970266613
22,72,19.991051555705813
23,1,14.484614923153755
23,2,14.742954085383015
23,3,12.77094957826492
23,4,13.900053719858438
23,5,12.814055733704262
23,6,15.854713021915769
23,7,16.872879349454852
23,8,19.84151628549208
23,9,21.914646271176284
23,10,21.405052033032177
23,11,19.91205837797985
23,12,18.165248287331902
23,13,15.635777410163861
23,14,15.463440551636971
23,15,12.712073170987653
23,16,13.242721603304547
23,17,10.443628022076705
23,18,10.812648533547009
23,19,10.458095106864453
23,20,9.317001733540451
23,21,6.521557314720702
23,22,3.790650409814963
23,24,3.799253083724362
23,25,5.181307237966171
23,26,4.972594600581838
23,27,6.20034514453403
23,28,8.549305103261181
23,29,9.779410524985826
23,30,10.598954859107963
23,31,12.316573571438957
23,32,14.110604827936164
23,33,15.597646931529225
23,34,15.89272560029823
23,35,16.67726966959333
23,36,15.02075230177054
23,37,13.62085685111523
23,38,10.163488684799594
23,39,12.209630462032813
23,40,13.625266422013517
23,41,10.688598864302737
23,42,10.330733284078011
23,43,8.700438509678534
23,44,11.0753579631331
23,45,11.66169410661592
23,46,15.196409694649462
23,47,15.720429045135639
23,48,13.218749044668485
23,49,10.881733439778053
23,50,7.182501619022752
23,51,6.54631104285668
23,52,4.5682615460328355
23,53,6.862787003864068
23,54,6.520953708296625
23,55,5.815716128584561
23,56,6.846797395636179
23,57,10.38922391035464
23,58,10.381797761216374
23,59,10.427721409461347
23,60,12.850452088870357
23,61,11.183161026168316
23,62,13.941686456875585
23,63,15.803548899913162
23,64,16.635398768482037
23,65,14.068889460729798
23,66,14.082138144262101
23,67,11.457644883800764
23,68,13.020618880700296
23,69,12.496289391842657
23,70,14.678043545089277
23,71,15.614975974434632
23,72,16.343638608544943
24,1,16.848472099887083
24,2,17.0356449225083
24,3,15.408977042875865
24,4,16.28570507364186
24,5,14.871198424134153
24,6,17.79513434186284
24,7,18.298350804087477
24,8,21.187206106889107
24,9,22.999031009193203
24,10,22.969109708798584
24,11,21.15106920701352
24,12,19.788733589642376
24,13,16.908413850607698
24,14,16.999596816515503
24,15,14.108114066254346
24,16,14.662976922406134
24,17,12.059589075875175
24,18,12.744472116808344
24,19,13.139857601390615
24,20,11.312035690174598
24,21,8.044383722728364
24,22,5.242626563497016
24,23,3.799253083724362
24,25,3.808598693462749
24,26,5.56833895494026
24,27,5.258727214603892
24,28,6.356092447276745
24,29,8.883139137792355
24,30,10.05900731426897
24,31,10.602209844781415
