1,2,3.8042904667131574
1,3,6.919524816261655
1,4,10.49887095652133
1,5,13.348381174782721
1,6,16.770238451069563
1,7,20.002656687281384
1,8,23.6124794366647
1,9,24.685050059545127
1,10,22.469480371146535
1,11,19.880755288113313
1,12,16.397013175142835
1,13,13.782066419351247
1,14,10.094684409663914
1,15,8.619148088759019
1,16,5.700052535673803
1,17,5.695756083412021
1,18,5.9306384078871
1,19,8.167025467089784
1,20,11.019798547032607
1,21,11.00495992661653
1,22,14.215601125537004
1,23,15.087692989645195
1,24,17.356451318613598
1,25,14.672650978834438
1,26,12.558949846301127
1,27,16.05391101044848
1,28,16.969300543757544
1,29,14.16499776100139
1,30,15.69516795482676
1,31,19.209902101411316
1,32,18.307956377573255
1,33,17.593395900253196
1,34,20.41294232102191
1,35,22.53968526461966
1,36,22.629439180458267
1,37,23.375202168588043
1,38,21.265283612867687
1,39,24.437434808649293
1,40,24.681291816370603
1,41,21.140822394076512
1,42,21.05663728501485
1,43,17.737418751684526
1,44,18.520156432606072
1,45,16.526103832539203
1,46,18.61795495434766
1,47,21.7743421186955
1,48,21.1137751190773
1,49,20.661157729725417
1,50,18.1530387668969
1,51,20.408140520470994
1,52,20.246710067647967
1,53,20.327521469305356
1,54,17.92439788153419
1,55,14.201817155211934
1,56,11.83615389397216
1,57,11.980608451044976
1,58,15.697940935789509
1,59,15.221596610976656
1,60,13.178437107928557
1,61,10.517479361540213
1,62,8.236871993089348
1,63,5.571194074658357
1,64,7.776543742759341
1,65,9.868416478174186
1,66,12.456742313837573
1,67,13.974649250521566
1,68,17.57023030829229
1,69,19.16387089294407
1,70,22.719487306934422
1,71,24.974688496770472
1,72,27.73949160119874
1,73,31.273511503819563
1,74,33.319691979082904
1,75,31.24233991966
1,76,32.91814699294399
2,1,3.8042904667131574
2,3,3.8029998165477177
2,4,6.954483751156345
2,5,9.847035375818093
2,6,13.183807175537563
2,7,16.418705012141302
2,8,20.04180331454205
2,9,20.952137163708148
2,10,18.698561169835656
2,11,16.08357085930655
2,12,12.597359922111975
2,13,10.030088574313577
2,14,6.338271115293827
2,15,5.437640913871338
2,16,3.9712451755572484
2,17,5.493478156842262
2,18,7.6719041773448335
2,19,9.946239144853605
2,20,12.778729869208705
2,21,11.70473557720829
2,22,14.323584539500615
2,23,14.260060055056003
2,24,16.42700778481089
2,25,13.927053477571105
2,26,11.071606648750391
2,27,14.073077882756868
2,28,15.29371995966089
2,29,12.231321494990022
2,30,12.997078521200551
2,31,16.643406015062354
2,32,15.946333509060782
2,33,14.66166872031208
2,34,17.24189455019532
2,35,19.688396737230754
2,36,19.763557259792115
2,37,20.96372214086273
2,38,19.180418509700914
2,39,22.375267845934435
2,40,22.148025041348703
2,41,18.571660943096024
2,42,18.634083437271087
2,43,15.382867999847363
2,44,16.261352444003823
2,45,14.687693683525286
2,46,17.04693128733612
2,47,19.968038211272667
2,48,19.62466796941752
2,49,19.00271264999611
2,50,16.91014101050457
2,51,19.499781523576726
2,52,19.36929248642587
2,53,20.16309317761574
2,54,18.125379128086973
2,55,14.67062434299721
2,56,11.944388725510885
2,57,13.13011167077968
2,58,16.513884629946872
2,59,15.363379524397294
2,60,13.913618792255022
2,61,10.535660855802542
2,62,8.799854619386744
2,63,5.7825116851512615
2,64,6.035623324237276
2,65,8.018978071102742
2,66,9.720587449028983
2,67,11.196145883443842
2,68,14.550420728043159
2,69,16.055395500413095
2,70,19.746249216987746
2,71,22.030255535457737
2,72,25.04597180286293
2,73,28.460071822533624
2,74,30.762000059823873
2,75,28.987897728717083
2,76,31.000910912139894
3,1,6.919524816261655
3,2,3.8029998165477177
3,4,3.7959620100482416
3,5,6.692464361804825
3,6,9.961082824973948
3,7,13.323036765622124
3,8,16.819836353846974
3,9,18.159917551544595
3,10,16.033544924280257
3,11,13.832948085140199
3,12,10.382115200505188
3,13,8.517455088481684
3,14,5.527986739848297
3,15,5.589956403517676
3,16,6.420853039541157
3,17,7.044584150838341
3,18,9.24953890752432
3,19,10.499276107629676
3,20,13.503679444592644
3,21,12.067461803241047
3,22,13.801119316629043
3,23,12.834574957332043
3,24,15.368085361591708
3,25,13.630006107503274
3,26,10.206522739518691
3,27,12.636842547226754
3,28,14.71019670975042
3,29,12.09208162024033
3,30,11.913886348663523
3,31,15.720031332684519
3,32,15.862646247429408
3,33,14.244135595284797
3,34,16.0825941299516
3,35,18.57929386661835
3,36,18.041554543600075
3,37,19.40465597209566
3,38,17.51535481701344
3,39,20.362831753974746
3,40,19.742682553336007
3,41,16.02331988825268
3,42,15.631030166158608
3,43,12.210866945472302
3,44,12.716418842477792
3,45,11.185060169200518
3,46,13.604001786925954
3,47,16.383961325955134
3,48,16.291967924666274
3,49,15.813000627524096
3,50,14.202376779806523
3,51,17.20267634810459
3,52,17.549146422080447
3,53,18.82566645993431
3,54,16.839403288003542
3,55,13.795018496309057
3,56,10.599373706892708
3,57,12.415960409246996
3,58,15.252206850117785
3,59,13.380574379399626
3,60,12.46120690484351
3,61,8.709108120225519
3,62,7.85889030127777
3,63,5.773742802702291
3,64,4.705117509736938
3,65,5.062660293369862
3,66,6.011234453601401
3,67,7.469902040275982
3,68,10.891083977093782
3,69,12.772277898334977
3,70,16.456581341987643
3,71,19.06682797939042
3,72,22.13612875832903
3,73,25.581381494618228
3,74,28.04592832136951
3,75,26.470494379819435
3,76,28.615242466976497
4,1,10.49887095652133
4,2,6.954483751156345
4,3,3.7959620100482416
4,5,3.804078656432156
4,6,6.415624487599673
4,7,9.974558076812315
4,8,13.374890181242929
4,9,14.567905492157347
4,10,12.281677784552596
4,11,10.32030346698718
4,12,6.843351637386387
4,13,5.936615617990923
4,14,4.350346129726441
4,15,6.346812298884705
4,16,8.821892632903072
4,17,10.102549831937605
4,18,12.773030159712583
4,19,13.959846818158134
4,20,16.76699384171562
4,21,14.861887513290966
4,22,15.973268252225926
4,23,14.192668358647811
4,24,16.45053506943896
4,25,15.143143990188483
4,26,11.392343532576916
4,27,12.784105149661551
4,28,15.147141681033128
4,29,12.603400587187767
4,30,11.261163906167608
4,31,14.897891565559108
4,32,15.417445049412974
4,33,13.084106179756741
4,34,14.249548642128802
4,35,17.124910946525873
4,36,16.47355748017143
4,37,18.445796610183407
4,38,17.05814274053751
4,39,19.704492603128053
4,40,18.398464327909053
4,41,14.761716545676148
4,42,14.41913136947065
4,43,11.27022519672779
4,44,11.604836605351155
4,45,10.746437504290228
4,46,13.136082651028472
4,47,15.448036597296978
4,48,15.94878713308548
4,49,15.445790909557358
4,50,14.635228430265075
4,51,17.886957610464673
4,52,18.373615732329103
4,53,20.30831205991238
4,54,18.732763528323993
4,55,16.17191602889891
4,56,12.978029804622494
4,57,15.299584121299523
4,58,17.629967272278627
4,59,15.243430614099031
4,60,14.854824498151457
4,61,11.056628209791434
4,62,10.69609455473915
4,63,8.87058369511047
4,64,6.3070513459187385
4,65,5.9624317801656765
4,66,4.499032934582087
4,67,5.9164235531105245
4,68,8.48791972410695
4,69,10.430007595145442
4,70,14.208664289840158
4,71,16.947782512708326
4,72,20.325691982214437
4,73,23.541447492166462
4,74,26.356764773392715
4,75,25.25030947236595
4,76,27.77793398561259
5,1,13.348381174782721
5,2,9.847035375818093
5,3,6.692464361804825
5,4,3.804078656432156
5,6,3.8055362418315037
5,7,6.67909157285762
5,8,10.296607544468538
5,9,11.720740366516672
5,10,10.22372549855847
5,11,8.20367133043452
5,12,5.772632475528591
5,13,5.248925498040118
5,14,5.998817151413007
5,15,7.23773704764986
5,16,10.55883409276907
5,17,11.402522054851227
5,18,14.298617851325265
5,19,15.356378906329518
5,20,17.60418905239633
5,21,15.089171031086039
5,22,15.386197077634726
5,23,12.877298762152334
5,24,14.69647664751186
5,25,13.973837300831024
5,26,10.191676635059057
5,27,10.4719430609935
5,28,13.163098670349699
5,29,11.202647973680115
5,30,8.94107329218395
5,31,12.293849257414964
5,32,13.568306947304174
5,33,11.235652520362443
5,34,11.559480682269877
5,35,14.215678481960921
5,36,13.112135243367717
5,37,15.227478056119004
5,38,14.059308647893868
5,39,16.475502248848816
5,40,14.830421605008398
5,41,11.293441016897283
5,42,11.182926896104773
5,43,8.537201660563838
5,44,9.49117475188791
5,45,9.909181407949426
5,46,12.842042906295983
5,47,14.284664079710952
5,48,14.577924833326128
5,49,13.446834322545584
5,50,13.007721478272916
5,51,16.099315150067074
5,52,16.419843857574566
5,53,18.92369077797703
5,54,17.96711573543246
5,55,16.00182706549828
5,56,13.220294186876739
5,57,16.230970022548647
5,58,17.99790396357597
5,59,15.590579029256226
5,60,16.124583006527896
5,61,12.51013312868903
5,62,13.188848534138023
5,63,12.067802039787006
5,64,9.895916348011474
5,65,8.51925371932359
5,66,5.699567739203842
5,67,4.558827749162553
5,68,5.752566575755289
5,69,6.821418867231287
5,70,10.630713289060685
5,71,13.201163355823175
5,72,16.65277159483198
5,73,19.78949507818583
5,74,22.660530600125515
5,75,21.710531458293914
5,76,24.41304723864828
6,1,16.770238451069563
6,2,13.183807175537563
6,3,9.961082824973948
6,4,6.415624487599673
6,5,3.8055362418315037
6,7,3.8014431991704876
6,8,6.965092037906184
6,9,8.494273315141752
6,10,6.858746363015749
6,11,5.9799828163809
6,12,4.608307219403527
6,13,6.5479509493162675
6,14,8.56408211473972
6,15,10.649408094239307
6,16,14.11036168681587
6,17,15.195441327340795
6,18,18.058375025321766
6,19,18.922015557596
6,20,21.23403576557259
6,21,18.725545385412225
6,22,18.686327374984838
6,23,15.81141634179212
6,24,17.480084903606933
6,25,17.21069301559977
6,26,13.528146900090036
6,27,13.054985149570003
6,28,15.829351286750043
6,29,14.177937653862873
6,30,11.244177283381541
6,31,13.955198247528164
6,32,15.575118497260037
6,33,12.775303930594381
6,34,12.125201871803057
6,35,14.953663727668228
6,36,13.622488060131584
6,37,16.262972609821045
6,38,15.635265614831424
6,39,17.511187130809006
6,40,15.11467483679606
6,41,11.97350031604889
6,42,11.63444048533165
6,43,9.645069308940153
6,44,9.874727672996658
6,45,10.833291905157505
6,46,13.162094803940992
6,47,13.999031666202477
6,48,15.060511699310974
6,49,14.233193441788899
6,50,14.767793356118236
6,51,17.964055932898454
6,52,18.613271684538613
6,53,21.478961347831863
6,54,20.71783682444719
6,55,19.148886530195014
6,56,16.332054285527928
6,57,19.33881579625048
6,58,20.72713396221321
6,59,17.930101034300566
6,60,18.642280867647656
6,61,15.169107010114985
6,62,15.900916418308979
6,63,14.891538976920456
6,64,12.131304545385618
6,65,10.592807794503742
6,66,7.036118868546798
6,67,6.08972541766864
6,68,5.037465559237051
6,69,6.183365412450157
6,70,9.522756091782913
6,71,12.308738110443182
6,72,15.968193874367623
6,73,18.706811036415022
6,74,21.97626078378366
6,75,21.657091431382778
6,76,24.68445188939685
7,1,20.002656687281384
7,2,16.418705012141302
7,3,13.323036765622124
7,4,9.974558076812315
7,5,6.67909157285762
7,6,3.8014431991704876
7,8,3.7924804365044396
7,9,5.503298002637282
7,10,5.646166034441628
7,11,5.395388791580793
7,12,6.526027100730728
7,13,8.525515520747714
7,14,11.42207138462658
7,15,13.04851807045278
7,16,16.731323841362965
7,17,17.676424603559493
7,18,20.64848716171418
7,19,21.51623980053903
7,20,23.39934567316739
7,21,20.536235683992416
7,22,19.951606490602614
7,23,16.698112729640567
7,24,17.755724379747523
7,25,17.972469207916017
7,26,14.616695378427435
7,27,13.128140045989532
7,28,15.790158558581053
7,29,14.767183261067517
7,30,11.261025912097402
7,31,13.058865238503728
7,32,15.254370707677891
7,33,12.550889253188771
7,34,10.784795016856958
7,35,13.217900925050783
7,36,11.511974277710186
7,37,14.433215789411395
7,38,14.426386872667326
7,39,15.8102248592507
7,40,12.853468621127151
7,41,10.372851058822004
7,42,10.485486176842175
7,43,9.779858364824301
7,44,10.496078215354657
7,45,12.581250129314649
7,46,14.996306594684905
7,47,14.900440259425835
7,48,15.81195601056388
7,49,14.471845273766526
7,50,15.464877635228426
7,51,18.24366280375099
7,52,18.6688895207861
7,53,21.954035083458145
7,54,21.80723519667478
7,55,20.76926038549
7,56,18.401670817043964
7,57,21.729968856515455
7,58,22.722435436033614
7,59,20.035210147521692
7,60,21.309736129480886
7,61,18.043707449092146
7,62,19.233978527165497
7,63,18.455057716386598
7,64,15.873588873267101
7,65,14.1297276680479
7,66,10.47814286627584
7,67,8.576140861153482
7,68,5.953977858471927
7,69,4.975169058352642
7,70,7.258092479713887
7,71,9.4634566956463
7,72,13.215732596114512
7,73,15.5290205826578
7,74,18.983089819468994
7,75,19.114710756650563
7,76,22.414160459902803
8,1,23.6124794366647
8,2,20.04180331454205
8,3,16.819836353846974
8,4,13.374890181242929
8,5,10.296607544468538
8,6,6.965092037906184
8,7,3.7924804365044396
8,9,3.8274387731631405
8,10,5.5603579858380945
8,11,7.354151703263656
8,12,9.42141435622352
8,13,12.02495692873775
8,14,15.025092182526423
8,15,16.83076458510007
8,16,20.509293740293998
8,17,21.40185660154056
8,18,24.265825034307877
8,19,24.897811400525594
8,20,26.776465563367
8,21,23.94997786384397
8,22,23.05470867140087
8,23,19.598858059465627
8,24,20.56993817986019
8,25,21.213015603815556
8,26,18.023536698485398
8,27,16.167133688646906
8,28,18.861874821714032
8,29,18.215264952818398
8,30,14.57845154937378
8,31,15.82011431307964
8,32,18.271906026949015
8,33,15.60298386795116
8,34,13.225706278763344
8,35,15.292207724478788
8,36,13.315978124603499
8,37,16.2496849393324
8,38,16.58314298148954
8,39,17.245703457869208
8,40,13.818437211982125
8,41,12.090504779198813
8,42,11.860287147777678
8,43,11.909557296576992
8,44,12.01258412190487
8,45,14.408418233568392
8,46,16.22917113259562
8,47,15.421641224608138
8,48,16.79898071867558
8,49,15.72364820917155
8,50,17.46259942113094
8,51,20.130242757000058
8,52,20.84161219990804
8,53,24.311617550446424
8,54,24.34546179195116
8,55,23.697620339777238
8,56,21.383045704693348
8,57,24.68789223109793
8,58,25.304539392321697
8,59,22.415548415627473
8,60,23.904533119919076
8,61,20.85923569780924
8,62,22.211111613192468
8,63,21.660704490614282
8,64,18.921288737458685
8,65,16.96949238406985
8,66,13.187728257941213
8,67,11.380535293049201
8,68,8.058165166628473
8,69,7.08688938085723
8,70,7.551967607243079
8,71,9.457634794526298
8,72,12.881246398687875
8,73,14.506730648664963
8,74,18.22805265699049
8,75,19.07037169325803
8,76,22.53443999614648
9,1,24.685050059545127
9,2,20.952137163708148
9,3,18.159917551544595
9,4,14.567905492157347
9,5,11.720740366516672
9,6,8.494273315141752
9,7,5.503298002637282
9,8,3.8274387731631405
9,10,3.815731997869609
9,11,5.743929384446082
9,12,9.00484480244941
9,13,11.737217359812147
9,14,15.223012117176447
9,15,17.294484980422062
9,16,21.07361149776046
9,17,22.527795299926588
9,18,25.740235484886128
9,19,26.869696690221335
9,20,28.705128383622032
9,21,25.703685744284115
9,22,25.109073569400476
9,23,21.817517934268707
9,24,22.405451423645054
9,25,22.615571214334963
9,26,19.470798049429213
9,27,17.57260493333101
9,28,19.68039258851912
9,29,18.689952559048958
9,30,14.952406789133663
9,31,15.743612169473664
9,32,17.71317750716489
9,33,14.675845687098722
9,34,12.111696403632898
9,35,14.512515562657859
9,36,13.372608934931062
9,37,16.81801804565921
9,38,17.878124061183055
9,39,18.876122598205573
9,40,15.424261190611018
9,41,14.068444845542587
9,42,14.691707047179598
9,43,14.855130224047326
9,44,15.444624597457567
9,45,17.697304705484182
9,46,19.66076861685822
9,47,19.13458538569936
9,48,20.455050592105362
9,49,19.19859451497263
9,50,20.587289420526954
9,51,23.133284484503864
9,52,23.403314797558394
9,53,26.882672884963455
9,54,27.053031723616417
9,55,26.159881553671145
9,56,23.890326225227653
9,57,27.228785345905408
9,58,28.19337287486608
9,59,25.450845052188075
9,60,26.707909995500458
9,61,23.422484793374675
9,62,24.384469225254236
9,63,23.302234702358756
9,64,20.353671639890354
9,65,19.020910688388046
9,66,15.373230277512562
9,67,13.962193148449881
9,68,11.13424196631352
9,69,9.847713989059525
9,70,10.57857861365999
9,71,11.568629381561015
9,72,14.99709983720122
9,73,16.089058878655447
9,74,19.810127922191278
9,75,20.88929610195637
9,76,24.524191091781862
10,1,22.469480371146535
10,2,18.698561169835656
10,3,16.033544924280257
10,4,12.281677784552596
10,5,10.22372549855847
10,6,6.858746363015749
10,7,5.646166034441628
10,8,5.5603579858380945
10,9,3.815731997869609
10,11,3.8089498181076302
10,12,6.295636573583326
10,13,9.719721678472329
10,14,12.916320068834045
10,15,15.61939619620824
10,16,19.260344245819592
10,17,21.08946096814096
10,18,24.31231199546772
10,19,25.5636926038171
10,20,27.77956550776908
10,21,25.041240327126044
10,22,24.958767028492833
10,23,21.94676800216557
10,24,22.96626932159569
10,25,22.701380629771872
10,26,19.245599105253547
10,27,18.057614892993435
10,28,20.20578765892907
10,29,18.56388480978152
10,30,15.103398256129282
10,31,16.61508889416313
10,32,18.013510617634743
10,33,14.592337954639905
10,34,12.902148621641787
10,35,15.971157684543149
10,36,15.265107536984877
10,37,18.733505207658276
10,38,19.39856201869429
10,39,20.912091885172295
10,40,17.764122968617148
10,41,15.726607427804677
10,42,16.079287910285256
10,43,15.325083838447894
10,44,15.557508818240832
10,45,17.048889597457894
10,46,18.806836448832602
10,47,18.965733248918863
10,48,20.586672734240622
10,49,19.76449094714726
10,50,20.889293285486524
10,51,23.824066270022623
10,52,24.256356182214773
10,53,27.47006450279737
10,54,27.152050800751418
10,55,25.78713549070095
10,56,23.133992861166252
10,57,26.191916336528372
10,58,27.53050907346377
10,59,24.66397065144711
10,60,25.391227435980927
10,61,21.924999504025166
10,62,22.353826993966162
10,63,20.913705221099935
10,64,17.67028357445735
10,65,16.797996667295504
10,66,13.356756673927393
10,67,12.850820294408605
10,68,10.771999817243199
10,69,10.606143597719342
10,70,12.414349589675163
10,71,14.159810831889999
10,72,17.807769907825655
10,73,19.375634333577334
10,74,23.052870104125684
10,75,23.770357284390034
10,76,27.282033533485972
11,1,19.880755288113313
11,2,16.08357085930655
11,3,13.832948085140199
11,4,10.32030346698718
11,5,8.20367133043452
11,6,5.9799828163809
11,7,5.395388791580793
11,8,7.354151703263656
11,9,5.743929384446082
11,10,3.8089498181076302
11,12,3.8098398211994224
11,13,6.397475318965326
11,14,9.971518959133894
11,15,12.416076188040574
11,16,16.108695726790312
11,17,18.141687848293785
11,18,21.58364045174479
11,19,23.2366209593806
11,20,25.25116920051042
11,21,22.35783693433868
11,22,22.533094582342102
11,23,19.774041779410823
11,24,20.536683857161538
11,25,19.836045890379726
11,26,16.450274593337795
11,27,15.433573750209101
11,28,17.176217381027968
11,29,15.211768053373058
11,30,11.882767674135316
11,31,13.491175866183493
11,32,14.480546668426149
11,33,10.94048960149405
11,34,9.712221105137502
11,35,13.124637081163632
11,36,12.963647223588314
11,37,16.468449996795453
11,38,17.179834415614895
11,39,19.25317736181244
11,40,16.507060923363635
11,41,14.267322098461111
11,42,15.244337853412684
11,43,14.31312112019929
11,44,15.308999194412026
11,45,16.73860678038162
11,46,19.090972855107434
11,47,19.637114025215038
11,48,20.674937088177582
11,49,19.409885129501394
11,50,19.854588413525395
11,51,22.614007122881112
11,52,22.563368528450685
11,53,25.633317235312088
11,54,25.384178746241282
11,55,23.759778458537955
11,56,21.288623725809817
11,57,24.414222106009554
11,58,26.079310760598535
11,59,23.57410632832972
11,60,24.207532580651904
11,61,20.58801761940439
11,62,20.8903394195666
11,63,19.144227045893878
11,64,16.167136416218053
11,65,15.670096501288631
11,66,12.52490944079598
11,67,11.867472357416856
11,68,10.514536730608668
11,69,9.899418529444949
11,70,12.391509823268754
11,71,13.834854354446996
11,72,17.598385254364576
11,73,19.48186333123784
11,74,22.915859344520896
11,75,23.155695407513527
11,76,26.567480370389607
12,1,16.397013175142835
12,2,12.597359922111975
12,3,10.382115200505188
12,4,6.843351637386387
12,5,5.772632475528591
12,6,4.608307219403527
12,7,6.526027100730728
12,8,9.42141435622352
12,9,9.00484480244941
12,10,6.295636573583326
12,11,3.8098398211994224
12,13,3.808596050809756
12,14,6.649133086362111
12,15,9.648932884300116
12,16,13.137167467341508
12,17,15.304893483329135
12,18,18.634467774450876
12,19,20.29497936459342
12,20,22.63000701250306
12,21,20.05998185820592
12,22,20.689283629933723
12,23,18.279100038334107
12,24,19.549112695596587
12,25,18.472631557038476
12,26,14.84740571720258
12,27,14.703073034020418
12,28,16.607257930345675
12,29,14.148692766139293
12,30,11.40314071343667
12,31,13.934862490609886
12,32,14.523277088282327
12,33,11.081193860625817
12,34,11.051937558748152
12,35,14.581881950018994
12,36,14.43598626848997
12,37,17.53375178778914
12,38,17.537434704270805
12,39,19.976585394877535
12,40,17.69883414957903
12,41,14.816637520870975
12,42,15.37063814234643
12,43,13.537319408450252
12,44,14.273508184017455
12,45,14.901288824621686
12,46,17.20454961119406
12,47,18.44050435070463
12,48,19.462255464606226
12,49,18.522785573715904
12,50,18.563399913676577
12,51,21.58891480307688
12,52,21.709656184106116
12,53,24.40980724545793
12,54,23.66407348706391
12,55,21.622484030853286
12,56,18.850880689658766
12,57,21.673507783410912
12,58,23.658298676673
12,59,21.15331316325249
12,60,21.328297632847914
12,61,17.602366489988967
12,62,17.494594366787304
12,63,15.510374666241212
12,64,12.453823502420724
12,65,12.32066938032133
12,66,9.571664531248574
12,67,9.731227814099983
12,68,9.568227243619468
12,69,10.042308210919215
12,70,13.320079323348573
12,71,15.397307183642457
12,72,19.171927505181824
12,73,21.592638209536187
12,74,24.87852725189349
12,75,24.63841419813825
12,76,27.795087737579777
13,1,13.782066419351247
13,2,10.030088574313577
13,3,8.517455088481684
13,4,5.936615617990923
13,5,5.248925498040118
13,6,6.5479509493162675
13,7,8.525515520747714
13,8,12.02495692873775
13,9,11.737217359812147
13,10,9.719721678472329
13,11,6.397475318965326
13,12,3.808596050809756
13,14,3.810561350844361
13,15,6.1721027413775715
13,16,9.75646044439435
13,17,12.124560457107348
13,18,15.690326867738209
13,19,17.80904015858442
13,20,19.862619463176966
13,21,17.159012791201285
13,22,18.121758737105672
13,23,16.124613227858443
13,24,17.144328742675384
13,25,15.5293581046055
13,26,12.043887503367163
13,27,12.35201198457499
13,28,13.751952603299697
13,29,10.854127068769321
13,30,8.666734409527159
13,31,11.53451100984239
13,32,11.536887739147788
13,33,8.323407204776236
13,34,9.421493562861116
13,35,12.878595471434771
13,36,13.210361444780752
13,37,15.948213168057345
13,38,15.77493193986012
13,39,18.732698499008308
13,40,17.075487136273992
13,41,14.072378430216602
13,42,15.122443533805958
13,43,13.148597106735998
13,44,14.624084229306126
13,45,15.126237151135307
13,46,17.936835966530953
13,47,19.457148189502377
13,48,19.8081447571875
13,49,18.454609027809006
13,50,17.729642247633166
13,51,20.449226761215833
13,52,20.062649707633362
13,53,22.483416837514174
13,54,21.786470567554016
13,55,19.471731186955363
13,56,16.9874822518067
13,57,19.81374826474614
13,58,22.1246315928043
13,59,20.121299102031347
13,60,20.21219842557303
13,61,16.453655425880022
13,62,16.260185866125116
13,63,14.037331344365821
13,64,11.622181426445833
13,65,11.897199050375999
13,66,9.87593823114456
13,67,9.769219279914223
13,68,10.550259192438482
13,69,10.595732675464475
13,70,14.13548760546807
13,71,15.849762071784943
13,72,19.46885043904393
13,73,22.134670538131314
13,74,25.067316028258404
13,75,24.32666075353912
13,76,27.250953850106953
14,1,10.094684409663914
14,2,6.338271115293827
14,3,5.527986739848297
14,4,4.350346129726441
14,5,5.998817151413007
14,6,8.56408211473972
14,7,11.42207138462658
14,8,15.025092182526423
14,9,15.223012117176447
14,10,12.916320068834045
14,11,9.971518959133894
14,12,6.649133086362111
14,13,3.810561350844361
14,15,3.8068470539853005
14,16,6.6567098886105995
14,17,9.333762508700634
14,18,12.731163786356955
14,19,14.998312489258902
14,20,17.361342009708885
14,21,15.130181875972355
14,22,16.748628500375073
14,23,15.394937864671585
14,24,16.88584524479614
14,25,14.800648561588336
14,26,11.332106470421236
14,27,12.80025486918009
14,28,14.136844239933966
14,29,10.867527578494103
14,30,9.898629218869369
14,31,13.29872877138795
14,32,12.8264144299122
14,33,10.291798620127908
14,34,12.29857768470702
14,35,15.430629691869694
14,36,15.759495178074967
14,37,17.93089476348759
14,38,17.11358349745371
14,39,20.277578121008986
14,40,19.16233661195835
14,41,15.829561480696102
14,42,16.48494047738567
14,43,13.849985233923805
14,44,15.072519449293925
14,45,14.695791459382033
14,46,17.373046652699767
14,47,19.538579975568865
14,48,19.724624349661752
14,49,18.683919956590856
14,50,17.438736242214908
14,51,20.232596662290813
14,52,19.946569087317755
14,53,21.814539095155922
14,54,20.59455717720723
14,55,17.79262416137097
14,56,15.110597769672223
14,57,17.44270449539841
14,58,20.185640222550614
14,59,18.387384373006924
14,60,17.88878225832834
14,61,14.118621166915705
14,62,13.324798680348756
14,63,10.689155500263015
14,64,8.603849414508035
14,65,9.664209575076722
14,66,8.847416535823983
14,67,9.654815659081924
14,68,11.70777704149934
14,69,12.541365806477888
14,70,16.305876084615562
14,71,18.343500494602225
14,72,21.798116408927445
14,73,24.793345105787978
14,74,27.525324498342492
14,75,26.38427327707874
14,76,28.99796118053413
15,1,8.619148088759019
15,2,5.437640913871338
15,3,5.589956403517676
15,4,6.346812298884705
15,5,7.23773704764986
15,6,10.649408094239307
15,7,13.04851807045278
15,8,16.83076458510007
15,9,17.294484980422062
15,10,15.61939619620824
15,11,12.416076188040574
15,12,9.648932884300116
15,13,6.1721027413775715
15,14,3.8068470539853005
15,16,3.8051421411099
15,17,6.095222945902449
15,18,9.803708542413991
15,19,12.462035411291595
15,20,14.281741557692433
15,21,11.78022065754822
15,22,13.585160509974765
15,23,12.681012920315684
15,24,13.882897234225252
15,25,11.368911549440115
15,26,8.205942143358078
15,27,10.269399775423658
15,28,11.143307045522759
15,29,7.740576099578857
15,30,7.911004671799711
15,31,11.44341644633828
15,32,10.744402997748074
15,33,9.255952553089276
15,34,11.85763576455822
15,35,14.313156746491867
15,36,14.689515612438358
15,37,16.176768682814537
15,38,14.995891892822609
15,39,18.42085389311976
15,40,17.987552755300054
15,41,14.707013841645773
15,42,15.671599637770935
15,43,13.145649684411628
15,44,15.031219142815784
15,45,14.771711498461686
15,46,17.880520630180524
15,47,19.990603256202878
15,48,19.44381742455975
15,49,17.939735843400953
15,50,16.015615207192216
15,51,18.314734027740293
15,52,17.523985089917215
15,53,19.07803473043755
15,54,18.012451057744553
15,55,15.105845488114308
15,56,12.956247012741999
15,57,15.384707124020037
15,58,18.237858708735587
15,59,17.070144058217767
15,60,16.788951128875585
15,61,13.249790565688759
15,62,12.85146897832057
15,63,10.590182256802153
15,64,9.824163181436065
15,65,10.53987244107033
15,66,10.271058520216023
15,67,10.218843456591259
15,68,12.60228700317064
15,69,12.899037174084599
15,70,16.50365551458486
15,71,18.152316222625952
15,72,21.261024164466285
15,73,24.420602252047818
15,74,26.7361392773534
15,75,25.132456412068173
15,76,27.422256751450014
16,1,5.700052535673803
16,2,3.9712451755572484
16,3,6.420853039541157
16,4,8.821892632903072
16,5,10.55883409276907
16,6,14.11036168681587
16,7,16.731323841362965
16,8,20.509293740293998
16,9,21.07361149776046
16,10,19.260344245819592
16,11,16.108695726790312
16,12,13.137167467341508
16,13,9.75646044439435
16,14,6.6567098886105995
16,15,3.8051421411099
16,17,3.809615093042366
16,18,7.185643941369925
16,19,10.459840279950027
16,20,12.23269905595305
16,21,10.386828736932905
16,22,13.107794846181264
16,23,13.2780163455162
16,24,14.600984402591513
16,25,11.541043742816136
16,26,9.152918149241716
16,27,12.15062121187172
16,28,12.49402037155375
16,29,9.150345203818251
16,30,10.656197812118766
16,31,13.965042024179228
16,32,12.726292946164024
16,33,12.011923017608993
16,34,15.06523599173706
16,35,17.165568141969697
16,36,17.71650073837329
16,37,18.688711564729324
16,38,17.16276975235738
16,39,20.666180108898583
16,40,20.781051328979245
16,41,17.51532210027659
16,42,18.3257974493315
16,43,15.595586698151092
16,44,17.341813713914227
16,45,16.495984389604004
16,46,19.40424624401491
16,47,21.90584056373075
16,48,21.094488717231975
16,49,19.77167635941995
16,50,17.334971074368397
16,51,19.37261723316392
16,52,18.470689632037242
16,53,19.293743021727344
16,54,17.85097638868608
16,55,14.495833400944829
16,56,12.589865971456433
16,57,14.250502781277552
16,58,17.5698754243993
16,59,16.98849930104684
16,60,16.128294910269368
16,61,12.933085057046386
16,62,11.936684242034136
16,63,9.453122879600375
16,64,9.885367867260069
16,65,11.303042721563065
16,66,12.239671827801214
16,67,12.67715718046296
16,68,15.605738799582422
16,69,16.193181523225743
16,70,19.739684074045144
16,71,21.402500930469607
16,72,24.28329154488426
16,73,27.570459459043782
16,74,29.634288732699407
16,75,27.7048875557249
16,76,29.662124265877836
17,1,5.695756083412021
17,2,5.493478156842262
17,3,7.044584150838341
17,4,10.102549831937605
17,5,11.402522054851227
17,6,15.195441327340795
17,7,17.676424603559493
17,8,21.40185660154056
17,9,22.527795299926588
17,10,21.08946096814096
17,11,18.141687848293785
17,12,15.304893483329135
17,13,12.124560457107348
17,14,9.333762508700634
17,15,6.095222945902449
17,16,3.809615093042366
17,18,3.810243503878396
17,19,7.006610317329799
17,20,8.49233722427462
17,21,6.676819923528557
17,22,9.620388429430003
17,23,10.36015211263573
17,24,12.006824689126926
17,25,9.067568868192094
17,26,7.169071266201564
17,27,10.796077726137186
17,28,11.388973623261979
17,29,8.901595887730046
17,30,10.990653324554938
17,31,14.281983418723142
17,32,13.64685157644995
17,33,13.70658804110123
17,34,16.435882537695775
17,35,17.915552618907842
17,36,17.890292308358962
17,37,18.15558680605208
17,38,15.956143758103225
17,39,19.246833667788685
17,40,19.885126748686517
17,41,16.600289354962865
17,42,17.06932620908938
17,43,14.283533448121043
17,44,16.083837326721714
17,45,15.090445668490515
17,46,18.07729454700717
17,47,20.526496445179465
17,48,19.168419852666286
17,49,17.755714073252566
17,50,14.858895621850404
17,51,16.54303652954333
17,52,15.623089957655875
17,53,15.972292650456806
17,54,14.332871224595896
17,55,10.866235746061516
17,56,9.324330597028112
17,57,10.896802242636193
17,58,14.184764416538762
17,59,14.111624315484509
17,60,13.486044245195503
17,61,10.750967975342782
17,62,10.455124162761095
17,63,9.091245971770718
17,64,10.619811022048314
17,65,11.119958836135513
17,66,12.401960869499671
17,67,12.29505088975722
17,68,15.449422693620413
17,69,16.04460454317491
17,70,19.308371560244222
17,71,20.962956485869025
17,72,23.43618621796605
17,73,26.923905238485094
17,74,28.648133449898307
17,75,26.35263282660443
17,76,27.91369069511801
18,1,5.9306384078871
18,2,7.6719041773448335
18,3,9.24953890752432
18,4,12.773030159712583
18,5,14.298617851325265
18,6,18.058375025321766
18,7,20.64848716171418
18,8,24.265825034307877
18,9,25.740235484886128
18,10,24.31231199546772
18,11,21.58364045174479
18,12,18.634467774450876
18,13,15.690326867738209
18,14,12.731163786356955
18,15,9.803708542413991
18,16,7.185643941369925
18,17,3.810243503878396
18,19,3.8222771248170924
18,20,5.371953223745878
18,21,5.302017887937344
18,22,8.84112730791753
18,23,10.68192078918772
18,24,12.730232441794787
18,25,10.129145656969158
18,26,9.186870629161573
18,27,12.989378344214145
18,28,13.650641949711222
18,29,11.882322869247576
18,30,14.247105985141104
18,31,17.387358474964525
18,32,16.926864005040787
18,33,17.351258153400423
18,34,19.982624107574402
18,35,21.16906920717129
18,36,20.863008216969668
18,37,20.653817945308468
18,38,17.99684917306115
18,39,20.981184557217258
18,40,22.03422261273063
18,41,18.77909537230447
18,42,18.781460013005507
18,43,15.873358088192209
18,44,17.297474867786725
18,45,15.777277848529407
18,46,18.390345199631945
18,47,21.035275790207077
18,48,19.365276658011418
18,49,18.265956965888762
18,50,15.039066332728423
18,51,16.390083571146427
18,52,15.700419507100703
18,53,15.171262130475565
18,54,12.95391682537952
18,55,9.212377364511275
18,56,8.097829802802524
18,57,8.435266218794808
18,58,11.986028906732837
18,59,12.666884847075394
18,60,11.619667441439612
18,61,9.786010887144633
18,62,9.482583749258898
18,63,9.051852775001183
18,64,11.748118488909487
18,65,12.068577561400973
18,66,14.117139631909904
18,67,14.1759807545492
18,68,17.579960988911758
18,69,18.493113302344454
18,70,21.538940920280826
18,71,23.315582717681732
18,72,25.461798413811863
18,73,29.084141198020014
18,74,30.54402151832279
18,75,27.968860559508418
18,76,29.115428302775225
19,1,8.167025467089784
19,2,9.946239144853605
19,3,10.499276107629676
19,4,13.959846818158134
19,5,15.356378906329518
19,6,18.922015557596
19,7,21.51623980053903
19,8,24.897811400525594
19,9,26.869696690221335
19,10,25.5636926038171
19,11,23.2366209593806
19,12,20.29497936459342
19,13,17.80904015858442
19,14,14.998312489258902
19,15,12.462035411291595
19,16,10.459840279950027
19,17,7.006610317329799
19,18,3.8222771248170924
19,20,3.8153533476582133
19,21,5.502646153936763
19,22,8.121733441139522
19,23,10.10574198562072
19,24,12.868090196223658
19,25,11.25223242492365
19,26,10.477120537590972
19,27,14.038720391176277
19,28,15.35169067071507
19,29,14.279178770262272
19,30,16.278604782705607
19,31,19.448114609037475
19,32,19.602252952955663
19,33,20.02501248431842
19,34,22.221487330139727
19,35,23.244205871288777
19,36,22.358546647823086
19,37,21.878772154295763
19,38,18.777016726910315
19,39,21.25325291563808
19,40,22.41066122288792
19,41,19.119238517406732
19,42,18.42899703368588
19,43,15.389580455889435
19,44,16.260678902952947
19,45,14.307116757987592
19,46,16.50930596928996
19,47,19.18075300078679
19,48,17.27684329130726
19,49,16.583160020072913
19,50,13.303825525990659
19,51,14.57521441809967
19,52,14.535933306068
19,53,13.516732089360083
19,54,10.610580524977092
19,55,6.8629013025993
19,56,5.6580469888223135
19,57,4.777759055527515
19,58,8.430003550402938
19,59,9.496288006076968
19,60,8.35828426313245
19,61,7.511917812458019
19,62,7.995413559564322
19,63,9.134391213614968
19,64,12.277612698945418
19,65,11.75618597201393
19,66,14.083385191597628
19,67,14.053314412966804
19,68,17.5070410162762
19,69,18.780710501171917
19,70,21.523386270743906
19,71,23.546254822298373
19,72,25.392660736870827
19,73,29.13642297279235
19,74,30.452322033433443
19,75,27.76416791335061
19,76,28.6195402088182
20,1,11.019798547032607
20,2,12.778729869208705
20,3,13.503679444592644
20,4,16.76699384171562
20,5,17.60418905239633
20,6,21.23403576557259
20,7,23.39934567316739
20,8,26.776465563367
20,9,28.705128383622032
20,10,27.77956550776908
20,11,25.25116920051042
20,12,22.63000701250306
20,13,19.862619463176966
20,14,17.361342009708885
20,15,14.281741557692433
20,16,12.23269905595305
20,17,8.49233722427462
20,18,5.371953223745878
20,19,3.8153533476582133
20,21,3.8201407341894345
20,22,6.334749687187575
20,23,9.49455454554896
20,24,11.46741815157302
20,25,9.882292678900589
20,26,10.465005910407502
20,27,13.843215406123512
20,28,14.517288478214173
20,29,14.124245277633422
20,30,16.683687898894448
20,31,19.3312824437132
20,32,19.45319996586382
20,33,20.591126304385632
20,34,22.80372303629406
20,35,23.239577216634522
20,36,22.399428899774016
20,37,21.317698456853403
20,38,18.103963505407776
20,39,20.47853968953062
20,40,22.24915822133203
20,41,19.363740470976197
20,42,19.02571538710751
20,43,16.54201652894219
20,44,17.967538865071205
20,45,16.575812814836684
20,46,19.040270154255662
20,47,21.259114119640397
20,48,18.815292202581116
20,49,17.57490477768527
20,50,13.929535496336719
20,51,14.204114672122829
20,52,13.427063526201794
20,53,11.713995287172246
20,54,9.29356840899967
20,55,5.920810081774461
20,56,6.965425366709029
20,57,6.380016753041108
20,58,9.00413031619759
20,59,11.200120016071102
20,60,10.951954852794499
20,61,10.731588117346515
20,62,11.754000428768014
20,63,12.86794522159874
20,64,15.874605537408016
20,65,15.234890361609073
20,66,17.139056914106185
20,67,16.473621522289502
20,68,19.585154250179382
20,69,20.252629165154378
20,70,22.644715993095126
20,71,24.15764923226517
20,72,25.588942772469427
20,73,29.249049095552408
20,74,30.122753922382334
20,75,27.11828373563804
20,76,27.580728797947287
21,1,11.00495992661653
21,2,11.70473557720829
21,3,12.067461803241047
21,4,14.861887513290966
21,5,15.089171031086039
21,6,18.725545385412225
21,7,20.536235683992416
21,8,23.94997786384397
21,9,25.703685744284115
21,10,25.041240327126044
21,11,22.35783693433868
21,12,20.05998185820592
21,13,17.159012791201285
21,14,15.130181875972355
21,15,11.78022065754822
21,16,10.386828736932905
21,17,6.676819923528557
21,18,5.302017887937344
21,19,5.502646153936763
21,20,3.8201407341894345
21,22,3.7907167276585993
21,23,6.612587335989514
21,24,8.151899109862788
21,25,6.14515786841197
21,26,6.800430940240841
21,27,10.149812162235998
21,28,10.705439412820974
21,29,10.454107616545867
21,30,13.038476606820735
21,31,15.54678996154171
21,32,15.81035382748377
21,33,17.090911823683832
21,34,19.178123587041974
21,35,19.457131588796965
21,36,18.651934321297905
21,37,17.572907747039018
21,38,14.477826272786722
21,39,17.097767371471157
21,40,18.83107953186324
21,41,16.021875437625052
21,42,16.159000657924906
21,43,13.96824895582669
21,44,16.026687938595305
21,45,15.332799362545638
21,46,18.36107244128692
21,47,20.228203886386428
21,48,17.767769145094704
21,49,15.913590433607057
21,50,12.265752394776266
21,51,12.550289716617355
21,52,11.153188193377726
21,53,10.292306188783538
21,54,8.762722661966484
21,55,5.575542279566294
21,56,6.553282502384289
21,57,8.01307865508017
21,58,10.321103886446485
21,59,11.77038257141483
21,60,12.290337850143498
21,61,11.12114564604064
21,62,12.51505558532003
21,63,13.120463736070098
21,64,15.407096786130321
21,65,14.575026300706964
21,66,15.72168643753599
21,67,14.477762302753977
21,68,17.250780866458964
21,69,17.380310696441114
21,70,19.74191515515446
21,71,20.953034507336913
21,72,22.457353834753633
21,73,26.03887453935401
21,74,26.96605794846917
21,75,24.033304432011704
21,76,24.744497462219954
22,1,14.215601125537004
22,2,14.323584539500615
22,3,13.801119316629043
22,4,15.973268252225926
22,5,15.386197077634726
22,6,18.686327374984838
22,7,19.951606490602614
22,8,23.05470867140087
22,9,25.109073569400476
22,10,24.958767028492833
22,11,22.533094582342102
22,12,20.689283629933723
22,13,18.121758737105672
22,14,16.748628500375073
22,15,13.585160509974765
22,16,13.107794846181264
22,17,9.620388429430003
22,18,8.84112730791753
22,19,8.121733441139522
22,20,6.334749687187575
22,21,3.7907167276585993
22,23,3.792242591558654
22,24,5.313987884533943
22,25,5.220181331660264
22,26,6.57112500329769
22,27,8.78764285635029
22,28,9.848982811720365
22,29,10.851738917753845
22,30,12.89230398283185
22,31,14.965221397551343
22,32,16.05283048147575
22,33,17.553472726400546
22,34,18.970960894478765
22,35,18.732438202219686
22,36,17.313776470389552
22,37,15.720766039410105
22,38,12.238308078600557
22,39,14.278059554630374
22,40,16.337299561645402
22,41,13.838505088554179
22,42,13.777314890321858
22,43,12.152199230229721
22,44,14.42383634624271
22,45,14.330623649606691
22,46,17.47285660930808
22,47,18.69973241495367
22,48,15.786813170383759
22,49,13.481549230876988
22,50,9.735035726670434
22,51,9.220460240833797
22,52,7.477472395398505
22,53,6.6006129957358315
22,54,5.7709324284697425
22,55,3.941400203054779
22,56,6.2783771811060065
22,57,8.57786109183791
22,58,9.49527360978793
22,59,10.998343944384422
22,60,12.676139797139546
22,61,11.884022799272323
22,62,14.2277586076983
22,63,15.412212733794878
22,64,17.330202543183972
22,65,15.72881826108073
22,66,16.238749794108188
22,67,14.216967392426307
22,68,16.401485190192247
22,69,16.118728245410363
22,70,17.858751595136933
22,71,18.788355472630073
22,72,19.79197917971183
22,73,23.352496516342967
22,74,23.966877361008088
22,75,20.861224884315625
22,76,21.299243168223555
23,1,15.087692989645195
23,2,14.260060055056003
23,3,12.834574957332043
23,4,14.192668358647811
23,5,12.877298762152334
23,6,15.81141634179212
23,7,16.698112729640567
23,8,19.598858059465627
23,9,21.817517934268707
23,10,21.94676800216557
23,11,19.774041779410823
23,12,18.279100038334107
23,13,16.124613227858443
23,14,15.394937864671585
