1,2,3.866530131289479
1,3,6.603726249063053
1,4,10.230131338674854
1,5,12.804595583497171
1,6,16.440364020429396
1,7,18.238770639205434
1,8,21.578533010634878
1,9,22.414294118152526
1,10,25.7329237213121
1,11,27.840929344499095
1,12,31.66080568618742
1,13,33.55618079464802
1,14,37.23341436653057
1,15,38.366165692607495
1,16,38.76590034730642
1,17,36.194391222088804
1,18,32.779867549261866
1,19,29.677877292620796
1,20,26.45397863382687
1,21,23.22428262184244
1,22,20.308290505413577
1,23,16.6491080056992
1,24,14.16309477804599
1,25,10.706934996568267
1,26,8.58306339776947
1,27,8.360495302226473
1,28,10.743944563985528
1,29,9.114244508612273
1,30,9.157668706031266
1,31,12.63849634892583
1,32,14.365825503040645
1,33,16.44066266751327
1,34,16.065622920827384
1,35,18.771470892611124
1,36,20.469362102906317
1,37,22.38995574523384
1,38,24.892519613614585
1,39,24.39897616972012
1,40,21.769561759695588
1,41,24.426928952891394
1,42,25.796146117803076
1,43,28.28032717977061
1,44,25.678927929559535
1,45,26.97849948586618
1,46,25.362202120628737
1,47,25.658734225205997
1,48,23.99576495833525
1,49,22.50744851411235
1,50,21.086532137362386
1,51,22.434719860685533
1,52,26.066757679706928
1,53,28.633317821483175
1,54,30.852918009626613
1,55,30.038862096423177
1,56,32.9698715943187
1,57,32.38635449695025
1,58,28.85858538638962
1,59,28.238645056546588
1,60,24.92974076842484
1,61,24.648533083479784
1,62,23.22944354105148
1,63,24.15067297929185
1,64,21.686355394296264
1,65,23.509383454627105
1,66,22.235882219084345
1,67,20.000061250022807
1,68,18.134442683406874
1,69,17.8594451111949
1,70,14.847293580782724
1,71,17.274024208977764
1,72,17.96142268262175
1,73,20.50303075460426
1,74,23.781810506042486
1,75,27.390016644644742
1,76,29.570002998226766
1,77,33.243732259453395
1,78,36.43283529963778
1,79,34.777638188297
1,80,36.926303234880706
1,81,36.79588295353445
1,82,35.837029470403564
1,83,32.40224915882755
1,84,31.458112752179492
1,85,28.62498339113725
1,86,24.924228254252313
1,87,22.6835489060876
1,88,19.10828139888781
1,89,16.73431309078561
1,90,14.779123467516989
1,91,12.370427638050625
1,92,13.678900220472931
1,93,12.686061363827907
1,94,15.79068144333421
1,95,17.94445188565811
1,96,21.428804465968263
1,97,23.978765538340628
1,98,21.674016086625663
1,99,18.15025246223093
1,100,16.133479578694843
1,101,14.346371863923832
1,102,10.587000232190748
1,103,9.76959523209603
1,104,12.665976032858579
1,105,13.94004658588817
1,106,16.287331947608514
1,107,19.31741543296615
1,108,22.227392992796698
1,109,25.76087153635223
1,110,28.154183351081198
1,111,31.731429823184282
1,112,34.76089863649417
1,113,38.06634610009441
1,114,40.8917541371216
1,115,43.60117012348272
2,1,3.866530131289479
2,3,3.861537580463463
2,4,6.942426376138705
2,5,9.872183126637355
2,6,13.451839006880421
2,7,15.536375958463736
2,8,18.8506668102981
2,9,20.018792242066635
2,10,23.08509843056704
2,11,24.86063612415558
2,12,28.658530074016326
2,13,30.308398452019546
2,14,33.92093866189869
2,15,34.95985277740614
2,16,35.187525160173344
2,17,32.607328537934656
2,18,29.125466872661107
2,19,26.1287401769716
2,20,22.876373589856808
2,21,19.703535594395287
2,22,16.80181419665701
2,23,13.062067682972238
2,24,10.551670974294467
2,25,6.982354251529592
2,26,5.6067170452933155
2,27,5.545081764349011
2,28,7.890994661929141
2,29,7.4443431356595
2,30,7.846196274613422
2,31,10.561266632595306
2,32,11.796922088472177
2,33,13.295054001948781
2,34,12.560366822659324
2,35,15.370622079603722
2,36,17.051083328447547
2,37,19.296364571617904
2,38,21.94694010805749
2,39,21.90271059375622
2,40,19.65686529096042
2,41,22.59349134864234
2,42,23.974096083619386
2,43,26.079323981110424
2,44,23.182188278082066
2,45,24.0938614867024
2,46,22.238216717406296
2,47,22.231298178520966
2,48,20.422721488833737
2,49,19.06546988541029
2,50,17.575777785378314
2,51,19.26850279561347
2,52,22.83734287758955
2,53,25.275129645765126
2,54,27.306122123286606
2,55,26.383849597520804
2,56,29.222027009976312
2,57,28.63290216669708
2,58,25.06334841700465
2,59,24.377402553312564
2,60,21.064664871014323
2,61,20.85271263993955
2,62,19.499368653096422
2,63,20.493343281758964
2,64,18.028496093570233
2,65,20.09846658019005
2,66,18.982788099030984
2,67,17.097986702204953
2,68,15.261082842329891
2,69,14.477118855512261
2,70,11.297287269129782
2,71,13.555358920707656
2,72,14.101325637465568
2,73,16.724167981749172
2,74,19.979826245244634
2,75,23.622268058351025
2,76,25.859465300731962
2,77,29.50146400593697
2,78,32.75978062295695
2,79,31.248082592419966
2,80,33.53497052989861
2,81,33.627340826257594
2,82,32.6750700509755
2,83,29.144834710531033
2,84,28.4228277863616
2,85,25.81344278433433
2,86,22.21161281235206
2,87,19.643971667413684
2,88,16.130058962871395
2,89,13.388088236667157
2,90,11.680377252496596
2,91,9.265400382836901
2,92,11.245447754485793
2,93,10.96592409189288
2,94,14.337961422443545
2,95,16.9615062505325
2,96,20.604630173496208
2,97,22.868039176401993
2,98,20.157677365291477
2,99,16.418636389128935
2,100,14.72584850121144
2,101,12.59483871512779
2,102,9.142042759720884
2,103,7.679333619247293
2,104,10.17681335402238
2,105,11.25776043468806
2,106,14.180218159812544
2,107,16.742913634832558
2,108,19.39896256529613
2,109,23.057016649040946
2,110,25.136303849358217
2,111,28.80562799157013
2,112,31.65008053165961
2,113,34.99787490387577
2,114,37.73219803153108
2,115,40.30364041672767
3,1,6.603726249063053
3,2,3.861537580463463
3,4,3.8325742890961028
3,5,6.267303165695704
3,6,9.85860924295884
3,7,11.910306363121101
3,8,15.144294745949258
3,9,16.196560712473342
3,10,19.34580508080949
3,11,21.282963571907548
3,12,25.100339686286112
3,13,26.957097580289577
3,14,30.642719111086794
3,15,31.856952795183012
3,16,32.33897929209715
3,17,29.728662603741927
3,18,26.39861902616942
3,19,23.195681465899504
3,20,20.008833395421902
3,21,16.741244054884163
3,22,13.853412078707565
3,23,10.299199618531972
3,24,8.363683627294408
3,25,5.792182489233939
3,26,5.5017477632662075
3,27,7.498821506541981
3,28,10.034416139472603
3,29,10.689332066443914
3,30,11.071665985664366
3,31,13.120503783340496
3,32,13.446329025764198
3,33,13.943533869432626
3,34,12.152021770277845
3,35,14.315880803039228
3,36,15.163379385819669
3,37,17.20449028109828
3,38,19.428232737626885
3,39,19.360194118374533
3,40,17.379969507099382
3,41,20.641082988203497
3,42,22.529562816147223
3,43,24.355359953347808
3,44,21.26834095799657
3,45,22.2417360175938
3,46,20.72059524786218
3,47,20.42569182476864
3,48,19.076444908365968
3,49,18.423689201610035
3,50,17.44519953335536
3,51,19.726254767214364
3,52,22.988987143371382
3,53,24.925531197405626
3,54,26.570946098034955
3,55,25.139328705932233
3,56,27.8044166943867
3,57,26.751657634809806
3,58,23.280421408560542
3,59,22.749450031200755
3,60,19.586487481181493
3,61,19.129773711141663
3,62,18.40510973738288
3,63,20.06026780106648
3,64,17.93268832565956
3,65,20.608414067271266
3,66,19.59553086243269
3,67,18.425207944879425
3,68,16.32263167676459
3,69,14.720437628356366
3,70,11.075010917908317
3,71,12.293553899840859
3,72,12.60649550145823
3,73,14.526573145983722
3,74,17.82893282749353
3,75,21.271469074262484
3,76,23.441309664484642
3,77,27.111074431906303
3,78,30.183461065391505
3,79,28.433318720428634
3,80,30.629306665149695
3,81,30.534559823160414
3,82,29.834863582007138
3,83,26.303906920854253
3,84,25.27786708143726
3,85,22.656427943402893
3,86,19.01797318266426
3,87,16.67077015145894
3,88,13.34005680314865
3,89,10.971001420911088
3,90,10.113052443698272
3,91,8.954938961608068
3,92,11.87743697829397
3,93,12.766489972453455
3,94,16.429943187489723
3,95,18.909850968037244
3,96,22.657684146759845
3,97,24.426433834012105
3,98,21.332223153010062
3,99,17.61895839696628
3,100,15.602877001294742
3,101,12.702990344219774
3,102,9.641711849869191
3,103,6.714794054521067
3,104,7.821054575485732
3,105,7.916993460386606
3,106,10.622652041158057
3,107,13.292376233873105
3,108,15.864678750018847
3,109,19.513453465182124
3,110,21.73255071740932
3,111,25.313510723740876
3,112,28.28083193828148
3,113,31.54456630183916
3,114,34.40618932880962
3,115,37.0745043533676
4,1,10.230131338674854
4,2,6.942426376138705
4,3,3.8325742890961028
4,5,3.8274843581126805
4,6,6.742423229408838
4,7,9.547950252360584
4,8,12.391426906534125
4,9,13.592468018851246
4,10,16.366808813470556
4,11,18.005282113717136
4,12,21.78362673393547
4,13,23.443379934921232
4,14,27.06816967078901
4,15,28.141873099398826
4,16,28.57661430063736
4,17,26.048676855270287
4,18,22.725243812982875
4,19,19.50508924600958
4,20,16.426557204041707
4,21,13.048240623530363
4,22,10.409214182951583
4,23,6.8276774595223655
4,24,5.902441750888992
4,25,4.716495527653805
4,26,6.806630986456654
4,27,8.9051664684706
4,28,10.563425251227956
4,29,12.158660204177817
4,30,12.460036707959963
4,31,13.488927403773559
4,32,12.85501318718126
4,33,12.290280410107021
4,34,9.672763663820183
4,35,11.297100244722278
4,36,11.641269236042472
4,37,13.811997118304909
4,38,15.999021221644997
4,39,16.35244436930922
4,40,14.893671434057985
4,41,18.408416240087693
4,42,20.38877764886376
4,43,21.7395350801521
4,44,18.390987871934918
4,45,19.029320112160054
4,46,17.474549820560878
4,47,16.863231888029194
4,48,15.674371778829155
4,49,15.494350923911519
4,50,14.891184034944507
4,51,17.60679433952349
4,52,20.536023783086694
4,53,22.068131117663572
4,54,23.414157301384964
4,55,21.703107367886265
4,56,24.27323087614536
4,57,23.048144254566036
4,58,19.643984876786465
4,59,19.298177207771705
4,60,16.340602355201877
4,61,16.070121255497238
4,62,15.86358562687425
4,63,17.810563677492194
4,64,15.763138989247734
4,65,18.878324713637404
4,66,18.305226048685274
4,67,17.791296471079868
4,68,15.937770878489466
4,69,13.534013938893565
4,70,9.853025977658177
4,71,10.005954660274838
4,72,9.55085851275564
4,73,11.112004906645163
4,74,14.221956469468322
4,75,17.61515885508046
4,76,19.65345710801136
4,77,23.349625225841606
4,78,26.384788421378545
4,79,24.623559210025963
4,80,26.842470459497815
4,81,26.855551136118123
4,82,26.150850464016003
4,83,22.56762671809121
4,84,21.683977897369772
4,85,19.23944520047303
4,86,15.716207382508722
4,87,13.097491740976256
4,88,9.897132805822865
4,89,7.340117503658579
4,90,7.314615005245237
4,91,7.260334759229911
4,92,10.873000053620528
4,93,12.812132096209297
4,94,16.44553814701198
4,95,18.96799557664728
4,96,22.688012597665995
4,97,23.958034195928345
4,98,20.525625290029566
4,99,16.881623273913572
4,100,15.093164819137472
4,101,11.862338674415875
4,102,9.757536942819732
4,103,6.323554844902981
4,104,5.694136285955192
4,105,5.004341362403946
4,106,8.39896791020397
4,107,10.254404094688894
4,108,12.558472812777952
4,109,16.283781629610434
4,110,18.220724291940684
4,111,21.89223993531647
4,112,24.71674557962581
4,113,28.055985106853726
4,114,30.807651271252503
4,115,33.41654383849834
5,1,12.804595583497171
5,2,9.872183126637355
5,3,6.267303165695704
5,4,3.8274843581126805
5,6,3.8259809496696136
5,7,5.8128589632292895
5,8,8.99106912733429
5,9,10.607613003970432
5,10,13.511856428856243
5,11,15.206517087399915
5,12,19.023813458086945
5,13,20.926668661063193
5,14,24.664588309421198
5,15,26.16668036601975
5,16,26.80908798857027
5,17,24.043929779362067
5,18,20.893839856779515
5,19,17.55691409224832
5,20,14.373938932603096
5,21,11.234543064730785
5,22,8.24994899027132
5,23,5.481112015928555
5,24,5.287925384208922
5,25,6.3142788790086
5,26,8.077870849355351
5,27,11.183627976123322
5,28,13.312510711505167
5,29,15.357853439894555
5,30,16.01751068005115
5,31,16.9638821729631
5,32,16.321614899183178
5,33,15.300196560316285
5,34,12.242796672375032
5,35,13.30590332864467
5,36,12.657358738207678
5,37,14.667686055190137
5,38,16.160085890088606
5,39,16.69655150252491
5,40,15.835367394154451
5,41,19.59134525746341
5,42,22.054239826770466
5,43,22.988629234701676
5,44,19.48949693384454
5,45,19.994379198639958
5,46,18.745604337533752
5,47,17.54260160766426
5,48,16.74688140861126
5,49,17.348973366805357
5,50,16.936963522516898
5,51,20.109026330822058
5,52,22.71677655205043
5,53,23.812284553655818
5,54,24.612114661499774
5,55,22.40150907886977
5,56,24.515331435680835
5,57,22.779698071433028
5,58,19.479242774349512
5,59,18.94679106105154
5,60,16.08893386456137
5,61,15.105518411679762
5,62,15.435816693965503
5,63,18.061229151746726
5,64,16.756437886731035
5,65,20.156680864814096
5,66,19.31148793562962
5,67,19.385519987655073
5,68,17.091360720159262
5,69,14.380820841368735
5,70,10.705649610776351
5,71,9.84434828629433
5,72,9.867031151335887
5,73,10.19200139706416
5,74,13.468427407975385
5,75,16.410174613659052
5,76,18.651328473440525
5,77,22.189718393012793
5,78,25.0385318323691
5,79,23.17264120393381
5,80,25.457888761463916
5,81,25.38815136802389
5,82,25.21885892916722
5,83,21.59612021899553
5,84,20.340160547658005
5,85,18.138856571912715
5,86,14.740322137927967
5,87,12.484652861978633
5,88,10.077571174470599
5,89,8.269461613632162
5,90,9.777119482726222
5,91,10.673512971889238
5,92,14.419702365589963
5,93,16.58750026493241
5,94,20.178975145868094
5,95,22.70744327982515
5,96,26.408118871315935
5,97,27.5154355191274
5,98,23.976897072243606
5,99,20.414500461790475
5,100,18.61595519389953
5,101,15.207949646075392
5,102,13.348774185882641
5,103,9.675987131160268
5,104,7.925359117343372
5,105,5.195579399617683
5,106,7.385164909720387
5,107,9.047749751735296
5,108,10.571317623879668
5,109,14.309125408043972
5,110,16.245677899682352
5,111,19.703258005465525
5,112,22.60199776181185
5,113,25.6865423323536
5,114,28.698640086802065
5,115,31.299184511467118
6,1,16.440364020429396
6,2,13.451839006880421
6,3,9.85860924295884
6,4,6.742423229408838
6,5,3.8259809496696136
6,7,3.8298442520473452
6,8,5.723524053651011
6,9,7.402001725840674
6,10,9.87944098884616
6,11,11.444129256057032
6,12,15.2612598465373
6,13,17.209965072488554
6,14,20.962046119635957
6,15,22.487991062452306
6,16,23.334200139126548
6,17,20.65711501353553
6,18,17.716982098957534
6,19,14.19007899556985
6,20,11.308191500013569
6,21,8.070438458873683
6,22,5.751963209232539
6,23,4.60435838340637
6,24,6.825979797042904
6,25,9.194145866903218
6,26,11.603178491388848
6,27,14.521720087738249
6,28,16.148832754545147
6,29,18.474673670144114
6,30,18.976556209231116
6,31,19.42263802880039
6,32,18.155101522474386
6,33,16.405993002868325
6,34,12.87023563690614
6,35,12.910806890130187
6,36,11.196105256721614
6,37,12.790294335553153
6,38,13.619339727167592
6,39,14.462662920784174
6,40,14.377927194049384
6,41,18.230427731180516
6,42,20.941429425486564
6,43,21.311128199546758
6,44,17.707306895804724
6,45,17.985564666001363
6,46,17.096639970941
6,47,15.507202328097632
6,48,15.339920717228644
6,49,16.756085016245372
6,50,16.986473028792254
6,51,20.421887000739932
6,52,22.48882834557757
6,53,22.96842567010916
6,54,23.298406361951432
6,55,20.64123030432604
6,56,22.47237820202885
6,57,20.292804191540608
6,58,17.300997410713055
6,59,17.119045807309295
6,60,14.805721730941158
6,61,13.865334488891095
6,62,15.13668705318025
6,63,18.15800557265566
6,64,17.195947567657242
6,65,20.898015445106303
6,66,20.466012152116196
6,67,21.16085943458187
6,68,19.111329190655333
6,69,15.90807684810011
6,70,12.583351341508797
6,71,10.576889950891598
6,72,9.792530447416771
6,73,8.781016413110583
6,74,11.422305208933711
6,75,13.827055264323507
6,76,15.74725610943177
6,77,19.226333759045048
6,78,21.800001026561304
6,79,19.708962351280125
6,80,21.882691862088787
6,81,21.716639853985022
6,82,21.769192890526295
6,83,18.172891866470263
6,84,16.74710741686478
6,85,14.75470919916225
6,86,11.581384305153113
6,87,9.520249617161992
6,88,8.039240979908334
6,89,7.261443045986698
6,90,10.043608492646525
6,91,12.107605337184536
6,92,15.840989512915737
6,93,18.610095109659987
6,94,22.074859147992093
6,95,24.4197021449927
6,96,28.01448556071136
6,97,28.645053590340112
6,98,24.92693459040234
6,99,21.615102408787404
6,100,19.887757321515647
6,101,16.344989695046213
6,102,15.268659410569875
6,103,11.611329531003468
6,104,8.72881690610783
6,105,5.165068918093189
6,106,6.23508992025574
6,107,6.3872723458012635
6,108,6.971329304437261
6,109,10.703539513155887
6,110,12.473588668754982
6,111,15.897567312543531
6,112,18.790373176208416
6,113,21.86583422564584
6,114,24.890772984936195
6,115,27.53654107062394
7,1,18.238770639205434
7,2,15.536375958463736
7,3,11.910306363121101
7,4,9.547950252360584
7,5,5.8128589632292895
7,6,3.8298442520473452
7,8,3.8604398955244004
7,9,6.667575105781158
7,10,9.201196096140261
7,11,10.70697753657721
7,12,14.402136739150992
7,13,16.620848014375895
7,14,20.42613723446932
7,15,22.54576201125605
7,16,23.527809108806846
7,17,20.521687438323177
7,18,17.83460058168073
7,19,14.44726496092182
7,20,11.473106010789147
7,21,9.184431129601565
7,22,6.6032435809651036
7,23,6.872979640365659
7,24,8.351916376154254
7,25,11.144269259789178
7,26,12.799504037429273
7,27,16.20672178739411
7,28,18.329080769652112
7,29,20.814595721827448
7,30,21.67448440869035
7,31,22.30695874778572
7,32,21.398691218881826
7,33,19.73669397767822
7,34,16.274867401228043
7,35,16.477736756928508
7,36,14.62495633666794
7,37,16.18008111252063
7,38,16.559083599177082
7,39,17.448741438008298
7,40,17.637379305790212
7,41,21.460927887845187
7,42,24.38921622632062
7,43,24.59905294350567
7,44,21.029654420915108
7,45,21.220627077376378
7,46,20.458517037381085
7,47,18.508993866643674
7,48,18.393690732915523
7,49,20.048368760077352
7,50,20.059264180884757
7,51,23.658632514164516
7,52,25.671990757533788
7,53,26.04829525768765
7,54,26.036407485842574
7,55,23.171296159507627
7,56,24.53549302867389
7,57,22.071624180752586
7,58,19.19337667142067
7,59,18.582467978056386
7,60,16.279783435993284
7,61,14.49828480213893
7,62,15.889596992179856
7,63,19.27984517718719
7,64,18.999246451511883
7,65,22.654422896954394
7,66,21.75691884277681
7,67,22.703780419385534
7,68,20.207605580372693
7,69,17.130817621928713
7,70,13.965988360694734
7,71,11.766325805093176
7,72,11.936961187306338
7,73,10.30027627816339
7,74,13.014014273128703
7,75,14.805399869891595
7,76,17.048483183076762
7,77,20.12998231972365
7,78,22.50082521508738
7,79,20.496276947485153
7,80,22.77437343501109
7,81,22.596159660291992
7,82,23.272157157763488
7,83,19.753055898653564
7,84,18.021022447834905
7,85,16.452060459587255
7,86,13.6694280975675
7,87,12.214907150913957
7,88,11.493857755675931
7,89,10.994329265544552
7,90,13.846637706288632
7,91,15.671626167764437
7,92,19.458394893713862
7,93,22.021435443526123
7,94,25.513572270982035
7,95,27.99463198098403
7,96,31.62546603358109
7,97,32.38559650359644
7,98,28.69041821165402
7,99,25.31540307334719
7,100,23.591776101165408
7,101,20.047871808069495
7,102,18.697153320803768
7,103,14.948502021530276
7,104,12.29992324756302
7,105,8.640819554740176
7,106,8.66619723199869
7,107,8.949638511090384
7,108,8.426236368468363
7,109,11.587584226118508
7,110,13.171634850272762
7,111,16.047856166061568
7,112,18.891429516719974
7,113,21.4835513974327
7,114,24.81355039749771
7,115,27.341451693220684
8,1,21.578533010634878
8,2,18.8506668102981
8,3,15.144294745949258
8,4,12.391426906534125
8,5,8.99106912733429
8,6,5.723524053651011
8,7,3.8604398955244004
8,9,3.815553251375088
8,10,5.446475805243295
8,11,7.027431138829987
8,12,10.701694827444468
8,13,13.239192109617711
8,14,17.069995740731297
8,15,19.309071389171624
8,16,20.68983685856301
8,17,17.869988992001623
8,18,15.65022354798396
8,19,12.09637565955769
8,20,9.882714399614349
8,21,7.973011446966907
8,22,7.0147593004583735
8,23,8.777257141467215
8,24,11.331675156052162
8,25,14.384473948390958
8,26,16.44767771397014
8,27,19.68128117426084
8,28,21.46458407839657
8,29,24.006324630661673
8,30,24.65364010092258
8,31,25.00886149788666
8,32,23.635091614072508
8,33,21.53941707272709
8,34,17.85420514507866
8,35,17.251448986838582
8,36,14.642110431397539
8,37,15.534198296604643
8,38,15.074504751973667
8,39,16.055645223832567
8,40,16.93886076411384
8,41,20.62523337471261
8,42,23.744807061610285
8,43,23.463122635295196
8,44,19.9901768199664
8,45,20.07794080596918
8,46,19.825443297506865
8,47,17.695448939348147
8,48,18.289309588431813
8,49,20.56849848540486
8,50,21.18387968876432
8,51,24.836454116829128
8,52,26.36288944603529
8,53,26.183715642555903
8,54,25.77990298141932
8,55,22.5657434606904
8,56,23.62834017793504
8,57,20.731448285644777
8,58,18.366986746403335
8,59,18.230850646506624
8,60,16.649849956645213
8,61,15.070258665820889
8,62,17.26563972988111
8,63,20.809258084257696
8,64,20.72492235079552
8,65,24.52173612832149
8,66,24.030360198860453
8,67,25.35606478110459
8,68,23.133332230640892
8,69,19.781698397829448
8,70,16.88102788632942
8,71,14.144483895493027
8,72,13.615867898293072
8,73,11.132404020221486
8,74,12.828429741589362
8,75,13.759664830049536
8,76,15.397248586608008
8,77,18.24027575393679
8,78,20.10360618720616
8,79,17.760158358627457
8,80,19.740978268989085
8,81,19.295222853543198
8,82,20.32284725922467
8,83,17.006768693067322
8,84,14.920317761683947
8,85,13.652611852650974
8,86,11.390107120026167
8,87,10.682110143814128
8,88,11.14622642134141
8,89,11.746493711148373
8,90,15.087183157017611
8,91,17.6163802679876
8,92,21.27046699109389
8,93,24.224752348435327
8,94,27.62763693330597
8,95,29.87423938854286
8,96,33.401699948574375
8,97,33.75220635873083
8,98,29.960022595278677
8,99,26.84917104725214
8,100,25.109926049943812
8,101,21.503464650830345
8,102,20.71331401474715
8,103,17.030188588725686
8,104,13.80219806665577
8,105,10.091708455081735
8,106,9.110466151692362
8,107,8.070362383675604
8,108,6.10957352228432
8,109,8.467537907291993
8,110,9.867433146594665
8,111,12.393607972816126
8,112,15.311252372412815
8,113,17.779877523689475
8,114,21.195347443882753
8,115,23.847215265231995
9,1,22.414294118152526
9,2,20.018792242066635
9,3,16.196560712473342
9,4,13.592468018851246
9,5,10.607613003970432
9,6,7.402001725840674
9,7,6.667575105781158
9,8,3.815553251375088
9,10,3.788910662029996
9,11,7.173196884177698
9,12,10.546356816956933
9,13,13.69605748809598
9,14,17.429523290893496
9,15,19.50196062875317
9,16,21.462405439657893
9,17,19.143761281356408
9,18,17.378680654198707
9,19,13.649553632177467
9,20,12.269742698219066
9,21,10.061360120518874
9,22,9.976137476174257
9,23,11.273548677157812
9,24,13.999298005456197
9,25,16.551059908971776
9,26,18.57928477755269
9,27,21.7511030901902
9,28,23.52687879305711
9,29,25.678185670297722
9,30,25.956398173571593
9,31,26.503030027190526
9,32,24.90477925289457
9,33,22.885839357149244
9,34,19.17973947894882
9,35,18.11000638720095
9,36,15.228119165861633
9,37,15.213876455410276
9,38,14.074916459445244
9,39,14.280543073984107
9,40,15.10773141005439
9,41,18.564811470701887
9,42,21.992692265678535
9,43,21.76460086820652
9,44,18.614958534269803
9,45,19.266201817733723
9,46,19.71161226065354
9,47,18.095181616370493
9,48,19.325527233561996
9,49,21.678982800114426
9,50,22.81550098943477
9,51,26.238684547269518
9,52,27.65102340211922
9,53,27.298382919571907
9,54,27.03521423882727
9,55,23.790822898665756
9,56,25.059800666783904
9,57,22.043607613850906
9,58,20.04557125229901
9,59,20.54818490610363
9,60,19.313713476883517
9,61,18.226966770995297
9,62,20.543153074847222
9,63,23.95212927373853
9,64,23.51495488855233
9,65,27.349921367397332
9,66,27.114347695573656
9,67,28.234891904121113
9,68,26.16198894162922
9,69,22.819766865445025
9,70,19.7265062698151
9,71,17.20847276824012
9,72,16.190832631879875
9,73,13.919966462526869
9,74,15.187411527911403
9,75,15.9840390461384
9,76,16.856772362845184
9,77,19.73257961011057
9,78,21.13770653310008
9,79,18.253741130846116
9,80,19.545143509753995
9,81,18.372737893948845
9,82,19.339691077682087
9,83,16.402759640630414
9,84,13.666874985786189
9,85,11.817213461300602
9,86,9.464513182738434
9,87,9.957152715092857
9,88,10.703159234719026
9,89,12.392899386600043
9,90,15.462843856041047
9,91,18.39541839038714
9,92,21.805256726318163
9,93,24.887526512983076
9,94,28.345823622989137
9,95,30.18545989557696
9,96,33.67235379080782
9,97,33.781143657916154
9,98,30.01179050083608
9,99,27.126999300414127
9,100,25.008728409279236
9,101,21.295682629039685
9,102,20.72238451416887
9,103,17.08994811347163
9,104,13.607526688048393
9,105,10.089465088677345
9,106,7.76195295817309
9,107,6.598381275779882
9,108,4.935602576818444
9,109,6.307720041065461
9,110,8.91357681606111
9,111,11.110385111901167
9,112,14.5862111052983
9,113,17.07696483655497
9,114,20.50504911922676
9,115,23.586218381338025
10,1,25.7329237213121
10,2,23.08509843056704
10,3,19.34580508080949
10,4,16.366808813470556
10,5,13.511856428856243
10,6,9.87944098884616
10,7,9.201196096140261
10,8,5.446475805243295
10,9,3.788910662029996
10,11,3.8186623813359017
10,12,6.848559650514265
10,13,10.130699523243138
10,14,13.776444511177308
10,15,15.90684443272696
10,16,18.10747293174174
10,17,15.983298936489145
10,18,14.718215496530187
10,19,11.12988417500891
10,20,10.691511021818773
10,21,9.335026300384065
10,22,10.5067801971656
10,23,12.79182791210588
10,24,16.003428646249446
10,25,18.962101371501944
10,26,21.365144069324312
10,27,24.373205381419552
10,28,25.7939583430923
10,29,28.206640815850836
10,30,28.483664206365944
10,31,28.61388419876302
10,32,26.6949690675187
10,33,24.243611898105357
10,34,20.461944230626756
10,35,18.88556384520577
10,36,15.549016714536016
10,37,15.229513450864484
10,38,13.469578747926683
10,39,14.212489201819483
10,40,15.943875527792915
10,41,19.15120111667509
10,42,22.463898611255885
10,43,21.580161710873227
10,44,18.49572602090275
10,45,18.6624556966259
10,46,19.338647410268738
10,47,17.352926062554925
10,48,19.016291557686962
10,49,21.884501404535584
10,50,23.346553974170856
10,51,26.831866458069243
10,52,27.751391327853746
10,53,26.895842913061298
10,54,26.15235916302552
10,55,22.648630367780562
10,56,23.46514438832686
10,57,20.13396534409476
10,58,18.665798123688283
10,59,19.429266284755684
10,60,18.85648949450619
10,61,17.891301724657755
10,62,20.756262777539913
10,63,24.22049294561334
10,64,24.097830819216902
10,65,27.96101309190753
10,66,28.024624055083613
10,67,29.57359659089999
10,68,27.734617689193495
10,69,24.17473051695073
10,70,21.45336683664377
10,71,18.464778269714362
10,72,17.117958083696823
10,73,14.245845573482505
10,74,14.608727033699624
10,75,14.516208196154281
10,76,14.848800727898327
10,77,17.280992734037227
10,78,18.18861042236673
10,79,15.163067207537622
10,80,16.264169708428913
10,81,15.04757754233839
10,82,16.46998110188276
10,83,13.732938284549649
10,84,10.865339230370155
10,85,9.861862599324711
10,86,8.671635356867561
10,87,9.675650178315554
10,88,11.666044547626559
10,89,13.728292515701245
10,90,17.15358556737451
10,91,20.383390146139995
10,92,23.678401593486633
10,93,27.010667437409733
10,94,30.267061738787344
10,95,32.068858992927304
10,96,35.40779206419789
10,97,35.1993632900264
10,98,31.374067413937897
10,99,28.708985725579584
10,100,26.868390368568924
10,101,23.276975719982264
10,102,23.195108247824543
10,103,19.748160138341927
10,104,16.06670676417657
10,105,12.753777406084009
10,106,10.729361010045423
10,107,8.365281255116187
10,108,5.156302693904519
10,109,4.517027606698772
10,110,5.956435008425621
10,111,7.549711957003461
10,112,10.917410181010979
10,113,13.296452697195289
10,114,16.758528233694655
10,115,19.823643479325522
11,1,27.840929344499095
11,2,24.86063612415558
11,3,21.282963571907548
11,4,18.005282113717136
11,5,15.206517087399915
11,6,11.444129256057032
11,7,10.70697753657721
11,8,7.027431138829987
11,9,7.173196884177698
11,10,3.8186623813359017
11,12,3.8259743195353577
11,13,6.540983362237702
11,14,10.3227866987845
11,15,12.614634935824904
11,16,14.57598166194328
11,17,12.248992588544029
11,18,11.15138757685929
11,19,7.808249487332279
11,20,8.047178080346507
11,21,7.972681608501719
11,22,9.997090530549228
11,23,13.12595750741385
11,24,16.519934996309047
11,25,19.884483169619287
11,26,22.571495296809996
11,27,25.39515255871518
11,28,26.482480653877012
11,29,29.252397329937512
11,30,29.68900709250226
11,31,29.379062376667942
11,32,27.322284584452124
11,33,24.50992347049953
11,34,20.74989993994024
11,35,19.026949376350146
11,36,15.562999226075881
11,37,15.534271469317328
11,38,13.804813582816928
11,39,15.438649821621127
11,40,17.75537851242799
11,41,20.882526745015543
11,42,23.85645205437881
11,43,22.476605054641112
11,44,19.28251352233337
11,45,18.694646697173095
11,46,19.084150797515033
11,47,16.50947581860172
11,48,18.12906325973405
11,49,21.342085662696842
11,50,22.7816210531326
11,51,26.383750238353272
11,52,26.930487774370025
11,53,25.749132220297046
11,54,24.510593137706273
11,55,20.832804567992213
11,56,21.100073152167337
11,57,17.575205042758093
11,58,16.410868217094432
11,59,17.059800768441956
11,60,16.976581278613157
11,61,15.951678222905215
11,62,19.217005385571856
11,63,22.69951937961579
11,64,23.0156381887037
11,65,26.81870122779242
11,66,27.049394007568765
11,67,29.04477931279004
11,68,27.394627731925333
11,69,23.702098096924853
11,70,21.459844957981858
11,71,18.06587626762851
11,72,16.649584359068626
11,73,13.272593514416645
11,74,12.898817123388797
11,75,11.94225920766866
11,76,12.150061972891676
11,77,14.086075314060846
11,78,14.824771685120616
11,79,12.052568614685953
11,80,13.559650357842798
11,81,12.985318325202957
11,82,14.814192034691692
11,83,11.98543893014646
11,84,9.733396559708694
11,85,10.067618301702703
11,86,9.889535603134979
11,87,10.311538508719625
11,88,12.894345165914892
11,89,14.593338867071418
11,90,18.305400862389465
11,91,21.502980441809836
11,92,24.776386129926426
11,93,28.20555859189535
11,94,31.24072612508076
11,95,33.213158986777536
11,96,36.43421885917032
11,97,36.10743962967504
11,98,32.25004408429333
11,99,29.656504556434992
11,100,28.25631840333643
11,101,24.847952822050665
11,102,25.026630846694395
11,103,21.725320969303436
11,104,18.064631611702307
11,105,14.86328741249084
11,106,13.59092106548065
11,107,10.739676778561698
11,108,6.982913749703536
11,109,6.136782439948525
11,110,4.887622806048022
11,111,6.0601150605228495
11,112,8.455236273672076
11,113,10.77841773399491
11,114,14.188258928812688
11,115,16.862712086267084
12,1,31.66080568618742
12,2,28.658530074016326
12,3,25.100339686286112
12,4,21.78362673393547
12,5,19.023813458086945
12,6,15.2612598465373
12,7,14.402136739150992
12,8,10.701694827444468
12,9,10.546356816956933
12,10,6.848559650514265
12,11,3.8259743195353577
12,13,3.7930820726748338
12,14,7.120873656894902
12,15,9.85041891124058
12,16,12.373902781811495
12,17,10.485631857007577
12,18,10.6351807997938
12,19,8.23512953114367
12,20,9.888907258865547
12,21,10.860851399255752
12,22,13.33565858772376
12,23,16.683525322715713
12,24,20.10071936811478
12,25,23.552736797876854
12,26,26.29192032907419
12,27,29.065524045976925
12,28,30.02054438031086
12,29,32.874830903145366
12,30,33.29924343601067
12,31,32.81189568253654
12,32,30.603114850232913
12,33,27.6014677744923
12,34,23.8921714955346
12,35,21.887664643827765
12,36,18.27877481959213
12,37,17.913657121966995
12,38,15.716824338745788
12,39,17.449633475041658
12,40,20.215176877742852
12,41,22.97081676893527
12,42,25.84426092410373
12,43,24.010300720298748
12,44,21.10780185323377
12,45,20.263190007352737
12,46,20.95968115636795
12,47,18.282160563616568
12,48,20.242649730689557
12,49,23.72654925109544
12,50,25.38839185564235
12,51,28.92128367399357
12,52,29.05609714162236
12,53,27.453843511200343
12,54,25.79161842228935
12,55,21.989659414318133
12,56,21.70922090649236
12,57,17.96009936653539
12,58,17.55533155683236
12,59,18.41269026384184
12,60,18.997933333782377
12,61,18.06084112040384
12,62,21.595367082657418
12,63,25.010192539354094
12,64,25.619238486611017
12,65,29.329153202746028
12,66,29.73174650002926
12,67,32.000563695077176
12,68,30.48603276821917
12,69,26.754079028638337
12,70,24.78624631051399
12,71,21.23846113134525
12,72,19.755966566042858
12,73,16.200741066635217
12,74,15.174819301817232
12,75,13.33970700435048
12,76,12.855519494912906
12,77,13.829178069771821
12,78,13.589731613239367
12,79,10.780118787818264
12,80,11.749751975927191
12,81,11.048235755786207
12,82,13.71025556964025
12,83,11.61642312618893
12,84,9.414378827501302
12,85,10.93249669628503
12,86,11.9714753570921
12,87,12.948091741549234
12,88,16.013062690941346
12,89,17.93309227789428
12,90,21.634574085437247
12,91,24.937662447625634
12,92,28.071575646366902
12,93,31.594130436834877
12,94,34.49535326792147
12,95,36.37540245297123
12,96,39.47076647047129
12,97,38.90764364905677
12,98,35.0653514951401
12,99,32.68029529215642
12,100,31.401280627152417
12,101,28.088558045274368
12,102,28.52156046221821
12,103,25.32969629345015
12,104,21.61534370280644
12,105,18.547136704884146
12,106,17.13161943234928
12,107,14.107728918118342
12,108,10.354399460166231
12,109,8.420557900067537
12,110,6.099269195446246
12,111,4.753351490690832
12,112,5.832734851773383
12,113,7.244701721687249
12,114,10.836048217711678
12,115,13.432300359366973
13,1,33.55618079464802
13,2,30.308398452019546
13,3,26.957097580289577
13,4,23.443379934921232
13,5,20.926668661063193
13,6,17.209965072488554
13,7,16.620848014375895
13,8,13.239192109617711
13,9,13.69605748809598
13,10,10.130699523243138
13,11,6.540983362237702
13,12,3.7930820726748338
13,14,3.835696997456219
13,15,6.585741737455079
13,16,8.702061068532046
13,17,6.779985765999044
13,18,7.626556919612101
13,19,6.379664527347189
13,20,9.161098587104822
13,21,11.169846826950813
13,22,14.116771808957324
13,23,17.69710575207371
13,24,21.13570260917714
13,25,24.70724494111899
13,26,27.681415681957176
13,27,30.169460106408675
13,28,30.737988383370197
13,29,33.80181133204299
13,30,34.285503277097206
13,31,33.38969725720273
13,32,31.033043020838505
13,33,27.76609491263434
13,34,24.207089346770992
13,35,22.07150251739136
13,36,18.525124773545517
13,37,18.351376051036457
13,38,16.325986311025034
13,39,18.683794838358345
13,40,21.776148704515563
13,41,24.386337774163195
13,42,26.862633763796833
13,43,24.65408588316829
13,44,21.75687672544879
13,45,20.268148924490784
13,46,20.686229944298987
13,47,17.651338157481646
13,48,19.53094798685879
13,49,23.18793622004134
13,50,24.858017289896495
13,51,28.335887274579992
13,52,28.061625409688915
13,53,26.14088967223553
13,54,24.03581096391884
13,55,20.20107443663899
13,56,19.34725748618785
13,57,15.539273033355142
13,58,15.660483985703072
13,59,16.525876806362227
13,60,17.746389888681243
13,61,17.032072662847803
13,62,20.775168408745717
13,63,23.97452378019221
13,64,24.87194526989409
13,65,28.40452025509757
13,66,29.07543783290531
13,67,31.67270956843808
13,68,30.464794775420323
13,69,26.69387399957602
13,70,25.205763184575304
13,71,21.4807002816069
13,72,19.852812149428107
13,73,16.175696332471606
13,74,14.395749491038133
13,75,11.756022712884443
13,76,10.831134171073508
13,77,10.907311356302982
13,78,10.204801911990355
13,79,7.863286918298724
13,80,9.281493521270455
13,81,9.668839166798783
13,82,12.50515291094486
13,83,10.55558996602208
13,84,9.557624801196532
13,85,12.091284862484033
13,86,13.689798066588638
13,87,14.117289762959054
13,88,17.36917581576157
13,89,18.97518548306299
13,90,22.69853465115601
13,91,25.913448003494462
13,92,28.89545954583296
13,93,32.4570054903959
13,94,35.08885605836265
13,95,37.043468644519976
13,96,39.96723522203689
13,97,39.26075329761952
13,98,35.4511126999241
13,99,33.21139408384109
13,100,32.34406199910012
13,101,29.26726838411091
13,102,29.974655920432546
13,103,27.002876055183588
13,104,23.37053434395109
13,105,20.53479567522396
13,106,19.66524815993519
13,107,16.374802956080085
13,108,12.611883732519884
13,109,10.94516812533737
13,110,7.647190324079174
13,111,6.344401860349126
13,112,5.042654183653025
13,113,6.168569139540945
13,114,9.009689954366353
13,115,10.853854459688431
14,1,37.23341436653057
14,2,33.92093866189869
14,3,30.642719111086794
14,4,27.06816967078901
14,5,24.664588309421198
14,6,20.962046119635957
14,7,20.42613723446932
14,8,17.069995740731297
14,9,17.429523290893496
14,10,13.776444511177308
14,11,10.3227866987845
14,12,7.120873656894902
14,13,3.835696997456219
14,15,3.84420804986925
14,16,6.369032066104017
14,17,5.716431379584549
14,18,8.384675741371073
14,19,8.755777722984357
14,20,12.087060793621198
14,21,14.477552756619112
14,22,17.5837946112089
14,23,21.184853504050288
14,24,24.61120808513142
14,25,28.194969544392826
14,26,31.25327655065916
14,27,33.60961129031054
14,28,33.97344854038104
14,29,37.10374056879294
14,30,37.56573277607311
14,31,36.44691379983204
14,32,33.94990994229472
14,33,30.527813250271898
14,34,27.10121156720013
14,35,24.77333183883869
14,36,21.247993704507902
14,37,20.88731375622406
14,38,18.695963366846424
14,39,21.16034743086323
14,40,24.518447848380003
14,41,26.795221819785322
14,42,29.035343893787836
14,43,26.455828195514187
14,44,23.848159801607125
14,45,22.06174881288627
14,46,22.612918257866106
14,47,19.569242970677532
14,48,21.601351206984837
14,49,25.362674933547677
14,50,27.176871682297264
14,51,30.496013554628977
14,52,29.80053355601772
14,53,27.506194017886553
14,54,25.011545825078347
14,55,21.22848179571094
14,56,19.800106315898777
14,57,16.02979412731303
14,58,16.9738605157335
14,59,18.007147622463936
14,60,19.84190591052925
14,61,19.35369459736985
14,62,23.16304715184783
14,63,26.131803716549346
14,64,27.236605059902377
14,65,30.579352080149082
14,66,31.470617994899566
14,67,34.28700856267322
14,68,33.297922012213945
14,69,29.539488209333335
14,70,28.35259019336492
14,71,24.572211237366435
14,72,22.860406648699225
14,73,19.2025571379778
14,74,16.953556380797952
14,75,13.809516727511939
14,76,12.28754451123083
14,77,11.179744739899888
14,78,9.227542838039401
14,79,7.522511911181133
14,80,8.197628130737414
14,81,9.053769492538665
14,82,12.363327714759755
14,83,11.403399974005804
14,84,11.080250608294447
14,85,14.301609826419465
14,86,16.551163268430862
14,87,17.140284093579382
14,88,20.57314381593345
14,89,22.23182642271659
14,90,25.876897291720663
14,91,29.11003869465209
14,92,31.915355213707798
14,93,35.522850375800836
14,94,37.964007259552304
14,95,39.839538897522026
14,96,42.59590117696238
14,97,41.66941279545715
14,98,37.919112398205705
14,99,35.90356032537677
14,100,35.234386859688115
14,101,32.316297688082145
14,102,33.27036950148752
14,103,30.452147760528447
14,104,26.825570353986702
14,105,24.15040548818145
14,106,23.308273953314426
14,107,19.892938200853504
14,108,16.19149562185504
14,109,14.202249792256612
14,110,10.723056077834993
14,111,8.64205644389081
14,112,5.662354568539844
14,113,4.8656053275321645
14,114,6.4433316002417245
14,115,7.324759807219776
15,1,38.366165692607495
15,2,34.95985277740614
15,3,31.856952795183012
15,4,28.141873099398826
15,5,26.16668036601975
15,6,22.487991062452306
15,7,22.54576201125605
15,8,19.309071389171624
15,9,19.50196062875317
15,10,15.90684443272696
15,11,12.614634935824904
15,12,9.85041891124058
15,13,6.585741737455079
15,14,3.84420804986925
15,16,3.85136402149734
15,17,5.574540869785246
15,18,8.545248638288768
15,19,9.510803209098656
15,20,13.28555756697254
15,21,15.467877626843197
15,22,18.959473012787065
15,23,22.337802657871173
15,24,25.884995637682874
15,25,29.295306080597037
15,26,32.604413047458024
15,27,34.635678930661584
15,28,34.601281752936295
15,29,37.66435433502941
15,30,37.934273399549085
15,31,36.52232005213446
15,32,33.74827495408193
15,33,30.16814660872758
15,34,26.937758553450575
15,35,24.272435066975067
15,36,20.79747417937232
15,37,20.138804452630584
15,38,17.879361736566295
15,39,20.54209122936937
15,40,24.14087098654986
15,41,26.028278610007593
15,42,27.860044979956715
15,43,24.93555361799587
15,44,22.60480740038338
15,45,20.464861403971586
15,46,21.12577488226854
15,47,18.22126208866885
15,48,20.51260751798635
15,49,24.32237021231685
15,50,26.459617687946505
15,51,29.4787134088684
15,52,28.342421101676006
15,53,25.68555303260147
15,54,22.9984265401423
15,55,19.32855207017484
15,56,17.699387138337205
15,57,14.047169214748866
15,58,15.761948532617435
15,59,17.396927990571058
15,60,19.8103321414548
15,61,20.024042962088398
15,62,23.83112382178553
15,63,26.421952707129797
15,64,27.300860906362548
15,65,30.491912394262783
15,66,31.831740926232513
15,67,34.66424214767951
15,68,34.08347839586354
15,69,30.299245475703074
15,70,29.306032197371234
15,71,25.57872955028517
15,72,23.424319136433315
15,73,19.990017625684175
