1,2,3.804061179485538
1,3,6.823973683208473
1,4,9.303392799747638
1,5,12.712133575506147
1,6,14.923716017582175
1,7,17.999306693012883
1,8,17.40226399480226
1,9,17.759314493087118
1,10,20.94663061028014
1,11,22.48476045552909
1,12,23.083858219435175
1,13,24.77843538358513
1,14,25.647583175670974
1,15,25.481014543902223
1,16,28.351089183160575
1,17,29.712825732066186
1,18,28.59381045078731
1,19,31.913672408139504
1,20,30.78091741480538
1,21,30.147502062859573
1,22,26.546189541016712
1,23,25.154972861960626
1,24,23.26611196799018
1,25,21.958898180542775
1,26,20.208832169185566
1,27,18.64157065923582
1,28,18.013553647427926
1,29,15.914964278744527
1,30,17.383871299398464
1,31,14.740846334105091
1,32,14.0361920992388
1,33,10.475171879343153
1,34,9.46806854891834
1,35,7.599156452463067
1,36,5.83143160569571
1,37,6.356466309651957
1,38,10.116989010638346
1,39,11.99564026255037
1,40,15.00425751389613
1,41,18.047645096738087
1,42,21.743457108563213
1,43,24.820786706828713
1,44,28.466026162958727
1,45,30.553283005482992
1,46,32.506982363393156
1,47,29.766087794191723
1,48,26.938646728995124
1,49,25.365900618819182
1,50,24.254325107512013
1,51,21.441512492028195
1,52,23.027911656278434
1,53,20.588205967608456
1,54,20.676845172218314
1,55,18.138304749715452
1,56,19.34178080600001
1,57,16.267076810915714
1,58,13.541674151376862
1,59,10.04940722265931
1,60,11.167473403047522
1,61,9.139841556549955
1,62,10.640507719943823
1,63,11.016024986439815
1,64,12.951674374852717
1,65,15.97525012512402
1,66,17.27346274704832
1,67,16.648606703935222
1,68,15.325746904907081
1,69,17.365926541566996
1,70,17.488551386230974
1,71,20.14687998536699
1,72,21.21813435148568
1,73,24.396616934222823
1,74,26.172667175699615
1,75,29.213382214952794
1,76,32.56923068058444
1,77,33.53967749754207
1,78,32.22858910277993
1,79,28.45973475463865
1,80,26.064737678521247
1,81,22.669206423050902
1,82,20.05589056237614
1,83,17.260231343192917
1,84,16.19892020292708
1,85,19.669481477929935
1,86,21.092910194400847
1,87,23.390116500385652
1,88,25.86657517048164
1,89,28.729210660957342
1,90,29.16836914195213
1,91,32.19007840995617
1,92,31.864077557398303
1,93,34.87605019349158
2,1,3.804061179485538
2,3,3.794710716641056
2,4,6.601523573223386
2,5,9.498592538797345
2,6,11.883182875123989
2,7,14.893642520280714
2,8,14.775178998190139
2,9,15.643810391882845
2,10,19.149256373985008
2,11,21.10591951999634
2,12,22.243527022082482
2,13,24.17919873716497
2,14,24.738530881870396
2,15,24.83320262745196
2,16,28.02656218668662
2,17,29.724905846832524
2,18,29.078506740175136
2,19,32.55530035727826
2,20,31.633711172203483
2,21,30.643523906984086
2,22,26.969039043859667
2,23,25.19377136035935
2,24,23.411493705669734
2,25,21.70218418536802
2,26,19.91027348349231
2,27,17.79096962061833
2,28,17.00960237070061
2,29,14.455909284469671
2,30,15.573988043882634
2,31,12.627336884760295
2,32,12.40678855821968
2,33,8.743253103281074
2,34,9.000921710026223
2,35,8.165990783875722
2,36,5.331793313638902
2,37,5.914942180858722
2,38,9.028133360495138
2,39,10.300996632176574
2,40,13.830209305749042
2,41,16.72319828897224
2,42,20.510539455075207
2,43,23.418142692525134
2,44,27.158220957988913
2,45,28.871558603001763
2,46,30.80652817020125
2,47,28.15175283485072
2,48,25.032458591531743
2,49,23.571508012609687
2,50,22.987741865499235
2,51,20.4295637582463
2,52,22.460121215490563
2,53,20.236999368703778
2,54,21.018595479672356
2,55,18.80533602293617
2,56,20.5542686513412
2,57,17.63551920456223
2,58,15.240979491621172
2,59,11.467309187823732
2,60,11.997756778715592
2,61,9.976600958779517
2,62,10.835668616621478
2,63,12.03655868097283
2,64,13.654281498346645
2,65,16.569740316945403
2,66,17.727619938441592
2,67,16.653696682002728
2,68,15.461123458198163
2,69,17.849282620071158
2,70,17.76944026973716
2,71,20.633258994066605
2,72,21.482564354530037
2,73,24.641806175742506
2,74,25.941132774399033
2,75,28.918197038598354
2,76,32.12151477988851
2,77,32.67322696662705
2,78,30.99743680619346
2,79,27.18206941468045
2,80,24.468581270333928
2,81,21.2307207003163
2,82,18.193394411395758
2,83,15.47537985791474
2,84,13.718532536074362
2,85,16.924385410405435
2,86,18.858339039987683
2,87,21.343084920116883
2,88,24.197249599029167
2,89,27.18068381914384
2,90,28.077854433817222
2,91,31.263176348433138
2,92,31.358683485670124
2,93,34.617869128710815
3,1,6.823973683208473
3,2,3.794710716641056
3,4,3.7904217004509975
3,5,6.6130858564642745
3,6,8.31161935387166
3,7,11.620825059890429
3,8,11.862736135853252
3,9,12.47958447316053
3,10,16.03596247218667
3,11,17.968472159967316
3,12,19.52015534161903
3,13,21.379010244182503
3,14,21.597655697504223
3,15,21.752080510194975
3,16,25.11603285542355
3,17,27.01066783539653
3,18,26.741760966126424
3,19,30.30276375456351
3,20,29.580151566288304
3,21,28.32793389086401
3,22,24.62649662776457
3,23,22.554733208794016
3,24,20.901732253800965
3,25,18.98390388612817
3,26,17.36567666152044
3,27,15.061207005571019
3,28,14.613716846922667
3,29,12.210165020392555
3,30,13.682513652714565
3,31,11.16871968058072
3,32,12.10228780124023
3,33,9.045616430538168
3,34,9.481770912569585
3,35,9.021187862745869
3,36,5.340634475052488
3,37,4.55846452125772
3,38,6.205708326183738
3,39,6.959519391011961
3,40,10.702272117363243
3,41,13.595725697976269
3,42,17.35308453783933
3,43,20.277734764684162
3,44,24.03044217839283
3,45,25.51201517110634
3,46,27.605569477281968
3,47,25.167406604662144
3,48,21.92081713687933
3,49,20.830018399396703
3,50,20.42822689295693
3,51,17.838073674752334
3,52,19.919625495410955
3,53,17.686718932028153
3,54,19.008539566609425
3,55,16.99022824393246
3,56,19.097218880816435
3,57,16.38976706353206
3,58,14.531427320321173
3,59,10.760158959292584
3,60,10.604135561384215
3,61,9.084195327664508
3,62,9.830262473884721
3,63,12.136927354357253
3,64,14.086935932304863
3,65,16.347227510556387
3,66,16.815979106664702
3,67,15.02876722739677
3,68,13.57310137118373
3,69,15.926401783440747
3,70,15.52185022931666
3,71,18.449373934138016
3,72,19.14545791243557
3,73,22.293072648778608
3,74,23.274416755322882
3,75,26.27404728261301
3,76,29.28747477795989
3,77,29.567506537711544
3,78,27.671814506798494
3,79,23.85741273151826
3,80,20.966503522256478
3,81,17.7707004779513
3,82,14.57316956580991
3,83,11.871345240637693
3,84,9.937944073618116
3,85,13.168962457321694
3,86,15.139769304743249
3,87,17.611466983833864
3,88,20.570992282429675
3,89,23.599241022860078
3,90,24.71022976140557
3,91,27.9919811126373
3,92,28.360065334038893
3,93,31.76113639429501
4,1,9.303392799747638
4,2,6.601523573223386
4,3,3.7904217004509975
4,5,3.794586905492622
4,6,6.0597095907744025
4,7,8.758756804009737
4,8,8.281745285668059
4,9,9.125553790425606
4,10,12.757745312841589
4,11,15.094754224803523
4,12,16.641529923722544
4,13,18.93955450452842
4,14,19.41124745297635
4,15,20.169189129208
4,16,23.66256271001843
4,17,25.981453447451365
4,18,25.888788723969025
4,19,29.598245925917922
4,20,29.354864615730353
4,21,28.22674561018694
4,22,24.447007765635533
4,23,21.916112359071022
4,24,19.872125430292954
4,25,17.384914509578262
4,26,15.26713829328564
4,27,12.421372578737932
4,28,11.413328005094433
4,29,8.649743904034361
4,30,9.946736904903547
4,31,7.6598146994489165
4,32,9.304558988224542
4,33,7.133521820824852
4,34,7.7392998701012266
4,35,8.144479380799224
4,36,5.093004328723433
4,37,5.549929284203969
4,38,5.8103780674374335
4,39,7.420000883386172
4,40,10.988316961103465
4,41,14.174167282447977
4,42,17.69637730240295
4,43,20.79682866336976
4,44,24.470393957438645
4,45,25.575224414289305
4,46,28.042796175161545
4,47,26.038888677489414
4,48,22.668311004664638
4,49,22.190352792401146
4,50,21.96490465054855
4,51,19.257216019988896
4,52,21.07227538387084
4,53,18.540983496914116
4,54,20.159218494202626
4,55,17.91887419033093
4,56,19.7779704625273
4,57,16.880972792620945
4,58,15.811902284368387
4,59,12.196621570176875
4,60,10.790049766733182
4,61,8.725454675531756
4,62,8.079088058279973
4,63,10.712406987248892
4,64,12.228807882967702
4,65,14.037192787598306
4,66,14.364945201469752
4,67,12.492430327625293
4,68,11.69393117408275
4,69,14.611259767580234
4,70,14.79176279793168
4,71,18.141696946852726
4,72,19.317250240170807
4,73,22.682045369880143
4,74,23.646973523839655
4,75,26.861169044986656
4,76,29.559794915243337
4,77,29.58845568946607
4,78,27.41186181560157
4,79,23.665525786912035
4,80,20.475522372728374
4,81,17.169313263019816
4,82,13.858321664695342
4,83,10.634970683731073
4,84,8.372280206256802
4,85,11.19017007951251
4,86,13.011528740591455
4,87,16.031560067486808
4,88,19.087143055093854
4,89,22.453600799655757
4,90,23.857287156756744
4,91,27.37953219585946
4,92,28.08619268047654
4,93,31.567662418706902
5,1,12.712133575506147
5,2,9.498592538797345
5,3,6.6130858564642745
5,4,3.794586905492622
5,6,3.8073672512869643
5,7,5.531593306322052
5,8,5.969809879490097
5,9,8.048905361800834
5,10,11.848250281434318
5,11,14.771456992433928
5,12,16.90320319278887
5,13,19.45577913262077
5,14,19.605400400605223
5,15,20.77996356426501
5,16,24.472175277420245
5,17,27.12405342805388
5,18,27.510547325431258
5,19,31.261517444057187
5,20,31.286595010348666
5,21,29.90514419396455
5,22,26.186582271244024
5,23,23.34217555368359
5,24,21.44200026183406
5,25,18.608512080930872
5,26,16.511450883968426
5,27,13.195429301182578
5,28,11.933508834078038
5,29,8.856157596097868
5,30,9.184630853287667
5,31,6.95855137400692
5,32,9.439715657246213
5,33,8.225759242203042
5,34,10.014835434793898
5,35,11.235239952636181
5,36,8.713697907797116
5,37,9.221453424111735
5,38,8.538810042185258
5,39,9.040904413000392
5,40,12.371364351120421
5,41,15.011403587781635
5,42,18.25962036277284
5,43,21.011382796464456
5,44,24.600349378878548
5,45,25.153846806217086
5,46,27.612215629732056
5,47,25.868449983377904
5,48,22.269919675672337
5,49,22.095226596059682
5,50,22.484476092988913
5,51,20.17298034009649
5,52,22.267233803699465
5,53,20.052700660678642
5,54,22.217980483439405
5,55,20.350342654949923
5,56,22.475134505622826
5,57,19.83289685430389
5,58,19.06322356526785
5,59,15.576220582405757
5,60,13.9609958349307
5,61,12.159624387742173
5,62,10.988256903219765
5,63,13.64868362406281
5,64,14.560689633733446
5,65,16.05050672809906
5,66,16.2703451384173
5,67,14.23624705931581
5,68,13.865072488197416
5,69,16.850454058881187
5,70,16.94589092423915
5,71,20.258639939997867
5,72,21.23507055461221
5,73,24.429108246583283
5,74,24.90712046632725
5,75,27.967077237528333
5,76,30.375590025833695
5,77,29.9300442741744
5,78,27.366218652997432
5,79,23.719121168736688
5,80,20.227054473475846
5,81,17.2911764909177
5,82,13.672924438680694
5,83,10.80539782862839
5,84,7.578491507008396
5,85,9.247429901743955
5,86,11.801259674762338
5,87,15.102814730537645
5,88,18.537316096136117
5,89,21.9960331234694
5,90,23.960254140178062
5,91,27.59066654498945
5,92,28.787831015300572
5,93,32.42951387938302
6,1,14.923716017582175
6,2,11.883182875123989
6,3,8.31161935387166
6,4,6.0597095907744025
6,5,3.8073672512869643
6,7,3.827014113975141
6,8,5.760574152700299
6,9,6.636365905057675
6,10,10.176129124168757
6,11,12.712286235326106
6,12,15.454312548711338
6,13,17.57286460867471
6,14,17.084281645995
6,15,18.101053145022895
6,16,21.877114271376264
6,17,24.570439697551315
6,18,25.36747478258367
6,19,29.064358648125825
6,20,29.160713366789587
6,21,27.468462313998337
6,22,23.866751999126983
6,23,20.895822571429147
6,24,19.37994929171174
6,25,16.587548274079904
6,26,15.059013553637659
6,27,11.912297949193652
6,28,11.58479522401645
6,29,9.43582516084815
6,30,10.55322376168077
6,31,9.559276248788313
6,32,12.666977298774102
6,33,11.817750643065635
6,34,13.030537447625886
6,35,13.844001968285571
6,36,10.984511809777535
6,37,10.269839337440024
6,38,8.191243105726908
6,39,7.502195106955956
6,40,10.105848967569747
6,41,12.239625136045277
6,42,15.146706517549536
6,43,17.736267824927015
6,44,21.21520690046506
6,45,21.541829179388184
6,46,24.09624711435183
6,47,22.587873954357853
6,48,18.986162263625186
6,49,19.225128084110985
6,50,19.75129009785133
6,51,17.550225367271626
6,52,19.59522750237643
6,53,17.572781035147155
6,54,20.17869563014459
6,55,18.726902389765357
6,56,21.151060952877252
6,57,18.990100510742995
6,58,18.631140557251197
6,59,15.522187932377825
6,60,13.75493889544188
6,61,12.902675534626924
6,62,12.212036961379727
6,63,15.492040967549839
6,64,16.938049418475657
6,65,17.808949356960866
6,66,17.22946477098923
6,67,14.496956474987478
6,68,13.568335637776572
6,69,15.997396491815804
6,70,15.49230429541848
6,71,18.493697025897845
6,72,19.08450986489654
6,73,22.025917483723063
6,74,22.092100686617876
6,75,25.0189545965341
6,76,27.208864094517157
6,77,26.51374109140111
6,78,23.798593463718777
6,79,20.215941140860973
6,80,16.630958080298523
6,81,13.901884307132477
6,82,10.205344194199913
6,83,7.737922619721473
6,84,4.11592103773587
6,85,5.530360122530403
6,86,8.33148615834697
6,87,11.458542843110008
6,88,15.013076789322499
6,89,18.395346758258587
6,90,20.549228621236434
6,91,24.17155284622931
6,92,25.595814219526538
6,93,29.31265593076334
7,1,17.999306693012883
7,2,14.893642520280714
7,3,11.620825059890429
7,4,8.758756804009737
7,5,5.531593306322052
7,6,3.827014113975141
7,8,3.8294106698213284
7,9,6.010671975524132
7,10,9.063795019431371
7,11,12.244153182049596
7,12,15.158100653754513
7,13,17.694837668539627
7,14,17.285630891465736
7,15,18.994654917286798
7,16,22.7826719676331
7,17,25.85090566198179
7,18,26.93032525487646
7,19,30.64713806886311
7,20,31.165576790863135
7,21,29.521382951362977
7,22,25.993236969473216
7,23,22.718007337829132
7,24,21.03907278756814
7,25,17.845819836241446
7,26,16.029770892314705
7,27,12.513103849351653
7,28,11.573511364242055
7,29,9.319318921454245
7,30,9.365410556108165
7,31,9.035892673705039
7,32,12.528908709834742
7,33,12.738917004071357
7,34,14.360466880689154
7,35,15.775519160228958
7,36,13.558212923821374
7,37,13.525473660871027
7,38,11.455601819185421
7,39,11.14064366632541
7,40,13.29995661753748
7,41,15.185561129622167
7,42,17.607006873072937
7,43,19.967544069061837
7,44,23.18202031927063
7,45,22.955923594373797
7,46,25.646835975199398
7,47,24.592197841289046
7,48,20.954577148427674
7,49,21.655986158079912
7,50,22.53903898856146
7,51,20.54980190303987
7,52,22.481483411480603
7,53,20.503022549638505
7,54,23.28776368856096
7,55,21.84401593600415
7,56,24.092420257827165
7,57,21.911959015657285
7,58,21.93269918750152
7,59,18.92471402857406
7,60,16.7395313600989
7,61,15.596408041056435
7,62,14.126514827154377
7,63,17.153859604586092
7,64,17.954226240633677
7,65,18.452492669859126
7,66,17.87390108762825
7,67,15.318135600765945
7,68,15.172124795331618
7,69,17.833342464543975
7,70,17.76565189180639
7,71,20.85737811044191
7,72,21.672805310599543
7,73,24.57843331658307
7,74,24.47292282427559
7,75,27.370794372045857
7,76,29.18459413186246
7,77,28.127865575512065
7,78,25.111470391578113
7,79,21.77818848811125
7,80,18.019102920205874
7,81,15.631065647721254
7,82,12.119440057147859
7,83,9.917007250500182
7,84,6.58498509893217
7,85,5.676676095667276
7,86,8.441098079253333
7,87,11.934897481727242
7,88,15.519442442378452
7,89,19.035522944927738
7,90,21.638033942754756
7,91,25.351768019662238
7,92,27.205969306252936
7,93,30.9456689199281
8,1,17.40226399480226
8,2,14.775178998190139
8,3,11.862736135853252
8,4,8.281745285668059
8,5,5.969809879490097
8,6,5.760574152700299
8,7,3.8294106698213284
8,9,3.8243010566209907
8,10,6.936940989467333
8,11,10.52444018596996
8,12,12.749024590790828
8,13,15.792470592182186
8,14,16.17816986539026
8,15,18.303245618874136
8,16,21.955715074468532
8,17,25.14187490630598
8,18,25.877864589025943
8,19,29.66343193615447
8,20,30.410444440904843
8,21,29.208372991664266
8,22,25.586676731344912
8,23,22.226780384920353
8,24,19.978714118514546
8,25,16.525879939844447
8,26,14.039490647246728
8,27,10.267935705687345
8,28,8.432485126028931
8,29,5.8264784980430635
8,30,5.62459482878915
8,31,6.167081148687021
8,32,9.939531680984546
8,33,10.933552094011223
8,34,12.026754728185876
8,35,13.64387801565525
8,36,12.193795742877748
8,37,12.821257100322516
8,38,10.963755116662501
8,39,11.894635874505266
8,40,14.05005274539111
8,41,16.603969927373022
8,42,19.08599928040824
8,43,21.89520803655021
8,44,25.09443069887612
8,45,25.108163575032812
8,46,28.076128981838107
8,47,27.096322433164982
8,48,23.615131520908744
8,49,24.381415831474666
8,50,24.80064563522426
8,51,22.370426694304733
8,52,23.852946888856287
8,53,21.3602592332748
8,54,23.75820131648955
8,55,21.77932814794324
8,56,23.48954842488377
8,57,20.933097160746353
8,58,21.239155860996846
8,59,18.29390088354282
8,60,15.599925225244496
8,61,13.934174659890664
8,62,11.712420488830993
8,63,14.433946178192969
8,64,14.881578199347128
8,65,15.023589393446548
8,66,14.479618885230835
8,67,12.233732273649165
8,68,12.817832170620724
8,69,15.899601805453674
8,70,16.613880938448645
8,71,20.04406756487293
8,72,21.515115031684847
8,73,24.74192665318947
8,74,25.144037406238947
8,75,28.357757460141286
8,76,30.181737416430593
8,77,29.400561889597878
8,78,26.555420531661838
8,79,23.23891981849318
8,80,19.582973141913577
8,81,16.766851634979275
8,82,13.595623917594006
8,83,10.621230956017948
8,84,8.110485903344017
8,85,8.003195721696539
8,86,9.394507927159783
8,87,13.189619785816198
8,88,16.334266961007966
8,89,20.073007822763028
8,90,22.35809532779499
8,91,26.157242692740617
8,92,27.816738677204164
8,93,31.42167084100769
9,1,17.759314493087118
9,2,15.643810391882845
9,3,12.47958447316053
9,4,9.125553790425606
9,5,8.048905361800834
9,6,6.636365905057675
9,7,6.010671975524132
9,8,3.8243010566209907
9,10,3.8077825075641902
9,11,6.940187724110397
9,12,9.321377951331069
9,13,12.100604010490706
9,14,12.440609145751012
9,15,14.539301243029128
9,16,18.158542543222204
9,17,21.35755470349797
9,18,22.111209627872796
9,19,25.88858066119664
9,20,26.74797985953525
9,21,25.611497554522774
9,22,22.0265884399732
9,23,18.582982621809776
9,24,16.27172031366558
9,25,12.756046817851376
9,26,10.392044047535835
9,27,6.693094710115221
9,28,5.790457042921841
9,29,4.905044306873252
9,30,6.855095627577767
9,31,8.483351298611788
9,32,12.129211227274537
9,33,12.921559736330831
9,34,12.960257062489458
9,35,13.921167144560087
9,36,12.38773263455262
9,37,12.243020488922225
9,38,9.577304931156839
9,39,10.629542027935727
9,40,11.913662294721046
9,41,14.526949710772476
9,42,16.67066248713329
9,43,19.704575630572954
9,44,22.744207215665924
9,45,22.91950248483278
9,46,26.140071528492825
9,47,25.34998558063711
9,48,22.130733218508713
9,49,23.20106946795592
9,50,23.204625240522653
9,51,20.498804024070196
9,52,21.464859526066434
9,53,18.726636273416755
9,54,21.051076788392717
9,55,19.017874399325848
9,56,20.53282429281073
9,57,18.172206103856883
9,58,19.015874498139734
9,59,16.538989610365352
9,60,13.46610111760772
9,61,12.439749054579474
9,62,10.53623750582358
9,63,13.704473956692931
9,64,14.851390859135805
9,65,14.311309626485368
9,66,12.85108301290844
9,67,9.91361779060902
9,68,10.030167308585767
9,69,12.697258905235303
9,70,13.333680616016496
9,71,16.670338084505616
9,72,18.285526978519908
9,73,21.51367082640305
9,74,22.033598950899368
9,75,25.367135277117544
9,76,27.074634251543053
9,77,26.430462670744618
9,78,23.731838550899827
9,79,20.483600314088658
9,80,16.9809619433286
9,81,13.9558449941251
9,82,11.26516173776957
9,83,8.081303643077032
9,84,6.870146685737592
9,85,7.1268425224168555
9,86,6.955452842714779
9,87,10.636310096108883
9,88,13.33162924820518
9,89,17.12083073047351
9,90,19.11756212445984
9,91,22.921238337339148
9,92,24.467863321250608
9,93,27.986127045275023
10,1,20.94663061028014
10,2,19.149256373985008
10,3,16.03596247218667
10,4,12.757745312841589
10,5,11.848250281434318
10,6,10.176129124168757
10,7,9.063795019431371
10,8,6.936940989467333
10,9,3.8077825075641902
10,11,3.7985746807246348
10,12,6.337872222301241
10,13,9.26099754985437
10,14,9.777035019879019
10,15,12.598676138051951
10,16,15.98454323007797
10,17,19.475473398503716
10,18,20.463657381032167
10,19,24.15337799284741
10,20,25.511372745019184
10,21,24.54538643373748
10,22,21.16386334151167
10,23,17.49897648327656
10,24,15.051327866923197
10,25,11.296253290838031
10,26,8.959597827312015
10,27,5.640010983641765
10,28,5.336448151606803
10,29,6.607177654809431
10,30,8.510498950138278
10,31,11.240792087844564
10,32,14.753011620286815
10,33,16.081428895091285
10,34,15.695906581715406
10,35,16.551569730619768
10,36,15.452410702118947
10,37,15.191261976191917
10,38,12.269932919921597
10,39,13.338333532874529
10,40,13.719491293227337
10,41,16.015698936476166
10,42,17.455143331230296
10,43,20.408531651721976
10,44,23.024106706424377
10,45,22.95985771281056
10,46,26.44551585831331
10,47,26.15521114626459
10,48,23.217743979950114
10,49,24.799170230179243
10,50,24.675678981084914
10,51,21.93772994688271
10,52,22.36951582576556
10,53,19.54320149190297
10,54,21.83619553785375
10,55,19.8391541153507
10,56,20.972612402022197
10,57,18.881769866368685
10,58,20.42229608868553
10,59,18.505271709532252
10,60,15.088991957366149
10,61,14.460054439406681
10,62,12.467857127771499
10,63,15.414118033974086
10,64,16.487357324256475
10,65,15.069184158608415
10,66,12.888807681831357
10,67,9.865689204514435
10,68,10.364462247912352
10,69,12.462490792621603
10,70,13.387781427904372
10,71,16.443174533288598
10,72,18.31088793119544
10,73,21.38011690777468
10,74,21.879801824553155
10,75,25.22284023061872
10,76,26.486942683094107
10,77,25.72300116270697
10,78,23.009895262115585
10,79,20.132508672953726
10,80,16.811940734697565
10,81,14.026557260923534
10,82,12.175213256842014
10,83,9.49063710875974
10,84,9.469796229341325
10,85,8.945301712164301
10,86,7.2132592141915985
10,87,10.33048107214369
10,88,12.187040356164987
10,89,15.920045690793964
10,90,17.875847302393943
10,91,21.637904790499174
10,92,23.375470662829233
10,93,26.733219339394406
11,1,22.48476045552909
11,2,21.10591951999634
11,3,17.968472159967316
11,4,15.094754224803523
11,5,14.771456992433928
11,6,12.712286235326106
11,7,12.244153182049596
11,8,10.52444018596996
11,9,6.940187724110397
11,10,3.7985746807246348
11,12,3.8046077874020594
11,13,5.698173667119689
11,14,6.037620371061679
11,15,9.11060196526526
11,16,12.309133636939293
11,17,15.88028685186253
11,18,16.99852530328972
11,19,20.61071904700977
11,20,22.203475117999886
11,21,21.328930914825317
11,22,18.120805335245663
11,23,14.37968716473557
11,24,11.945286853158569
11,25,8.204697547261842
11,26,6.493955777062849
11,27,4.639280577989559
11,28,6.474317961715999
11,29,9.20178049023799
11,30,11.76842931178951
11,31,14.534709626919359
11,32,17.850270332558605
11,33,18.943336108064678
11,34,17.997403119884655
11,35,18.34448205974789
11,36,17.226045929930308
11,37,16.386612656783385
11,38,13.144782800128379
11,39,14.081992397567456
11,40,13.456944501651474
11,41,15.443648655083994
11,42,16.2414581311461
11,43,19.21023053628149
11,44,21.45085504623465
11,45,21.510668217878088
11,46,25.17642630626844
11,47,25.163740081519922
11,48,22.637223881103786
11,49,24.5139485698446
11,50,24.00135774816386
11,51,21.132924341625902
11,52,20.938729698456218
11,53,18.004456591028145
11,54,20.12563519288563
11,55,18.221238027213936
11,56,19.039039280692517
11,57,17.383276617169024
11,58,19.532153922598606
11,59,18.294321247689314
11,60,14.787516108643015
11,61,14.947411763397564
11,62,13.528133246179062
11,63,16.516324622787135
11,64,18.09103170682734
11,65,16.19977432171963
11,66,13.299962502976241
11,67,9.969446509324758
11,68,9.827002768470674
11,69,10.799022638430843
11,70,11.513534917385556
11,71,14.065597243674782
11,72,16.021816949639014
11,73,18.889780722610094
11,74,19.465593215388886
11,75,22.829149800280316
11,76,23.832948964205038
11,77,23.20304185752027
11,78,20.720099838266822
11,79,18.10887329942372
11,80,15.1937935991327
11,81,12.475928543387788
11,82,11.652510161449605
11,83,9.474306227029203
11,84,10.856209707223735
11,85,10.57271518864576
11,86,7.587727665096821
11,87,9.498042767393954
11,88,10.182400886355705
11,89,13.665498908427992
11,90,15.143692653398801
11,91,18.78512023323181
11,92,20.40255512805222
11,93,23.57377699962369
12,1,23.083858219435175
12,2,22.243527022082482
12,3,19.52015534161903
12,4,16.641529923722544
12,5,16.90320319278887
12,6,15.454312548711338
12,7,15.158100653754513
12,8,12.749024590790828
12,9,9.321377951331069
12,10,6.337872222301241
12,11,3.8046077874020594
12,13,3.8167559428099236
12,14,6.514113598937365
12,15,9.629056811050642
12,16,12.028212519558119
12,17,15.440849312235434
12,18,15.924001580902106
12,19,19.467775693342542
12,20,21.33741385426992
12,21,21.124614201158497
12,22,17.99145864809825
12,23,14.444992586972099
12,24,11.351167686680459
12,25,7.70943873839228
12,26,5.135849475671533
12,27,4.596599051954293
12,28,6.066005137330586
12,29,9.691737760781685
12,30,12.343892512330571
12,31,15.424457909155816
12,32,18.253267592811497
12,33,19.590270448332415
12,34,18.026162359581953
12,35,18.184013014212283
12,36,17.757175019989333
12,37,17.238333176170418
12,38,14.424756268674088
12,39,16.113204147759394
12,40,15.48136926600913
12,41,17.821911295107213
12,42,18.64901146188304
12,43,21.827489319216422
12,44,23.964206678065832
12,45,24.33539839108492
12,46,28.046327096659283
12,47,28.011272713839233
12,48,25.693978233421458
12,49,27.45950392616945
12,50,26.56293001922892
12,51,23.429610560522203
12,52,22.829674159194745
12,53,19.569217377328147
12,54,21.087483008877335
12,55,18.73694026328885
12,56,18.796158093560898
12,57,16.92469124964496
12,58,19.44290166868744
12,59,18.565377958750815
12,60,14.829791685618336
12,61,14.807541074430494
12,62,13.139689613087427
12,63,15.516850079687883
12,64,16.954520716918513
12,65,14.420922649130544
12,66,11.09545180968095
12,67,8.210530502771428
12,68,8.780289011169438
12,69,9.515335687943988
12,70,11.283551794924316
12,71,13.837828607319699
12,72,16.50583409800347
12,73,19.516358365045743
12,74,20.694995773096434
12,75,24.2201203025483
12,76,25.22278504829541
12,77,25.005581915807962
12,78,22.918284863490907
12,79,20.471215452058097
12,80,17.957846915500518
12,81,15.090690032019355
12,82,14.66665539978181
12,83,12.227819825499463
12,84,13.85181420018382
12,85,14.116163047758725
12,86,11.249365891119988
12,87,12.952747645342257
12,88,13.057629694737297
12,89,16.198969582399886
12,90,17.00303442654122
12,91,20.38982862006485
12,92,21.562238973573624
12,93,24.365882458386412
13,1,24.77843538358513
13,2,24.17919873716497
13,3,21.379010244182503
13,4,18.93955450452842
13,5,19.45577913262077
13,6,17.57286460867471
13,7,17.694837668539627
13,8,15.792470592182186
13,9,12.100604010490706
13,10,9.26099754985437
13,11,5.698173667119689
13,12,3.8167559428099236
13,14,3.8126603396983545
13,15,6.558429294873688
13,16,8.358643247804144
13,17,11.77030159818177
13,18,12.44149933818837
13,19,15.874946064551933
13,20,17.969773893720014
13,21,17.789509659823118
13,22,14.931358897038862
13,23,11.41740448903298
13,24,8.535784968584247
13,25,5.403414109840494
13,26,4.797717829826606
13,27,6.627798769495898
13,28,9.347451882086872
13,29,12.991382852226842
13,30,15.954785650861531
13,31,18.80480865635156
13,32,21.63262289345985
13,33,22.60601513813489
13,34,20.832725998674775
13,35,20.577700165377607
13,36,19.884453238667174
13,37,18.750413478714943
13,38,15.703466403961375
13,39,16.97444000485605
13,40,15.486685925415253
13,41,17.315116780182585
13,42,17.46901452976653
13,43,20.48763750939765
13,44,22.18470283794872
13,45,22.687952067424124
13,46,26.442497609573685
13,47,26.647491493166093
13,48,24.77506450752063
13,49,26.757104404699025
13,50,25.54536071680844
13,51,22.41665198170506
13,52,21.24949379982381
13,53,18.05566810675866
13,54,19.381477169944066
13,55,17.312478598295293
13,56,17.12063831437006
13,57,15.926751380870087
13,58,18.941793540137244
13,59,18.770198500743966
13,60,15.251465997372268
13,61,16.106942653635418
13,62,15.229467081487908
13,63,17.709984036684347
13,64,19.647311705848644
13,65,17.087778338533223
13,66,13.487181605210381
13,67,10.519579366629317
13,68,10.01952214180037
13,69,9.219952107704184
13,70,10.276355789178735
13,71,11.88092695210877
13,72,14.410925609602907
13,73,17.01694758189268
13,74,18.199200696106136
13,75,21.62239548214872
13,76,22.33946473541517
13,77,22.281907284102708
13,78,20.5165155403288
13,79,18.417522413207642
13,80,16.466719756603833
13,81,13.87886370994122
13,82,14.434724436766084
13,83,12.709067961794974
13,84,15.184173490950192
13,85,15.531584799871537
13,86,12.127970689563329
13,87,12.725055655848031
13,88,11.756107998329021
13,89,14.281428494705878
13,90,14.426152615344808
13,91,17.504071260358376
13,92,18.45965023057618
13,93,21.007023486914775
14,1,25.647583175670974
14,2,24.738530881870396
14,3,21.597655697504223
14,4,19.41124745297635
14,5,19.605400400605223
14,6,17.084281645995
14,7,17.285630891465736
14,8,16.17816986539026
14,9,12.440609145751012
14,10,9.777035019879019
14,11,6.037620371061679
14,12,6.514113598937365
14,13,3.8126603396983545
14,15,3.835412382285153
14,16,6.455863068557622
14,17,10.188936717535022
14,18,11.909032462000097
14,19,15.246106430325135
14,20,17.198486030522744
14,21,16.270305666468822
14,22,13.572963412979854
14,23,9.829938162363105
14,24,8.085703810481826
14,25,5.438042625261122
14,26,6.740087640747799
14,27,8.184128780526558
14,28,11.40118096044141
14,29,14.604378038692195
14,30,17.587959718815817
14,31,20.171642011977525
14,32,23.331903126188834
14,33,24.010614918307535
14,34,22.60680856692269
14,35,22.337457464784578
14,36,21.02600727611182
14,37,19.370554408727887
14,38,15.909654190000813
14,39,16.303401821160435
14,40,14.26019673296801
14,41,15.32203903866594
14,42,14.85099926618821
14,43,17.4964037985401
14,44,18.903297420719092
14,45,19.142319296650243
14,46,22.929515664543434
14,47,23.401575690629496
14,48,21.68192534351897
14,49,23.97671175342971
14,50,22.91985278921603
14,51,20.075187776095234
14,52,18.867850979332953
14,53,16.07557663146386
14,54,17.895893719712777
14,55,16.50713173897187
14,56,16.919617474822854
14,57,16.36790064137624
14,58,19.289059112733575
14,59,19.190117574711053
14,60,16.015001693920425
14,61,17.41762706192702
14,62,17.034216081226052
14,63,19.99606286553266
14,64,22.19924147630966
14,65,20.037999253573968
14,66,16.591471380727537
14,67,13.24252695201296
14,68,12.007226305279906
14,69,10.897609666504964
14,70,10.604102668441042
14,71,11.549228090441838
14,72,13.146413413024867
14,73,15.250383383491712
14,74,15.72636203574566
14,75,18.90116115206746
14,76,19.33849171590395
14,77,18.90316780557413
14,78,16.914427119607904
14,79,14.958770860412258
14,80,13.069704598272574
14,81,10.95047658689211
14,82,12.069387237370186
14,83,11.279056022164676
14,84,14.0931881871431
14,85,14.021135788657539
14,86,10.284336899694619
14,87,9.891909822995599
14,88,8.242005889092963
14,89,10.524045067438363
14,90,10.846049595551612
14,91,14.042024214271272
14,92,15.42773573928862
14,93,18.22708310576435
15,1,25.481014543902223
15,2,24.83320262745196
15,3,21.752080510194975
15,4,20.169189129208
15,5,20.77996356426501
15,6,18.101053145022895
15,7,18.994654917286798
15,8,18.303245618874136
15,9,14.539301243029128
15,10,12.598676138051951
15,11,9.11060196526526
15,12,9.629056811050642
15,13,6.558429294873688
15,14,3.835412382285153
15,16,3.8129348000416274
15,17,7.064926633577468
15,18,9.029459670870997
15,19,12.36584892867615
15,20,13.893074510049207
15,21,12.60037053143544
15,22,9.908837285596327
15,23,6.163587181205864
15,24,5.432691444904938
15,25,4.554131848235895
15,26,7.747675299840591
15,27,10.030409457149943
15,28,13.709083444990199
15,29,16.733416998333396
15,30,20.063065799599062
15,31,22.206341428176774
15,32,25.25364134459807
15,33,25.40369177493829
15,34,23.827903872734243
15,35,23.13515307556274
15,36,21.502736863912077
15,37,19.268182861179216
15,38,15.806404069707636
15,39,15.778091797545137
15,40,13.018061476104787
15,41,13.543242783766843
15,42,12.528355280914536
15,43,15.09595464666507
15,44,16.23873843416696
15,45,16.98414674050551
15,46,20.675542080853948
15,47,21.049127936402222
15,48,19.760934714360143
15,49,21.975483177458994
15,50,20.475728660474452
15,51,17.5838445793579
15,52,15.8568767447822
15,53,13.135348297313696
15,54,14.726688896227987
15,55,13.723202030430846
15,56,14.156094998008944
15,57,14.340631806464883
15,58,17.396678471343392
15,59,17.87552532072436
15,60,15.192766368878761
15,61,17.366105094056902
15,62,17.8120240893524
15,63,20.873247741493657
15,64,23.569981313276017
15,65,21.67813386827672
15,66,18.2388110384518
15,67,14.799578146932609
15,68,12.664017287360664
15,69,10.591922639429612
15,70,9.156298885291818
15,71,8.930769662595845
15,72,9.917627421989648
15,73,11.597370799727406
15,74,12.089783931301701
15,75,15.278024710231682
15,76,15.80247137537813
15,77,15.771438102559022
15,78,14.26133963431884
15,79,12.339846807949277
15,80,11.159230508701846
15,81,9.146181256278423
15,82,11.240208145728614
15,83,11.14474222254222
15,84,14.584209873131314
15,85,15.048708467291812
15,86,11.419309203447073
15,87,10.091745152711152
15,88,7.718347602155921
15,89,9.075945839067625
15,90,8.208069527560303
15,91,11.155899843127754
15,92,11.966711932909993
15,93,14.757912566386604
16,1,28.351089183160575
16,2,28.02656218668662
16,3,25.11603285542355
16,4,23.66256271001843
16,5,24.472175277420245
16,6,21.877114271376264
16,7,22.7826719676331
16,8,21.955715074468532
16,9,18.158542543222204
16,10,15.98454323007797
16,11,12.309133636939293
16,12,12.028212519558119
16,13,8.358643247804144
16,14,6.455863068557622
16,15,3.8129348000416274
16,17,3.798202463741
16,18,6.330937133926009
16,19,9.148258221857091
16,20,11.325590559192161
16,21,10.46851784086684
16,22,8.648157583304672
16,23,5.701716301185666
16,24,5.825562438316206
16,25,6.806999843610448
16,26,10.161636515918913
16,27,13.1007215594639
16,28,16.69073995122952
16,29,19.975439445859767
16,30,23.322693857295125
16,31,25.60710751029508
16,32,28.511647797734263
16,33,28.7071301653416
16,34,26.859518820152427
16,35,25.984301637693548
16,36,24.575195692007156
16,37,22.306318321957118
16,38,19.035864900994945
16,39,19.12631823396674
16,40,16.15445581409465
16,41,16.429679893960202
16,42,14.949984707058249
16,43,17.141500375376985
16,44,17.626861594984028
16,45,18.495921170539425
16,46,22.053320064441266
16,47,22.7244652976404
16,48,22.002253307513154
16,49,24.30661368043846
16,50,22.496661639700896
16,51,19.69931453205756
16,52,17.362091831179313
16,53,14.843861735954956
16,54,15.791144356810463
16,55,14.999137473565991
16,56,14.7238875213655
16,57,15.515441149519011
16,58,18.941182684725117
16,59,20.072730493603668
16,60,17.582552215573784
16,61,19.97684513116444
16,62,20.58044992808326
16,63,23.334285556536184
16,64,26.073035550322157
16,65,23.90779785001642
16,66,20.293093400460215
16,67,17.17976115880108
16,68,15.13377585230741
16,69,12.450525795421623
16,70,11.17873020709143
16,71,9.909210479595963
16,72,10.819539103367841
16,73,11.667434561816604
16,74,12.377778279020053
16,75,15.19813577308062
16,76,15.165016965751203
16,77,15.517922446246965
16,78,14.727952160549892
16,79,13.62867537413226
16,80,13.427514612523245
16,81,12.047692795046393
16,82,14.66698515422489
16,83,14.815200235149533
16,84,18.341179655014475
16,85,18.829813591476594
16,86,15.176717919742929
16,87,13.569178405633158
16,88,10.666396469985097
16,89,10.912761756941858
16,90,8.979669017430378
16,91,10.783517209377756
16,92,10.967040614646102
16,93,12.925370566439799
17,1,29.712825732066186
17,2,29.724905846832524
17,3,27.01066783539653
17,4,25.981453447451365
17,5,27.12405342805388
17,6,24.570439697551315
17,7,25.85090566198179
17,8,25.14187490630598
17,9,21.35755470349797
17,10,19.475473398503716
17,11,15.88028685186253
17,12,15.440849312235434
17,13,11.77030159818177
17,14,10.188936717535022
17,15,7.064926633577468
17,16,3.798202463741
17,18,3.802895945240147
17,19,5.7485892319178955
17,20,7.816880168477968
17,21,7.04135646053387
17,22,6.210047015623356
17,23,4.983368246986269
17,24,6.666059300481553
17,25,9.261253934400068
17,26,12.84272845020784
17,27,16.098955650644335
17,28,19.75487061567564
17,29,22.977865161622432
17,30,26.484324050468103
17,31,28.553621517945878
17,32,31.290627516848616
17,33,31.191962315406016
17,34,29.13882355195147
17,35,27.94705244621242
17,36,26.49331994228838
17,37,23.951029499191577
17,38,20.90255247974998
17,39,20.868287957703792
17,40,17.595547321896507
17,41,17.521760064680635
17,42,15.697754869189163
17,43,17.584317997491606
17,44,17.605156118236483
17,45,18.950469471446777
17,46,22.193363045581453
17,47,22.819467035092824
17,48,22.65949670775588
17,49,24.790634761111427
17,50,22.54121255766085
17,51,19.816849238345004
17,52,16.910968374557886
17,53,14.661006223797141
17,54,14.89016847179208
17,55,14.496246468836187
17,56,13.77408978667395
17,57,15.381885324344772
17,58,18.879768165725014
17,59,20.671699504954343
17,60,18.698977855216178
17,61,21.519187195331362
17,62,22.637855737015716
17,63,25.23659456998761
17,64,28.227426181137258
17,65,26.165862643817295
17,66,22.58841627300865
17,67,19.643486794666575
17,68,17.252370824426517
17,69,14.033292232640045
17,70,12.345245517832806
17,71,9.948660327800335
17,72,10.252435142998607
17,73,10.100260699035376
17,74,11.092430645979606
17,75,13.523853100373586
17,76,13.333032166823148
17,77,14.434649459229716
17,78,14.599362850346159
17,79,13.974605207195259
17,80,14.711775930411243
17,81,13.676982890725517
17,82,16.71460689556447
17,83,17.173578877264287
17,84,20.881259393430216
17,85,21.70560103104559
17,86,18.214080922541083
17,87,16.301840736388296
17,88,13.26451766247173
17,89,12.730879624572383
17,90,9.816771039037093
17,91,10.423699815404525
17,92,9.366881926830347
17,93,10.44624415685172
18,1,28.59381045078731
18,2,29.078506740175136
18,3,26.741760966126424
18,4,25.888788723969025
18,5,27.510547325431258
18,6,25.36747478258367
18,7,26.93032525487646
18,8,25.877864589025943
18,9,22.111209627872796
18,10,20.463657381032167
18,11,16.99852530328972
18,12,15.924001580902106
18,13,12.44149933818837
18,14,11.909032462000097
18,15,9.029459670870997
18,16,6.330937133926009
18,17,3.802895945240147
18,19,3.812544327149056
18,20,5.631916043101491
18,21,6.574908191260914
18,22,5.461989587780674
18,23,5.4773358793690985
18,24,6.071837203111784
18,25,9.3854788502892
18,26,12.597403734547703
18,27,16.23466119829979
18,28,19.731210718557552
18,29,22.975575822316976
18,30,26.605201824366688
18,31,28.543679590286768
18,32,30.92428765350676
18,33,30.694919609267206
18,34,28.266995566546232
18,35,26.799616882271486
18,36,25.66180011344005
18,37,23.21663659716647
18,38,20.59602599775699
18,39,21.066828687676185
18,40,17.99601679236364
18,41,18.444537790189067
18,42,17.168102190048277
18,43,19.457891254888054
18,44,19.840276210859912
18,45,21.674392597071208
18,46,24.788454218668264
18,47,24.960930408683602
18,48,24.734132905424342
18,49,26.417261625570426
18,50,23.820619567141215
18,51,20.77650780931854
18,52,17.775670572234855
18,53,15.122752744245592
18,54,14.482314667483065
18,55,13.46287140934187
18,56,11.802424813723533
18,57,13.367611684313031
18,58,17.052795240130912
18,59,19.272631977907846
18,60,17.440068906206825
18,61,20.282553185823616
18,62,21.60285739598755
18,63,23.79387154308801
18,64,26.874448928632056
18,65,24.796436420993142
18,66,21.28523051808403
18,67,18.721454310358105
18,68,16.273889447585493
18,69,12.681460838806409
18,70,11.365669209665457
18,71,8.68100205084188
18,72,9.759912833496939
18,73,10.031368735711066
18,74,12.198797352012638
18,75,14.88504530933123
18,76,15.341080199924553
18,77,17.11194501022131
18,78,17.6213139527281
18,79,16.64023206532917
18,80,17.26521940273942
18,81,15.643678850202223
18,82,18.314971222808186
18,83,18.196408287381843
18,84,21.891316466513057
18,85,23.255599416458285
18,86,19.938183103300855
18,87,18.52455405599709
18,88,15.951626458137731
18,89,15.902160285962236
18,90,13.030834442621103
18,91,13.720240493113806
18,92,12.01243318721999
18,93,12.689165438567256
19,1,31.913672408139504
19,2,32.55530035727826
19,3,30.30276375456351
19,4,29.598245925917922
19,5,31.261517444057187
19,6,29.064358648125825
19,7,30.64713806886311
19,8,29.66343193615447
19,9,25.88858066119664
19,10,24.15337799284741
19,11,20.61071904700977
19,12,19.467775693342542
19,13,15.874946064551933
