1,2,3.8052252952016374
1,3,5.3656998592654706
1,4,4.820263058810304
1,5,6.069191371548651
1,6,8.454651644289443
1,7,9.536807350702482
1,8,10.38085551758813
1,9,12.700851712376329
1,10,14.282982382507843
1,11,15.279092234843679
1,12,16.58974334861298
1,13,19.257479985805578
1,14,20.17322312020724
1,15,19.901529911351254
1,16,22.328157034924182
1,17,22.092205450958915
1,18,24.85454717445008
1,19,23.2252125163449
1,20,19.901841956258544
1,21,22.04121314278226
1,22,23.93823078572445
1,23,20.884464192283883
1,24,19.34283343514057
1,25,22.862827186908444
1,26,24.383016954797622
1,27,23.285112005506424
1,28,25.266854318311808
1,29,23.493338025617145
1,30,19.96844295434896
1,31,21.118141107517186
1,32,22.52942363641734
1,33,19.42552379256345
1,34,17.035479000356652
1,35,19.970709816131983
1,36,20.504644864807112
1,37,16.907787842947148
1,38,17.38096927793398
1,39,14.132914367732766
1,40,14.006141139694131
1,41,14.706882981458243
1,42,11.81035881210738
1,43,9.428861413611898
1,44,12.218728401592887
1,45,12.25087995178255
1,46,8.666549788923943
1,47,9.543058286192913
1,48,12.916182482419499
1,49,11.986598177567089
1,50,9.84919040755393
1,51,12.802727525842602
1,52,15.331915142151436
1,53,14.626392116662215
1,54,14.793772936881037
1,55,18.03349230142379
1,56,19.401923826974365
1,57,18.78419821474263
1,58,20.716212559723765
1,59,23.3320911707337
1,60,23.803673655507364
1,61,24.773033766064668
1,62,27.217986125525712
1,63,28.659170328893385
1,64,29.135394014561193
1,65,30.64445450052084
1,66,33.12124693346736
1,67,33.98417962678756
1,68,34.41082179912249
1,69,36.529854848062364
1,70,38.85380439745571
1,71,39.34820378711299
1,72,39.816953619573404
1,73,42.71499681334567
1,74,44.096600929775484
1,75,44.565092238076474
1,76,46.74574489530412
1,77,48.930253681028454
1,78,50.25285169422355
2,1,3.8052252952016374
2,3,3.7978487105286556
2,4,5.37601262080342
2,5,5.288499299835495
2,6,6.232674551935747
2,7,8.559919735781772
2,8,10.077881215857678
2,9,11.350031032150875
2,10,12.769416993909765
2,11,14.67022554467918
2,12,15.945640399296733
2,13,17.986647863739027
2,14,18.721873584047113
2,15,19.128989775122545
2,16,21.91749564708882
2,17,22.30872394946468
2,18,25.127512240207476
2,19,23.270932082522336
2,20,20.30682204504793
2,21,22.965000448730017
2,22,24.689453711498047
2,23,21.609304041331278
2,24,20.6800848236765
2,25,24.38820680671161
2,26,25.7306418528661
2,27,24.832716712775248
2,28,26.376002106696312
2,29,24.214921474423242
2,30,20.939671595555794
2,31,22.06200753695323
2,32,22.862546786217912
2,33,19.526335759130923
2,34,17.408143288647235
2,35,20.089186149077324
2,36,19.961092395232917
2,37,16.206598270885593
2,38,16.9824186093784
2,39,14.309746588950235
2,40,14.842855171157144
2,41,16.34634140192553
2,42,14.016802398989757
2,43,11.057471965881058
2,44,13.784713299529187
2,45,14.724330543225657
2,46,11.382788937541482
2,47,11.24893826421824
2,48,14.900997974733322
2,49,14.674760638579158
2,50,12.097311548442304
2,51,14.31937676992513
2,52,17.404000777357467
2,53,16.72126506502796
2,54,16.053876475915754
2,55,19.314761004731793
2,56,21.153579144926184
2,57,20.161939818445866
2,58,21.57720671710316
2,59,24.565433003495926
2,60,25.20292920965153
2,61,25.633442884184703
2,62,28.070100787484378
2,63,29.93755849262404
2,64,30.26359397129424
2,65,31.37669579977497
2,66,34.07827292564581
2,67,35.178799363094136
2,68,35.30894726260556
2,69,37.22975115976883
2,70,39.83351246672867
2,71,40.37212181878674
2,72,40.49015732748423
2,73,43.427381614888695
2,74,45.079507294308215
2,75,45.407475572264346
2,76,47.3607725523117
2,77,49.73984549308743
2,78,51.14638760969223
3,1,5.3656998592654706
3,2,3.7978487105286556
3,4,3.805731380547294
3,5,5.6224442479186445
3,6,5.146123355014426
3,7,6.063272863855285
3,8,8.701797794778273
3,9,10.339913673022851
3,10,10.700393614780324
3,11,12.417875865452332
3,12,14.481186705621772
3,13,16.447215786034032
3,14,16.540181283194002
3,15,16.634272919925138
3,16,19.662477409968158
3,17,20.231978637284328
3,18,22.684316273565184
3,19,20.459223335645838
3,20,17.639000268219995
3,21,20.36852035109795
3,22,21.69320489607416
3,23,18.42832031257535
3,24,17.83490942218221
3,25,21.57302095666134
3,26,22.58034335510345
3,27,21.629654049817596
3,28,22.90730793277399
3,29,20.68464814831728
3,30,17.48854445436483
3,31,18.512294640559524
3,32,19.13036896137668
3,33,15.78824652681384
3,34,13.71583267797985
3,35,16.391830757566943
3,36,16.191402424554774
3,37,12.45937021373085
3,38,13.453307637887084
3,39,10.884989770032039
3,40,12.006486125553222
3,41,13.63609478137004
3,42,11.968410824972697
3,43,8.486913845667312
3,44,10.760999829754905
3,45,12.409225692507903
3,46,9.565559227240023
3,47,8.626437658962264
3,48,12.39416519294473
3,49,13.043439693669374
3,50,10.778931297646098
3,51,12.333481114030086
3,52,15.695649814194425
3,53,15.785072103431046
3,54,14.909246114839622
3,55,17.692686315896
3,56,20.006847686952778
3,57,19.501549923001612
3,58,20.49114460836402
3,59,23.30948930514473
3,60,24.496439658601634
3,61,24.964133061520947
3,62,26.968869161611348
3,63,28.973271617133825
3,64,29.72518099607606
3,65,30.622005094290977
3,66,33.09719585292775
3,67,34.52998776792593
3,68,34.91349608142644
3,69,36.544707340384235
3,70,39.1133570866413
3,71,40.00356508839645
3,72,40.12409341220524
3,73,42.83245264959822
3,74,44.612783001387044
3,75,45.21754328660868
3,76,47.03085032456676
3,77,49.27244967407711
3,78,50.93125292948134
4,1,4.820263058810304
4,2,5.37601262080342
4,3,3.805731380547294
4,5,3.8111108784059184
4,6,5.349501978410999
4,7,4.945486743519453
4,8,6.151427667724252
4,9,8.88348790487262
4,10,9.884165151740833
4,11,10.593302976888047
4,12,12.346308143614012
4,13,15.010513949198705
4,14,15.641426914557176
4,15,15.150789354396021
4,16,17.675837672710827
4,17,17.648042922572152
4,18,20.290266220343693
4,19,18.50187768992759
4,20,15.30132186504602
4,21,17.726292875422956
4,22,19.523556644762873
4,23,16.516310400479295
4,24,15.361384165145365
4,25,19.055712861685937
4,26,20.572818357021518
4,27,19.914973472281478
4,28,21.686888701064277
4,29,19.493234008950044
4,30,16.206796294177735
4,31,17.833982584570176
4,32,18.87953886198551
4,33,15.50053252454164
4,34,13.73172846145246
4,35,16.99079500683562
4,36,17.110327438201793
4,37,13.672535194970258
4,38,15.03147158642188
4,39,12.079987402130142
4,40,13.119944349101258
4,41,13.719632624309217
4,42,11.763916513696147
4,43,8.459610976955016
4,44,9.99347950045664
4,45,10.76921874749646
4,46,7.465781006795993
4,47,6.311157932960753
4,48,9.774680081777472
4,49,9.850064354223782
4,50,7.144058221896015
4,51,9.010143447361596
4,52,12.218359797190406
4,53,12.026131556587769
4,54,11.367100712754045
4,55,14.3124652150915
4,56,16.364686528410118
4,57,15.901516269305736
4,58,17.182332338064125
4,59,19.880531517905496
4,60,20.917718662718542
4,61,21.62896343948088
4,62,23.705114650679675
4,63,25.49281282115462
4,64,26.265866270319037
4,65,27.384389051055816
4,66,29.77941043550727
4,67,31.06071543753167
4,68,31.571751813160297
4,69,33.332244196060806
4,70,35.761247508340006
4,71,36.606034427525984
4,72,36.911371517256214
4,73,39.61503302996568
4,74,41.24569714412607
4,75,41.91513760801744
4,76,43.858070872079665
4,77,45.999888514014835
4,78,47.607000310534495
5,1,6.069191371548651
5,2,5.288499299835495
5,3,5.6224442479186445
5,4,3.8111108784059184
5,6,3.8070372769434675
5,7,5.422238481779446
5,8,5.212624362992884
5,9,6.763468116054076
5,10,9.018335759753148
5,11,10.345635451409033
5,12,11.015025884344924
5,13,13.459200761590935
5,14,14.802728598415369
5,15,14.991872554302509
5,16,17.344242037034526
5,17,17.510271557159353
5,18,20.60859119369029
5,19,19.208610537115614
5,20,16.18325149469512
5,21,18.8812085506405
5,22,21.067396106894485
5,23,18.464316559823235
5,24,17.457344902299536
5,25,21.151256066826956
5,26,23.018213852965168
5,27,22.834543810812484
5,28,24.5847671332133
5,29,22.072715273532843
5,30,19.063065575300477
5,31,21.034528066251287
5,32,21.76575745739657
5,33,18.182474954159815
5,34,16.903781758677916
5,35,20.146617273293433
5,36,19.770997907857176
5,37,16.33157979796168
5,38,18.08405956775407
5,39,15.473517440378325
5,40,16.74384552300734
5,41,17.521790762463823
5,42,15.50262460994952
5,43,12.242553483917472
5,44,13.715290572025808
5,45,14.376869406489183
5,46,10.942755715413748
5,47,9.649475526834651
5,48,12.673652050098195
5,49,12.363067842504321
5,50,8.94961769281954
5,51,10.52328058881603
5,52,13.712463659058457
5,53,12.592462135668535
5,54,11.268661355436148
5,55,14.661807926954511
5,56,16.57250379517323
5,57,15.235370937249877
5,58,16.443285056198718
5,59,19.600992377465037
5,60,20.227443524444926
5,61,20.431583049357418
5,62,22.888650105971777
5,63,24.884327447892854
5,64,25.140867021955742
5,65,26.12929703807667
5,66,28.887998176245326
5,67,30.058730222497502
5,68,30.1268286113341
5,69,31.973276100982215
5,70,34.63154413188187
5,71,35.22323769341826
5,72,35.2710787550952
5,73,38.177773293712114
5,74,39.89912512648638
5,75,40.257168462401665
5,76,42.14434762353407
5,77,44.521575925253416
5,78,45.99851904247558
6,1,8.454651644289443
6,2,6.232674551935747
6,3,5.146123355014426
6,4,5.349501978410999
6,5,3.8070372769434675
6,7,3.806862842238859
6,8,5.554032643805871
6,9,5.610809310751274
6,10,6.6543931460901895
6,11,9.134638263304804
6,12,10.381768864897836
6,13,11.928978078105247
6,14,12.554911118623558
6,15,13.343788046468624
6,16,16.273873915044813
6,17,17.242981567230544
6,18,20.08155135426412
6,19,18.200215397618656
6,20,15.693981842540591
6,21,18.88224952608764
6,22,20.580789740658997
6,23,17.862065541529176
6,24,17.646916446737304
6,25,21.437826675454282
6,26,22.87638004583407
6,27,22.778058112764178
6,28,23.967946689279717
6,29,21.143812931357644
6,30,18.45390108906932
6,31,20.263262802659376
6,32,20.35175682904093
6,33,16.640981584832133
6,34,15.68744193093064
6,35,18.59918841028649
6,36,17.59480681412261
6,37,14.157939476629696
6,38,16.27919611021425
6,39,14.332520566299275
6,40,16.28599584451118
6,41,17.674048951775706
6,42,16.335578497860922
6,43,12.680265035540687
6,44,13.913258950217212
6,45,15.51318350103341
6,46,12.591434479540585
6,47,10.517225501001795
6,48,13.676857611551943
6,49,14.367473074094235
6,50,11.182501005460468
6,51,11.76085910672196
6,52,15.39315466751662
6,53,14.896031523778847
6,54,12.912723173546976
6,55,15.811867098271302
6,56,18.36897478410741
6,57,17.13373409755543
6,58,17.56193638906247
6,59,20.83840965409471
6,60,21.96306680897823
6,61,21.736984251782932
6,62,23.842033783793934
6,63,26.26162583975758
6,64,26.672244857541777
6,65,27.163744849241272
6,66,29.93220806621384
6,67,31.506834133117813
6,68,31.489384199784677
6,69,32.95900134381371
6,70,35.810515455780525
6,71,36.65727983949983
6,72,36.40940987936014
6,73,39.18277018976022
6,74,41.20207813229054
6,75,41.61172599203112
6,76,43.207501577331996
6,77,45.651536888622694
6,78,47.346073852450544
7,1,9.536807350702482
7,2,8.559919735781772
7,3,6.063272863855285
7,4,4.945486743519453
7,5,5.422238481779446
7,6,3.806862842238859
7,8,3.810394281078211
7,9,5.444664861312618
7,10,5.097373230629918
7,11,6.361647317934403
7,12,8.673320874677572
7,13,10.70138778381166
7,14,10.829424655037407
7,15,10.673817952031582
7,16,13.623578513824524
7,17,14.391573801456678
7,18,16.929083167257254
7,19,14.848925715720918
7,20,12.203631001601352
7,21,15.331705308906589
7,22,16.87300327939589
7,23,14.070162262029323
7,24,13.915587635689468
7,25,17.711960059829096
7,26,19.083441163627683
7,27,19.09223285876119
7,28,20.29333925919883
7,29,17.43544196305752
7,30,14.788331528630357
7,31,16.85204805824105
7,32,17.012016289409246
7,33,13.287292145704203
7,34,12.638683402610818
7,35,15.839313403434675
7,36,14.99699360474783
7,37,11.857654418859315
7,38,14.344132995193842
7,39,12.367451805576376
7,40,14.670282227706164
7,41,15.568323736763027
7,42,14.708972252851959
7,43,11.028094681867122
7,44,11.301834491009403
7,45,13.0333706181133
7,46,10.630868356091627
7,47,7.7321424758818935
7,48,10.476884076774065
7,49,11.793084688411005
7,50,8.926544731160256
7,51,8.658736258470418
7,52,12.440644312837133
7,53,12.65604063043455
7,54,10.613176283013303
7,55,12.973236901211775
7,56,15.882679986615003
7,57,15.26277252905825
7,58,15.42232012761151
7,59,18.38009400519033
7,60,19.995833512724428
7,61,20.02722300738307
7,62,21.69612505619267
7,63,24.0728365060591
7,64,24.962603023973344
7,65,25.417914384736925
7,66,27.862748313692588
7,67,29.65182909529162
7,68,30.010970582012455
7,69,31.293040706157647
7,70,33.97871491526134
7,71,35.13760003335682
7,72,35.057812073748806
7,73,37.59272742901134
7,74,39.602959181534324
7,75,40.33753658662175
7,76,41.90983710633818
7,77,44.129445255469626
7,78,46.0164416125861
8,1,10.38085551758813
8,2,10.077881215857678
8,3,8.701797794778273
8,4,6.151427667724252
8,5,5.212624362992884
8,6,5.554032643805871
8,7,3.810394281078211
8,9,3.8030466469416457
8,10,5.495465787329728
8,11,5.403345876930446
8,12,6.243006733113821
8,13,9.202409046327034
8,14,10.558401675511249
8,15,10.106904753053849
8,16,12.202288957781201
8,17,12.33461855414599
8,18,15.424271277851645
8,19,14.155685502988211
8,20,11.213439259270489
8,21,14.099342919886483
8,22,16.40694563253021
8,23,14.219449030830603
8,24,13.5194684222008
8,25,17.152683398787914
8,26,19.220905173774188
8,27,19.730833375604732
8,28,21.38518432861483
8,29,18.526542342113242
8,30,16.000819181603685
8,31,18.642264769115418
8,32,19.099123826880913
8,33,15.455629125003139
8,34,15.179150172253168
8,35,18.665106072591623
8,36,18.010290258160722
8,37,15.173219904575802
8,38,17.739828071363675
8,39,15.536068014525068
8,40,17.55925167323597
8,41,17.842480552129352
8,42,16.618789155716303
8,43,13.259837653733358
8,44,13.256712296305357
8,45,14.09131685152629
8,46,11.411518652075065
8,47,8.705465941056874
8,48,10.604521688439622
8,49,11.064673532619022
8,50,7.592895232485926
8,51,7.1576783094191745
8,52,10.621067174173488
8,53,9.950478603407019
8,54,7.465943174317294
8,55,10.320527122719577
8,56,12.919541611272678
8,57,11.774166706479694
8,58,12.121104451938233
8,59,15.301937662160494
8,60,16.553464484719484
8,61,16.517675779856532
8,62,18.49842809259719
8,63,20.80254043015361
8,64,21.432007177346048
8,65,22.037369492558252
8,66,24.625377254483425
8,67,26.21269636354754
8,68,26.461408654318188
8,69,27.92870118922367
8,70,30.612751065672597
8,71,31.594939297796024
8,72,31.563407228794993
8,73,34.21559598074493
8,74,36.13002704225231
8,75,36.766266448891486
8,76,38.44688716040291
8,77,40.698976319207745
8,78,42.46826127845089
9,1,12.700851712376329
9,2,11.350031032150875
9,3,10.339913673022851
9,4,8.88348790487262
9,5,6.763468116054076
9,6,5.610809310751274
9,7,5.444664861312618
9,8,3.8030466469416457
9,10,3.8071112888063974
9,11,5.525384739875776
9,12,5.124204213384345
9,13,6.7646179713171435
9,14,8.537484891004604
9,15,9.434536066230503
9,16,11.702216014125339
9,17,12.73682198781775
9,18,15.9426131701428
9,19,14.738967436158388
9,20,12.552202308188747
9,21,15.863747055274914
9,22,18.033176035559
9,23,16.177563018275716
9,24,16.14956108106233
9,25,19.68906485842504
9,26,21.64766806149538
9,27,22.481419570114863
9,28,23.736980628378127
9,29,20.54028762732556
9,30,18.457981910469396
9,31,21.099614617255583
9,32,20.962075333801234
9,33,17.209024922248425
9,34,17.380585650226564
9,35,20.567135488463666
9,36,19.250471628806626
9,37,16.482654122619927
9,38,19.382520887387535
9,39,17.721928022290435
9,40,20.114211191495496
9,41,20.871811865531498
9,42,19.841525688378447
9,43,16.277031018729115
9,44,16.40073534801358
9,45,17.65376470163397
9,46,15.017277283604553
9,47,12.211923264963076
9,48,14.158378107047335
9,49,14.842995856365945
9,50,11.36626470981492
9,51,10.5842817323482
9,52,13.931681758714513
9,53,13.037819266648215
9,54,9.958631548160286
9,55,12.507593737340482
9,56,15.220664238533868
9,57,13.454129360328482
9,58,13.084538458783435
9,59,16.632024699679047
9,60,17.81897885104893
9,61,16.96012748774621
9,62,18.969574444626577
9,63,21.734854266627778
9,64,21.98519730721612
9,65,22.06803702417117
9,66,24.963362717037565
9,67,26.726845729284026
9,68,26.501633383031333
9,69,27.743819520812373
9,70,30.75550677585072
9,71,31.68855591954475
9,72,31.204220188056446
9,73,33.92148068499143
9,74,36.1227164195914
9,75,36.51671224426431
9,76,37.92501048565816
9,77,40.42282188946243
9,78,42.22673542985022
10,1,14.282982382507843
10,2,12.769416993909765
10,3,10.700393614780324
10,4,9.884165151740833
10,5,9.018335759753148
10,6,6.6543931460901895
10,7,5.097373230629918
10,8,5.495465787329728
10,9,3.8071112888063974
10,11,3.8140626184037805
10,12,5.537109846150321
10,13,6.0587112996397
10,14,5.963457340753572
10,15,6.936698039037319
10,16,10.095813310215775
10,17,11.916040890335402
10,18,14.477325383277682
10,19,12.533065593751509
10,20,10.885787966866225
10,21,14.553345654311647
10,22,16.021826845610313
10,23,13.99117951185718
10,24,14.759532992543836
10,25,18.287516632864367
10,26,19.713514076028773
10,27,20.5800964648286
10,28,21.31497734036285
10,29,17.909587668281947
10,30,16.19021993092381
10,31,18.69956053820658
10,32,18.041307249952894
10,33,14.292416137547537
10,34,14.939601162110565
10,35,17.843984141682025
10,36,16.11005466137547
10,37,13.669386816839307
10,38,16.934004447337276
10,39,15.867858856431297
10,40,18.775471144456603
10,41,19.72986268040727
10,42,19.39179372677537
10,43,15.723921064249092
10,44,15.327134463653943
10,45,17.24072607846366
10,46,15.248650720864344
10,47,11.903913239771786
10,48,13.683322581659947
10,49,15.318931174975278
10,50,12.388279121805594
10,51,10.809057812094583
10,52,14.357025659234148
10,53,14.444186142979989
10,54,11.302191367550911
10,55,12.963178566380018
10,56,16.27440564650252
10,57,15.195891837136537
10,58,14.183771966367372
10,59,17.397233875118484
10,60,19.292938965892443
10,61,18.429383134535026
10,62,19.769077776241318
10,63,22.733977143673613
10,64,23.482589447549348
10,65,23.204813599332805
10,66,25.792575948363115
10,67,27.98423368972314
10,68,28.005314486493944
10,69,28.82440493009494
10,70,31.80915402790683
10,71,33.14716580996263
10,72,32.59476178911159
10,73,35.011801117488545
10,74,37.39633083465365
10,75,38.06266149706326
10,76,39.242502484429814
10,77,41.60586830566484
10,78,43.68862291098573
11,1,15.279092234843679
11,2,14.67022554467918
11,3,12.417875865452332
11,4,10.593302976888047
11,5,10.345635451409033
11,6,9.134638263304804
11,7,6.361647317934403
11,8,5.403345876930446
11,9,5.525384739875776
11,10,3.8140626184037805
11,12,3.810086817890502
11,13,5.803922892636094
11,14,5.970820360589524
11,15,4.723782384994442
11,16,7.279865969545476
11,17,8.41619662950765
11,18,11.0286792083824
11,19,9.33954998599359
11,20,7.253814865413551
11,21,10.834909035542832
11,22,12.638226776743517
11,23,10.954395407917021
11,24,11.498976989729078
11,25,14.871394816605237
11,26,16.64195759587479
11,27,17.905505027580073
11,28,18.93195810101737
11,29,15.564646146388215
11,30,13.995510312716766
11,31,17.024247781755516
11,32,16.691014157555376
11,33,13.123776185133824
11,34,14.189996569656078
11,35,17.409696278481096
11,36,16.11147117899707
11,37,14.157688715646243
11,38,17.475294327257576
11,39,16.185983299511847
11,40,18.994188511741285
11,41,19.231924356593098
11,42,19.029055186913062
11,43,15.670170886306133
11,44,14.512876993456988
11,45,15.966466186640144
11,46,14.371257798998199
11,47,10.81656459340218
11,48,11.570473078328241
11,49,13.271175375595964
11,50,10.68489914055135
11,51,8.181650305321632
11,52,11.355874566386179
11,53,11.77929429398544
11,54,8.498227298852694
11,55,9.45055578088144
11,56,12.973537964167532
11,57,12.353374033620458
11,58,11.055551564701844
11,59,13.959725014146347
11,60,16.211636531179035
11,61,15.620941049974386
11,62,16.6159123093537
11,63,19.464712254842574
11,64,20.595331387436953
11,65,20.400134452198028
11,66,22.69526148206535
11,67,24.971120963954082
11,68,25.349160784966042
11,69,26.10931147300853
11,70,28.886461771632057
11,71,30.424261030848285
11,72,30.116212078562004
11,73,32.36177516725322
11,74,34.63949543520827
11,75,35.5773598039145
11,76,36.83459142804851
11,77,38.973979480033776
11,78,41.15131825103604
12,1,16.58974334861298
12,2,15.945640399296733
12,3,14.481186705621772
12,4,12.346308143614012
12,5,11.015025884344924
12,6,10.381768864897836
12,7,8.673320874677572
12,8,6.243006733113821
12,9,5.124204213384345
12,10,5.537109846150321
12,11,3.810086817890502
12,13,3.8141035094556983
12,14,6.365907616839399
12,15,6.043436477967386
12,16,7.046009881625956
12,17,7.866525227558135
12,18,11.254891433052633
12,19,10.762676764500444
12,20,8.970580590398276
12,21,12.123859370747306
12,22,14.581482598915334
12,23,13.671885677857446
12,24,13.843187214722015
12,25,16.887545305522067
12,26,19.174511989789842
12,27,20.806806291602673
12,28,22.0743204896778
12,29,18.747759341150203
12,30,17.331308257141323
12,31,20.559502922727233
12,32,20.33075507445009
12,33,16.84563219683619
12,34,17.936343476281635
12,35,21.20965611500106
12,36,19.89287919049011
12,37,17.89983004213939
12,38,21.18265562778322
12,39,19.745552186756985
12,40,22.366916749063314
12,41,22.507520949621966
12,42,21.912812868769667
12,43,18.60687233172921
12,44,17.714062628862436
12,45,18.69154450929473
12,46,16.69624138901432
12,47,13.486951474111352
12,48,14.095622114421166
12,49,15.00517212098255
12,50,12.005346766155919
12,51,9.801255360934057
12,52,12.405373228301393
12,53,11.7696364384756
12,54,8.02227048791752
12,55,9.28038272972786
12,56,12.273384198208547
12,57,10.653172684540676
12,58,9.067921690487081
12,59,12.503421778589638
12,60,14.215100047886803
12,61,12.98332105795219
12,62,14.413573072913335
12,63,17.47349065983244
12,64,18.03159200843207
12,65,17.69478314899545
12,66,20.39151115542627
12,67,22.51996070360245
12,68,22.46884391233692
12,69,23.337393385133712
12,70,26.328726336877782
12,71,27.611875226746182
12,72,27.093492601416088
12,73,29.546004754217094
12,74,31.878451604427603
12,75,32.54624888429581
12,76,33.79048548647597
12,77,36.12884071526232
12,78,38.17690310746506
13,1,19.257479985805578
13,2,17.986647863739027
13,3,16.447215786034032
13,4,15.010513949198705
13,5,13.459200761590935
13,6,11.928978078105247
13,7,10.70138778381166
13,8,9.202409046327034
13,9,6.7646179713171435
13,10,6.0587112996397
13,11,5.803922892636094
13,12,3.8141035094556983
13,14,3.8241611532749826
13,15,5.561541340350695
13,16,6.7785613510531215
13,17,9.126702760310268
13,18,11.932293436122078
13,19,11.263087314237135
13,20,10.704211482111482
13,21,14.08120743412011
13,22,15.956387030282945
13,23,15.322652947367178
13,24,16.299659516868626
13,25,19.163910374569003
13,26,21.0694830666146
13,27,22.908216086339195
13,28,23.640980761403597
13,29,20.054125036007715
13,30,19.15803240069026
13,31,22.243567678501023
13,32,21.382109740819452
13,33,17.939430617935102
13,34,19.477330671958054
13,35,22.358589571911857
13,36,20.43884013795808
13,37,18.708380259402634
13,38,22.25136745988491
13,39,21.39629558737787
13,40,24.377695224681464
13,41,24.910563789201333
13,42,24.63332489930828
13,43,21.149350000092056
13,44,20.253015508336254
13,45,21.707048161678618
13,46,19.85487802357227
13,47,16.46045104435349
13,48,17.22958415624281
13,49,18.540414908948424
13,50,15.61308336920263
13,51,13.294685874799153
13,52,15.959467178633664
13,53,15.538980578451143
13,54,11.767116392726317
13,55,12.54826966924985
13,56,15.606143231869952
13,57,13.926130709146387
13,58,11.721951435883472
13,59,14.989812287926176
13,60,16.831998819669362
13,61,14.932453646660624
13,62,15.955532662092404
13,63,19.406266765751447
13,64,19.813760653523307
13,65,18.783791407675924
13,66,21.53859653323841
13,67,23.990171436960765
13,68,23.59474191660463
13,69,23.99238585511373
13,70,27.2378515883916
13,71,28.650188717445815
13,72,27.65501042882339
13,73,29.977696316137777
13,74,32.65584296244679
13,75,33.21350978553969
13,76,34.05670789729063
13,77,36.545296685379945
13,78,38.746976777353446
14,1,20.17322312020724
14,2,18.721873584047113
14,3,16.540181283194002
14,4,15.641426914557176
14,5,14.802728598415369
14,6,12.554911118623558
14,7,10.829424655037407
14,8,10.558401675511249
14,9,8.537484891004604
14,10,5.963457340753572
14,11,5.970820360589524
14,12,6.365907616839399
14,13,3.8241611532749826
14,15,3.8097753036363557
14,16,6.46905088871657
14,17,9.770306182867001
14,18,11.562281568360195
14,19,9.858643134291563
14,20,10.074395446543052
14,21,13.708457650730317
14,22,14.685024515422358
14,23,13.835347704875664
14,24,15.620350316355838
14,25,18.435298907537646
14,26,19.69769825830718
14,27,21.462511404309677
14,28,21.626908808821433
14,29,17.891182203740946
14,30,17.39617359352647
14,31,20.214968367275237
14,32,18.8174967390593
14,33,15.503831771769562
14,34,17.455366788786375
14,35,19.92411364639856
14,36,17.615648397465904
14,37,16.307407329012868
14,38,20.02733590012598
14,39,19.753939396296314
14,40,23.068501936075265
14,41,23.8202241178852
14,42,24.098763239929003
14,43,20.592042273267595
14,44,19.395581182289707
14,45,21.39163581699067
14,46,20.032730142492266
14,47,16.37635772726584
14,48,17.126202345119534
14,49,19.15859744598235
14,50,16.653840799534063
14,51,14.01276812700066
14,52,16.876895280228265
14,53,17.274560090235568
14,54,13.688366064751689
14,55,13.952602756984643
14,56,17.44060427067217
14,57,16.462831154443695
14,58,14.10076719425576
14,59,16.924895922650578
14,60,19.338294838821643
14,61,17.70300106760463
14,62,18.134884276864398
14,63,21.590148517268215
14,64,22.49866826435705
14,65,21.29521314494873
14,66,23.660207379081328
14,67,26.428946107081096
14,68,26.330927028750686
14,69,26.38869366512152
14,70,29.518159150206717
14,71,31.27769247868499
14,72,30.29351516977672
14,73,32.313208858159435
14,74,35.096692612066
14,75,35.91176315672108
14,76,36.57402181336038
14,77,38.89963558145211
14,78,41.3278287616133
15,1,19.901529911351254
15,2,19.128989775122545
15,3,16.634272919925138
15,4,15.150789354396021
15,5,14.991872554302509
15,6,13.343788046468624
15,7,10.673817952031582
15,8,10.106904753053849
15,9,9.434536066230503
15,10,6.936698039037319
15,11,4.723782384994442
15,12,6.043436477967386
15,13,5.561541340350695
15,14,3.8097753036363557
15,16,3.8030508303058546
15,17,6.719844623512723
15,18,8.22765932596454
15,19,6.255808862604234
15,20,6.310537886951139
15,21,9.926205664051112
15,22,10.940334468779874
15,23,10.278460500098781
15,24,12.04753978149156
15,25,14.689666569545016
15,26,16.07693520054303
15,27,18.06501390654504
15,28,18.43053005022949
15,29,14.764246027354636
15,30,14.37644185952859
15,31,17.52268124166561
15,32,16.442557117636603
15,33,13.310976899938678
15,34,15.51520893328446
15,35,18.219994272438438
15,36,16.3987540977498
15,37,15.422218890290429
15,38,19.091160974420315
15,39,18.588319921216698
15,40,21.78274496463551
15,41,21.98355904699979
15,42,22.426433605960348
15,43,19.205304648083622
15,44,17.43995293054268
15,45,19.151876735986935
15,46,18.222068707049942
15,47,14.496111442186532
15,48,14.50618043263532
15,49,16.70456142005866
15,50,14.69382890919301
15,51,11.51859077915407
15,52,13.978066704602774
15,53,14.896842416932513
15,54,11.533338932932454
15,55,11.03406097915711
15,56,14.683776972336165
15,57,14.38956159937906
15,58,11.92547138113083
15,59,14.253440824337323
15,60,17.105511002129766
15,61,15.979585326940729
15,62,16.00310751279249
15,63,19.228785348341592
15,64,20.67041680692261
15,65,19.69710120482321
15,66,21.657654680535554
15,67,24.49170928972007
15,68,24.902647896894514
15,69,24.969694298006374
15,70,27.796578778483216
15,71,29.782282206998122
15,72,29.178588737925097
15,73,31.015200334824986
15,74,33.6112927709184
15,75,34.76674400988478
15,76,35.59524995818065
15,77,37.63196289036591
15,78,40.143338385891894
16,1,22.328157034924182
16,2,21.91749564708882
16,3,19.662477409968158
16,4,17.675837672710827
16,5,17.344242037034526
16,6,16.273873915044813
16,7,13.623578513824524
16,8,12.202288957781201
16,9,11.702216014125339
16,10,10.095813310215775
16,11,7.279865969545476
16,12,7.046009881625956
16,13,6.7785613510531215
16,14,6.46905088871657
16,15,3.8030508303058546
16,17,3.810101561241538
16,18,5.300836225567852
16,19,5.144824345690042
16,20,6.000387543812725
16,21,8.650113892023986
16,22,10.171197271989465
16,23,10.806060975039934
16,24,12.257132033512224
16,25,14.176097830801902
16,26,16.0435997133149
16,27,18.654886073934033
16,28,19.261982756175374
16,29,15.78810051507996
16,30,15.819696651230823
16,31,19.29413110739381
16,32,18.463443165316193
16,33,15.727062184869991
16,34,18.146262874720268
16,35,20.928882050539453
16,36,19.390707770541308
16,37,18.71764956942947
16,38,22.308410332787844
16,39,21.64940867142545
16,40,24.666740962312346
16,41,24.422569755291683
16,42,24.7880759931486
16,43,21.811759881457892
16,44,19.78176284164556
16,45,20.97507002557102
16,46,20.161418993371086
16,47,16.593318433492616
16,48,15.89579443391371
16,49,17.71046494285156
16,50,15.901621974305415
16,51,12.456605711226961
16,52,14.027012309805942
16,53,14.7381223327104
16,54,11.393424097796878
16,55,9.993470447396014
16,56,13.265187599985982
16,57,13.009605203375735
16,58,9.853435698848932
16,59,11.69317044033863
16,60,14.713399076479869
16,61,13.306185457755134
16,62,12.759601313251405
16,63,16.106950810830593
16,64,17.670022867626464
16,65,16.38035058385601
16,66,18.13663683574418
16,67,21.158333026254837
16,68,21.645306304819353
16,69,21.458808155956664
16,70,24.22971505250035
16,71,26.386399418656108
16,72,25.77328601681001
16,73,27.432295553840856
16,74,30.065850443089275
16,75,31.35733063368923
16,76,32.10304315105626
16,77,34.030521548920476
16,78,36.63971585090049
17,1,22.092205450958915
17,2,22.30872394946468
17,3,20.231978637284328
17,4,17.648042922572152
17,5,17.510271557159353
17,6,17.242981567230544
17,7,14.391573801456678
17,8,12.33461855414599
17,9,12.73682198781775
17,10,11.916040890335402
17,11,8.41619662950765
17,12,7.866525227558135
17,13,9.126702760310268
17,14,9.770306182867001
17,15,6.719844623512723
17,16,3.810101561241538
17,18,3.806085350504896
17,19,5.531768625944997
17,20,5.00749566323249
17,21,6.320034720454035
17,22,8.986061395952088
17,23,10.142222313180051
17,24,10.547569477192651
17,25,12.073595177781366
17,26,14.649616219528449
17,27,17.432364139000885
17,28,18.683773648257475
17,29,15.625577538183817
17,30,15.414111173814897
17,31,19.14351950669298
17,32,19.00977754040449
17,33,16.483832234483312
17,34,18.613483034529157
17,35,21.700093398320902
17,36,20.796277911620184
17,37,20.06444750339235
17,38,23.379806793647294
17,39,22.232705757431145
17,40,24.85619724752377
17,41,24.062277826470265
17,42,24.18539973461796
17,43,21.55958929549575
17,44,19.36034418757035
17,45,19.877345637983925
17,46,19.153351213256805
17,47,15.908632421306756
17,48,14.548877742788813
17,49,15.853946301633885
17,50,14.384201092342318
17,51,10.864723780562167
17,52,11.507548568471286
17,53,12.137696094263527
17,54,9.193267673683271
17,55,6.928971901840383
17,56,9.846866264687975
17,57,10.042792365139574
17,58,6.802405278375173
17,59,8.03829255723994
17,60,11.320574956529267
17,61,10.470908157442796
17,62,9.732014970730287
17,63,12.746008867499558
17,64,14.674147991749583
17,65,13.865152730092197
17,66,15.364852245412873
17,67,18.205419659978347
17,68,19.122223030794203
17,69,19.224712307824515
17,70,21.686685693024085
17,71,23.834997513934546
17,72,23.67942323146534
17,73,25.345015146044105
17,74,27.66019367161663
17,75,29.13885348267315
17,76,30.206034746458723
17,77,31.925116148396764
17,78,34.4412872468695
18,1,24.85454717445008
18,2,25.127512240207476
18,3,22.684316273565184
18,4,20.290266220343693
18,5,20.60859119369029
18,6,20.08155135426412
18,7,16.929083167257254
18,8,15.424271277851645
18,9,15.9426131701428
18,10,14.477325383277682
18,11,11.0286792083824
18,12,11.254891433052633
18,13,11.932293436122078
18,14,11.562281568360195
18,15,8.22765932596454
18,16,5.300836225567852
18,17,3.806085350504896
18,19,3.80125726097297
18,20,5.4608791847983245
18,21,5.403508258786815
18,22,6.764310078673219
18,23,9.107394718058659
18,24,10.288940587895423
18,25,10.82646447505316
18,26,12.886666693269923
18,27,16.14941360964759
18,28,16.948174242841375
18,29,14.009866043131947
18,30,14.690436740447565
18,31,18.336364824095085
18,32,17.93491219708638
18,33,16.025353473833896
18,34,18.697281333948194
18,35,21.39019100205374
18,36,20.497980104003545
18,37,20.468304291687662
18,38,23.76386687892903
18,39,23.0221064609025
18,40,25.749921393338212
18,41,24.78850429555882
18,42,25.43230108763865
18,43,23.043668729486004
18,44,20.366197275490304
18,45,21.02801736960658
18,46,20.95355867119635
18,47,17.668231786018072
18,48,15.827182735306273
18,49,17.615179007435305
18,50,16.81049141718337
18,51,13.062457682636293
18,52,13.291449017988223
18,53,14.70570407938253
18,54,12.290548695600355
18,55,9.365980019676181
18,56,12.039040605666244
18,57,13.070946429669625
18,58,9.898062722768753
18,59,9.89026364615542
18,60,13.548522683033935
18,61,12.966082851966686
18,62,11.18785805722438
18,63,13.862023213248365
18,64,16.39569706191408
18,65,15.263579593001216
18,66,15.944215378551208
18,67,19.14541105129369
18,68,20.479625502886165
18,69,20.021445786105645
18,70,22.148374373096438
18,71,24.772256594477604
18,72,24.68114029480592
18,73,25.814146379686683
18,74,28.17806368676974
18,75,30.047847899764744
18,76,30.869143800157037
18,77,32.25760810705047
18,78,35.05444888166782
19,1,23.2252125163449
19,2,23.270932082522336
19,3,20.459223335645838
19,4,18.50187768992759
19,5,19.208610537115614
19,6,18.200215397618656
19,7,14.848925715720918
19,8,14.155685502988211
19,9,14.738967436158388
19,10,12.533065593751509
19,11,9.33954998599359
19,12,10.762676764500444
19,13,11.263087314237135
19,14,9.858643134291563
19,15,6.255808862604234
19,16,5.144824345690042
19,17,5.531768625944997
19,18,3.80125726097297
19,20,3.798824489459716
19,21,5.394460758781842
19,22,5.340417697565044
19,23,6.547585526464403
19,24,8.836005444618277
19,25,10.083691389868797
19,26,11.33542384530062
19,27,14.205464469901504
19,28,14.513568055133423
19,29,11.162985868971127
19,30,11.891968746612584
19,31,15.365395681248994
19,32,14.555547776993857
19,33,12.516536399290171
19,34,15.406129746419262
19,35,17.906476093533147
19,36,16.794411044966026
19,37,16.915204207815304
19,38,20.278474414140284
19,39,19.850749061330635
19,40,22.800867217083002
19,41,22.129859821776805
19,42,23.108820021145977
19,43,20.595750855899325
19,44,17.850274304509075
19,45,19.074808484181254
19,46,19.202703845208628
19,47,15.686921124692246
19,48,14.176283901187626
19,49,16.634900509684993
19,50,15.891268277628383
19,51,12.109165993573779
19,52,13.114829409184681
19,53,15.076709221167512
19,54,12.613292913174092
19,55,10.253161295841078
19,56,13.581745300300085
19,57,14.714637617519065
19,58,11.996767511712823
19,59,12.622770036766672
19,60,16.242956129096473
19,61,15.853165205674921
19,62,14.606656266530486
19,63,17.272186158339675
19,64,19.719005070583442
19,65,18.775024247965803
19,66,19.666856172352848
19,67,22.77084993284683
19,68,24.031877483106843
19,69,23.706747214591417
19,70,25.913132516129345
19,71,28.456139624771676
19,72,28.320128748075785
19,73,29.550737496645187
19,74,31.942262721918084
19,75,33.73591804696665
19,76,34.55606415003043
19,77,36.02018079818202
19,78,38.79993504196013
20,1,19.901841956258544
20,2,20.30682204504793
20,3,17.639000268219995
20,4,15.30132186504602
20,5,16.18325149469512
20,6,15.693981842540591
20,7,12.203631001601352
20,8,11.213439259270489
20,9,12.552202308188747
20,10,10.885787966866225
20,11,7.253814865413551
20,12,8.970580590398276
20,13,10.704211482111482
20,14,10.074395446543052
20,15,6.310537886951139
20,16,6.000387543812725
20,17,5.00749566323249
20,18,5.4608791847983245
20,19,3.798824489459716
20,21,3.805196796649619
20,22,5.633429710063445
20,23,5.3726356521095795
20,24,6.26015538242789
20,25,8.548593113533776
20,26,10.575347929454196
20,27,12.922822074459681
20,28,14.073957654579495
20,29,10.92948779973317
20,30,10.44146844817975
20,31,14.149887208606419
20,32,14.134418582644392
20,33,11.650520034284947
20,34,13.772946577136294
20,35,16.841926555291764
20,36,16.24912053641629
20,37,15.707045522934848
20,38,18.8453189412321
20,39,17.76330376579664
20,40,20.396097249113687
20,41,19.515993059416346
20,42,20.068152028931895
20,43,17.591597743758886
20,44,14.989976795881535
20,45,15.842036739105701
20,46,15.713955986978089
20,47,12.306692764914567
20,48,10.718967800201316
20,49,12.930412378100096
20,50,12.12907564356297
20,51,8.33021905075605
20,52,9.43339965002103
20,53,11.44604118113601
20,54,9.16716940104906
20,55,7.044455450960276
20,56,10.621865716875142
20,57,11.906268267128464
20,58,9.894588151226722
20,59,10.852742807233065
20,60,14.262490576375294
20,61,14.442192933675805
20,62,13.909461724545654
20,63,16.275222816635033
20,64,18.614864885666215
20,65,18.363727317133538
20,66,19.528110633277887
20,67,22.185691029896873
20,68,23.515085900588037
20,69,23.7918080664543
20,70,25.94512238995747
20,71,28.14760140812143
20,72,28.316495228580333
20,73,29.89357960141943
20,74,32.0001071994717
20,75,33.66198655780052
20,76,34.87608341221231
20,77,36.40392917668
20,78,38.91784251229352
21,1,22.04121314278226
21,2,22.965000448730017
21,3,20.36852035109795
21,4,17.726292875422956
21,5,18.8812085506405
21,6,18.88224952608764
21,7,15.331705308906589
21,8,14.099342919886483
21,9,15.863747055274914
21,10,14.553345654311647
21,11,10.834909035542832
21,12,12.123859370747306
21,13,14.08120743412011
21,14,13.708457650730317
21,15,9.926205664051112
21,16,8.650113892023986
21,17,6.320034720454035
21,18,5.403508258786815
21,19,5.394460758781842
21,20,3.805196796649619
21,22,3.8124898770548277
21,23,5.367768737640201
21,24,5.139442834152674
21,25,5.781197539045544
21,26,8.508400213531715
21,27,11.449430952222706
21,28,13.059971977266649
21,29,10.6260931726245
21,30,10.55200366023719
21,31,14.320995059730205
21,32,14.86591566150987
21,33,13.166856835426962
21,34,15.250993021950373
21,35,18.20869685674683
21,36,18.206542713654464
21,37,18.070747687209728
21,38,20.852107259745996
21,39,19.62708794444865
21,40,21.87692851713123
21,41,20.37669221195089
21,42,21.011140922842532
21,43,19.106664646845562
21,44,16.134159654398392
21,45,16.33000872950676
21,46,16.74488447478738
21,47,13.824286107903513
21,48,11.268327281537033
21,49,13.132204808383333
21,50,13.21486317657414
21,51,9.513973667459606
21,52,9.071454419044926
21,53,11.518696413752304
21,54,10.209094614868286
21,55,6.984084358036879
21,56,9.66301202186236
21,57,11.948362119098908
21,58,10.13017083647396
21,59,9.692667594275418
21,60,13.33467546496086
21,61,14.184830745398052
21,62,13.015808770414473
21,63,14.698218433822937
21,64,17.61127111859805
21,65,17.617010867234868
21,66,18.094280266121906
21,67,20.682529326942046
21,68,22.567386596340686
21,69,22.78270548755846
21,70,24.45096675219496
21,71,26.853317375198948
21,72,27.42520416533933
21,73,28.703414313157218
21,74,30.54042047510538
21,75,32.54161051748095
21,76,33.86797710128413
21,77,35.03596683414201
21,78,37.59728083844946
22,1,23.93823078572445
22,2,24.689453711498047
22,3,21.69320489607416
22,4,19.523556644762873
22,5,21.067396106894485
22,6,20.580789740658997
22,7,16.87300327939589
22,8,16.40694563253021
22,9,18.033176035559
22,10,16.021826845610313
22,11,12.638226776743517
22,12,14.581482598915334
22,13,15.956387030282945
22,14,14.685024515422358
22,15,10.940334468779874
22,16,10.171197271989465
22,17,8.986061395952088
22,18,6.764310078673219
22,19,5.340417697565044
22,20,5.633429710063445
22,21,3.8124898770548277
22,23,3.8008608503837222
22,24,5.671521867898526
22,25,5.295013897842471
22,26,6.241859762456041
22,27,9.578144597726693
22,28,10.265673855084215
22,29,7.730864889005284
22,30,8.867364114560539
22,31,12.342848645971456
22,32,12.384707534562613
22,33,11.404802688687985
22,34,14.09361350950346
22,35,16.455358034039
22,36,16.390992982109413
22,37,17.024862047309277
22,38,19.74190328120295
22,39,19.109040595680135
22,40,21.54624215090601
22,41,20.113895084741095
22,42,21.42628586309698
22,43,19.6794564900691
22,44,16.343890112495142
22,45,17.047899314938398
22,46,18.11116279467976
22,47,15.11759382684966
22,48,12.568274405721551
22,49,15.148834100722835
22,50,15.66178690046791
