1,2,3.8070341130945384
1,3,5.330829862750175
1,4,5.0898612465749835
1,5,6.193686266587165
1,6,8.451259368272707
1,7,9.475732148311913
1,8,10.294715712511271
1,9,12.618439774387632
1,10,14.236529822802636
1,11,15.059992322107158
1,12,16.301456605395444
1,13,18.971588320789998
1,14,19.89007114373825
1,15,19.621216996888915
1,16,22.086534945417867
1,17,21.854417176518712
1,18,24.537821629719705
1,19,22.765192728471234
1,20,19.567470882028285
1,21,21.934472602941494
1,22,23.790198528933118
1,23,20.71011728580039
1,24,19.35796412823043
1,25,22.911782566951977
1,26,24.425215324990276
1,27,23.24278460046263
1,28,25.0214523207047
1,29,23.173883644780208
1,30,19.715706130305488
1,31,20.78940750883505
1,32,22.03518618754048
1,33,18.877534986690577
1,34,16.529720046459104
1,35,19.414937126608038
1,36,19.873311065752716
1,37,16.26361012677961
1,38,16.648101689905033
1,39,13.44753398596063
1,40,13.339852840390325
1,41,14.264956130060675
1,42,11.44537022391172
1,43,8.982198395262072
1,44,11.912630397422493
1,45,12.179432043702153
1,46,8.741678440841156
1,47,9.286124574665466
1,48,12.830803044499262
1,49,12.287559997262308
1,50,10.144779255476365
1,51,12.979841535912186
1,52,15.585928628535752
1,53,14.992357255106834
1,54,15.007045850614086
1,55,18.24851493428553
1,56,19.927230131918208
1,57,19.141887627285055
1,58,21.083267294562066
1,59,23.67020963790012
1,60,24.204939608427075
1,61,25.067294952034178
1,62,27.604327515575196
1,63,29.063085044707066
1,64,29.756288701989273
1,65,31.325897028872127
1,66,33.640055373094825
1,67,34.52435775413528
1,68,35.108728164221795
1,69,37.194669501503206
1,70,39.10908653579918
1,71,39.87772526056403
1,72,40.8242506591322
1,73,43.50319065449229
1,74,44.95863583433551
1,75,45.60344529342865
1,76,47.731834390602764
1,77,49.62214476229922
2,1,3.8070341130945384
2,3,3.796319070528884
2,4,5.529161034887185
2,5,5.353967566502813
2,6,6.2064468837819735
2,7,8.491304910057977
2,8,10.000343841339063
2,9,11.272965639163528
2,10,12.770249970639789
2,11,14.522242221688291
2,12,15.704805675053747
2,13,17.734159733264704
2,14,18.447602697962843
2,15,18.866942867190772
2,16,21.702347132730896
2,17,22.101612026884407
2,18,24.83866165143128
2,19,22.869265376359877
2,20,20.079901658334947
2,21,22.934545319337893
2,22,24.621333921817776
2,23,21.556845709913556
2,24,20.816804581916312
2,25,24.53432549967566
2,26,25.873895084644893
2,27,24.920972633089097
2,28,26.268301041160267
2,29,24.028792698999435
2,30,20.86057198004199
2,31,21.928839075361257
2,32,22.549117571028333
2,33,19.17109667043306
2,34,17.15543658040643
2,35,19.76983061711391
2,36,19.54205660570794
2,37,15.772818627014338
2,38,16.4693363211652
2,39,13.888301975217233
2,40,14.465524004403925
2,41,16.17911471749528
2,42,13.940657928471577
2,43,10.95645686275582
2,44,13.751596028290544
2,45,14.869386237990609
2,46,11.702788980234402
2,47,11.264761614481603
2,48,14.994924647315921
2,49,15.07434295303949
2,50,12.47001431240836
2,51,14.613052695022077
2,52,17.74089463796921
2,53,17.13179517073859
2,54,16.342679184076193
2,55,19.6349046818423
2,56,21.70217609400805
2,57,20.55688730881024
2,58,22.00502507272616
2,59,24.9690363153372
2,60,25.665281319971196
2,61,26.00203164149327
2,62,28.527195014590248
2,63,30.40865541729878
2,64,30.961015432907292
2,65,32.153135388781905
2,66,34.69830184621789
2,67,35.81679767235095
2,68,36.11716061048121
2,69,38.00466019501612
2,70,40.21362954133497
2,71,41.0432184418842
2,72,41.65694173089139
2,73,44.35844818241395
2,74,46.09025933929163
2,75,46.62722398509304
2,76,48.53450225960425
2,77,50.61417934226849
3,1,5.330829862750175
3,2,3.796319070528884
3,4,3.8296426477601657
3,5,5.648964503842907
3,6,5.087557115551209
3,7,5.922835826188588
3,8,8.538096742127994
3,9,10.21260042619378
3,10,10.649473197114315
3,11,12.247996490073152
3,12,14.23632965270275
3,13,16.212238115161632
3,14,16.28723861987153
3,15,16.376087574935767
3,16,19.43742557244977
3,17,20.019279812055203
3,18,22.376652831644126
3,19,20.037493655594044
3,20,17.39279249283214
3,21,20.348327629250043
3,22,21.63208850311364
3,23,18.39520187283884
3,24,18.009289339789593
3,25,21.75065358438274
3,26,22.753772606836204
3,27,21.77325513893986
3,28,22.837918896197454
3,29,20.520629691460556
3,30,17.463189746978856
3,31,18.442480879631738
3,32,18.846814846116548
3,33,15.45417287048621
3,34,13.52948032521161
3,35,16.124444748099666
3,36,15.778006229323491
3,37,12.027451756681875
3,38,12.99215242218535
3,39,10.55516368155963
3,40,11.792459974164188
3,41,13.65409453208083
3,42,12.11588529999873
3,43,8.610155231379224
3,44,10.892157466421617
3,45,12.734636002774314
3,46,10.129824915527793
3,47,8.868945364822302
3,48,12.618662491979457
3,49,13.56535553431669
3,50,11.24397287835219
3,51,12.682552539960154
3,52,16.087044202212915
3,53,16.22465670710006
3,54,15.186272695533988
3,55,18.02920131030046
3,56,20.57932613642123
3,57,19.919494478137057
3,58,20.946597995668526
3,59,23.75240047556596
3,60,24.98703358434624
3,61,25.38473402792434
3,62,27.491666513573733
3,63,29.484803766418413
3,64,30.45392551185872
3,65,31.430120921330655
3,66,33.74352747206939
3,67,35.182880758674386
3,68,35.73435029054275
3,69,37.34162748383807
3,70,39.485116592638775
3,71,40.65370554589144
3,72,41.30712342317991
3,73,43.76282860796567
3,74,45.572126749703465
3,75,46.39011354505164
3,76,48.16406451184513
3,77,50.08514014303201
4,1,5.0898612465749835
4,2,5.529161034887185
4,3,3.8296426477601657
4,5,3.8068234940313386
4,6,5.168583627126774
4,7,4.612439080625007
4,8,5.749683275825814
4,9,8.505017203941676
4,10,9.515727433892685
4,11,10.084978697413788
4,12,11.792752395420603
4,13,14.451396482121693
4,14,15.076156771026852
4,15,14.589559519934062
4,16,17.162473279135025
4,17,17.176323486102696
4,18,19.736162799268946
4,19,17.808116612618992
4,20,14.78101030534546
4,21,17.473450015100166
4,22,19.222711664879075
4,23,16.22860203141488
4,24,15.335312809604416
4,25,19.056741580705108
4,26,20.55914594772794
4,27,19.879192480571916
4,28,21.434174098019874
4,29,19.115358311053754
4,30,15.953825061224011
4,31,17.56691585640064
4,32,18.386822460286112
4,33,14.918254635128147
4,34,13.310219976751481
4,35,16.53159641414263
4,36,16.478660492816655
4,37,13.028097352289642
4,38,14.447215562010095
4,39,11.599649689022057
4,40,12.818329382194223
4,41,13.65999772664888
4,42,11.844688984473233
4,43,8.39994495631633
4,44,9.940543977854238
4,45,11.020590382216941
4,46,7.971526738632016
4,47,6.31025467410135
4,48,9.85830515934084
4,49,10.341348613790801
4,50,7.581181385331546
4,51,9.194704712479878
4,52,12.516677712895422
4,53,12.414804711263287
4,54,11.49132091157848
4,55,14.46210540499481
4,56,16.82876067696184
4,57,16.198349699698277
4,58,17.438212001267082
4,59,20.142821133998673
4,60,21.272017512899314
4,61,21.859907465705703
4,62,24.011946131409925
4,63,25.836419129236653
4,64,26.83222758794915
4,65,27.975383182235337
4,66,30.21445214519178
4,67,31.54152287219259
4,68,32.19985433201187
4,69,33.90345177742273
4,70,35.92592137268686
4,71,37.06166029484705
4,72,37.857930189890695
4,73,40.30903334541766
4,74,41.999164059231944
4,75,42.86355016264673
4,76,44.73486726173925
4,77,46.57394664686751
5,1,6.193686266587165
5,2,5.353967566502813
5,3,5.648964503842907
5,4,3.8068234940313386
5,6,3.7869382495612434
5,7,5.424559163973092
5,8,5.136363180749545
5,9,6.586201273403121
5,10,8.923247504497937
5,11,10.11954140387347
5,12,10.6661351957899
5,13,13.063207708105486
5,14,14.404991239105108
5,15,14.63633290410212
5,16,17.048804261604573
5,17,17.243565620920023
5,18,20.27844594588481
5,19,18.777375036001317
5,20,15.964406960326354
5,21,18.83427856266943
5,22,20.980076639757648
5,23,18.40869217022779
5,24,17.613973899042204
5,25,21.310467121521555
5,26,23.160803208474874
5,27,22.91908053750461
5,28,24.5040770957564
5,29,21.91285297265823
5,30,19.003891542439668
5,31,20.942643342441382
5,32,21.507534743963074
5,33,17.87563081785492
5,34,16.71489021634173
5,35,19.906694110301157
5,36,19.415284489613033
5,37,15.956731011950483
5,38,17.688151284141238
5,39,15.137413646372059
5,40,16.468382561795693
5,41,17.44610402348624
5,42,15.45756174669632
5,43,12.132488444359327
5,44,13.704257362418318
5,45,14.547057547520321
5,46,11.238732518259859
5,47,9.6538225288076
5,48,12.810277394558591
5,49,12.757687326942483
5,50,9.319637184651677
5,51,10.83844314745358
5,52,14.086018180967413
5,53,13.042224314156266
5,54,11.587968977076454
5,55,15.00915540541388
5,56,17.113388389821097
5,57,15.636958862805644
5,58,16.843611749830586
5,59,19.99421784592397
5,60,20.706813354764726
5,61,20.78835555773188
5,62,23.31164762254529
5,63,25.355742209055503
5,64,25.845181670054515
5,65,26.882000045462497
5,66,29.49745299454959
5,67,30.71123846661578
5,68,30.933869119583488
5,69,32.724005225967396
5,70,35.01354293125821
5,71,35.90684738531112
5,72,36.42701613638089
5,73,39.08995431849716
5,74,40.912447771957076
5,75,41.47364541820976
5,76,43.291297261787086
5,77,45.38641436597331
6,1,8.451259368272707
6,2,6.2064468837819735
6,3,5.087557115551209
6,4,5.168583627126774
6,5,3.7869382495612434
6,7,3.811233353115674
6,8,5.560231503087033
6,9,5.5905553349390456
6,10,6.71092296758861
6,11,9.105876144304318
6,12,10.266218323638672
6,13,11.756575575777154
6,14,12.305644405342157
6,15,13.122932013569235
6,16,16.12645185998103
6,17,17.128484070034283
6,18,19.868866337991243
6,19,17.89604260536561
6,20,15.64345391345608
6,21,18.975469909078253
6,22,20.61434041999975
6,23,17.949866162458807
6,24,17.940764012900804
6,25,21.70963056221305
6,26,23.115179943453327
6,27,22.966313216723456
6,28,23.984638577782523
6,29,21.0918058045088
6,30,18.537687410771508
6,31,20.301682118566912
6,32,20.213493912263523
6,33,16.48268592186891
6,34,15.675165735987544
6,35,18.498539966975596
6,36,17.36878974765614
6,37,13.912369344063265
6,38,15.995228172498
6,39,14.13913853723777
6,40,16.14692163500253
6,41,17.735861560630692
6,42,16.430763465484535
6,43,12.752253509813825
6,44,14.073077694612573
6,45,15.818304809583571
6,46,13.059652141942474
6,47,10.781956084778892
6,48,13.98081927171025
6,49,14.867825708995529
6,50,11.650321392446818
6,51,12.226868438648378
6,52,15.88159870361351
6,53,15.434275962900424
6,54,13.3653077277735
6,55,16.336209951934777
6,56,19.01815097244648
6,57,17.68314717781436
6,58,18.159367805982367
6,59,21.421745821503414
6,60,22.620310347475264
6,61,22.332389446092403
6,62,24.50570175336859
6,63,26.933879598510543
6,64,27.588509078415203
6,65,28.162046783082573
6,66,30.777580096731445
6,67,32.377398720304654
6,68,32.538822326407704
6,69,33.96653881830621
6,70,36.431234695321564
6,71,37.58405286172996
6,72,37.86052104788512
6,73,40.364640731748516
6,74,42.44549898617286
6,75,43.09511836737435
6,76,44.64164494302222
6,77,46.77726113118359
7,1,9.475732148311913
7,2,8.491304910057977
7,3,5.922835826188588
7,4,4.612439080625007
7,5,5.424559163973092
7,6,3.811233353115674
7,8,3.807128772192103
7,9,5.457690421981667
7,10,5.10572321424993
7,11,6.346933386716614
7,12,8.633175900984027
7,13,10.620431685908189
7,14,10.669762362352843
7,15,10.514412621243904
7,16,13.535960863196324
7,17,14.348820399548549
7,18,16.76187707990608
7,19,14.553221012837717
7,20,12.158828700379507
7,21,15.470761604944602
7,22,16.92405785912443
7,23,14.157062801432764
7,24,14.244083237754724
7,25,18.014420441205523
7,26,19.323557528999835
7,27,19.265207486725227
7,28,20.27582532283709
7,29,17.346297034591835
7,30,14.839576590444572
7,31,16.834171982454034
7,32,16.796707826994073
7,33,13.041067261625727
7,34,12.538766571983619
7,35,15.633130249207744
7,36,14.632726010989568
7,37,11.462983474848292
7,38,13.95687802655872
7,39,12.0783262066341
7,40,14.471935570091624
7,41,15.604919677050738
7,42,14.784634707455695
7,43,11.047822020934328
7,44,11.430032396004512
7,45,13.353647904269605
7,46,11.129988135012587
7,47,8.088126657738115
7,48,10.8571043410247
7,49,12.360279437689961
7,50,9.46963502223742
7,51,9.219590637070821
7,52,13.017295679889747
7,53,13.277608432102335
7,54,11.126091585404788
7,55,13.578010555952188
7,56,16.63303018028379
7,57,15.91977977397552
7,58,16.131018560181687
7,59,19.07818808256161
7,60,20.757382553843414
7,61,20.74880829562939
7,62,22.4991331487946
7,63,24.858026821741433
7,64,25.97916558749118
7,65,26.508333288683254
7,66,28.79165885018227
7,67,30.596785921817407
7,68,31.125339805205627
7,69,32.37396359463221
7,70,34.63857128035926
7,71,36.08366754735097
7,72,36.55113109712396
7,73,38.80981666020875
7,74,40.833639521184814
7,75,41.794375717727675
7,76,43.31868815805623
7,77,45.21617578800552
8,1,10.294715712511271
8,2,10.000343841339063
8,3,8.538096742127994
8,4,5.749683275825814
8,5,5.136363180749545
8,6,5.560231503087033
8,7,3.807128772192103
8,9,3.8072364131796093
8,10,5.402454694290659
8,11,5.191581941663548
8,12,6.067180348591953
8,13,8.993579409376785
8,14,10.286391927263152
8,15,9.814081182299342
8,16,12.004644584000237
8,17,12.171677485431388
8,18,15.156400564620997
8,19,13.74913668502099
8,20,11.036661022576984
8,21,14.069347439751283
8,22,16.289780659781243
8,23,14.105610229100515
8,24,13.631626252665829
8,25,17.261636129733812
8,26,19.260867298179335
8,27,19.669868281504396
8,28,21.183233415579302
8,29,18.270350658119266
8,30,15.8228523421889
8,31,18.414158412463912
8,32,18.733738624364587
8,33,15.054653921026718
8,34,14.872715392459863
8,35,18.30352108786547
8,36,17.544646437743904
8,37,14.683725680443718
8,38,17.24826749230487
8,39,15.07337617162074
8,40,17.15445662096104
8,41,17.63120869293128
8,42,16.40541428879925
8,43,12.964937902826993
8,44,13.073226675880562
8,45,14.094957577309044
8,46,11.519504213197374
8,47,8.609903808097265
8,48,10.668338728130308
8,49,11.31861184597422
8,50,7.8314895567565825
8,51,7.465668884542692
8,52,11.003418141983726
8,53,10.44945201267388
8,54,7.922620483703435
8,55,10.816853413021631
8,56,13.554512158871338
8,57,12.376201613539202
8,58,12.750504045022641
8,59,15.896003788369665
8,60,17.258896867457754
8,61,17.172831371598303
8,62,19.19131052868506
8,63,21.505943243388494
8,64,22.399187347001053
8,65,23.059481469741062
8,66,25.477012559954364
8,67,27.107449904868258
8,68,27.532003664454407
8,69,28.942411566514217
8,70,31.222011185021586
8,71,32.508842218365025
8,72,32.99694428206528
8,73,35.37291794593779
8,74,37.33635090420133
8,75,38.193378766022875
8,76,39.808165203392186
8,77,41.75308301481357
9,1,12.618439774387632
9,2,11.272965639163528
9,3,10.21260042619378
9,4,8.505017203941676
9,5,6.586201273403121
9,6,5.5905553349390456
9,7,5.457690421981667
9,8,3.8072364131796093
9,10,3.803147074567039
9,11,5.469931089820439
9,12,5.007419880195545
9,13,6.539559903228469
9,14,8.219622477737614
9,15,9.137360323282575
9,16,11.510385459847814
9,17,12.575237574143312
9,18,15.691792454528235
9,19,14.423514544498081
9,20,12.532120628914184
9,21,15.885637502890162
9,22,17.98837389206137
9,23,16.192630695470854
9,24,16.345662549709868
9,25,19.8554542474388
9,26,21.762438952825782
9,27,22.521607134662904
9,28,23.67120157724842
9,29,20.435823896822896
9,30,18.451429698378004
9,31,21.0616253584409
9,32,20.810348475456156
9,33,17.05257351027727
9,34,17.332537299611666
9,35,20.45867672562887
9,36,19.056243224934832
9,37,16.261162075052138
9,38,19.13337559519758
9,39,17.490720538186732
9,40,19.905750878214807
9,41,20.828537580302466
9,42,19.76175022869362
9,43,16.1555876415464
9,44,16.394613187873038
9,45,17.759673068420486
9,46,15.208322678682341
9,47,12.261720677371361
9,48,14.308716084318615
9,49,15.082268523687684
9,50,11.550203931146251
9,51,10.875707697604886
9,52,14.271120802416062
9,53,13.424829422565574
9,54,10.344996244945182
9,55,13.002237583934722
9,56,15.727309635233135
9,57,13.947633929271335
9,58,13.654630350480668
9,59,17.182740471602845
9,60,18.477444887596018
9,61,17.598721195272386
9,62,19.63560568943522
9,63,22.414135301050056
9,64,22.94135353130516
9,65,23.11311382411907
9,66,25.85201547782275
9,67,27.655421425019014
9,68,27.62431426254064
9,69,28.81243440026755
9,70,31.453247793823348
9,71,32.7082674110737
9,72,32.75334836534485
9,73,35.18174364993252
9,74,37.44897583347443
9,75,38.09855851264327
9,76,39.4499765991892
9,77,41.64317818993037
10,1,14.236529822802636
10,2,12.770249970639789
10,3,10.649473197114315
10,4,9.515727433892685
10,5,8.923247504497937
10,6,6.71092296758861
10,7,5.10572321424993
10,8,5.402454694290659
10,9,3.803147074567039
10,11,3.8027691406799264
10,12,5.499870737977589
10,13,5.978059157194241
10,14,5.709904167431086
10,15,6.612707818587101
10,16,9.860152017295247
10,17,11.708325315447013
10,18,14.144257394222072
10,19,12.155160217310854
10,20,10.841683965441558
10,21,14.54804633977888
10,22,15.94696214985664
10,23,14.022413878732836
10,24,14.970464666779035
10,25,18.4428982707046
10,26,19.819465193468293
10,27,20.65056755586153
10,28,21.276665126122243
10,29,17.82831188757885
10,30,16.25595870945536
10,31,18.75121424002179
10,32,17.967974810612507
10,33,14.24076043336385
10,34,15.048206044029776
10,35,17.87345691838579
10,36,16.037749778580828
10,37,13.598464891688804
10,38,16.85894526266985
10,39,15.828078374783885
10,40,18.76911737952289
10,41,19.868756034975064
10,42,19.50158252839044
10,43,15.802386617601242
10,44,15.485758067337311
10,45,17.4861352934937
10,46,15.608422015678677
10,47,12.164900104548316
10,48,13.94716672267602
10,49,15.633146931219072
10,50,12.63055073825644
10,51,11.123226040114393
10,52,14.697512690498916
10,53,14.797033397331901
10,54,11.603155236738266
10,55,13.417841193813503
10,56,16.72872054862359
10,57,15.63715517866178
10,58,14.719338852716287
10,59,17.92903797996768
10,60,19.904477807255116
10,61,19.066453087800596
10,62,20.461107125600044
10,63,23.390905587161484
10,64,24.398888754045917
10,65,24.227033804176724
10,66,26.654813259428813
10,67,28.862285012933206
10,68,29.080655024179663
10,69,29.86872114039403
10,70,32.44751338759558
10,71,34.09022284317079
10,72,34.11762238517982
10,73,36.22944157275094
10,74,38.61389575647937
10,75,39.55057375748008
10,76,40.6931908692363
10,77,42.72363837600863
11,1,15.059992322107158
11,2,14.522242221688291
11,3,12.247996490073152
11,4,10.084978697413788
11,5,10.11954140387347
11,6,9.105876144304318
11,7,6.346933386716614
11,8,5.191581941663548
11,9,5.469931089820439
11,10,3.8027691406799264
11,12,3.8128768781417577
11,13,5.876129099952718
11,14,6.051676941093957
11,15,4.6591604628622125
11,16,7.21550854813768
11,17,8.292277678612377
11,18,10.808420462024754
11,19,9.073371362480767
11,20,7.257492187176479
11,21,10.85696142368198
11,22,12.615493442209447
11,23,10.995137002068846
11,24,11.67356269297349
11,25,15.01194514868156
11,26,16.739468849527267
11,27,17.91855550432286
11,28,18.888414141452273
11,29,15.505350334823156
11,30,14.008909611235795
11,31,17.016640335561274
11,32,16.615191291340043
11,33,13.053945728752328
11,34,14.199511994099577
11,35,17.371748480555148
11,36,16.003569799798466
11,37,14.020155571799569
11,38,17.33369915948541
11,39,16.01953217039671
11,40,18.83933095710937
11,41,19.218669151938716
11,42,18.938254354662153
11,43,15.525037828837615
11,44,14.484154719047362
11,45,16.017801709356092
11,46,14.473829470614728
11,47,10.862293696026292
11,48,11.685460402929431
11,49,13.365898465180889
11,50,10.674623277161679
11,51,8.309074153747007
11,52,11.559847544840759
11,53,11.960500061251429
11,54,8.632844125702192
11,55,9.844896171778473
11,56,13.340527031173993
11,57,12.709843086786938
11,58,11.574567754328255
11,59,14.490394268623099
11,60,16.780788085730162
11,61,16.251315870172874
11,62,17.34905740190775
11,63,20.12477578154286
11,64,21.48472739182175
11,65,21.413091765171558
11,66,23.554081432538002
11,67,25.815594365992624
11,68,26.37082556247988
11,69,27.13161404760041
11,70,29.474991892765384
11,71,31.27698438695135
11,72,31.559893923688293
11,73,33.52098173087578
11,74,35.75854541066371
11,75,36.92760919355376
11,76,38.15781171734884
11,77,39.96955249254526
12,1,16.301456605395444
12,2,15.704805675053747
12,3,14.23632965270275
12,4,11.792752395420603
12,5,10.6661351957899
12,6,10.266218323638672
12,7,8.633175900984027
12,8,6.067180348591953
12,9,5.007419880195545
12,10,5.499870737977589
12,11,3.8128768781417577
12,13,3.81142190739006
12,14,6.356110701845038
12,15,5.971991165767874
12,16,7.044888626598218
12,17,7.796762656040494
12,18,11.142189367193863
12,19,10.639001460487274
12,20,9.10242698302103
12,21,12.17664873933757
12,22,14.60341737569135
12,23,13.731120941604003
12,24,13.996433670351234
12,25,17.02734718549034
12,26,19.274841854115845
12,27,20.79552648907413
12,28,22.04761614090495
12,29,18.7245058875727
12,30,17.32844886580974
12,31,20.535295734010653
12,32,20.278072423909418
12,33,16.7908618505258
12,34,17.908798227209182
12,35,21.158552833254028
12,36,19.80477752832748
12,37,17.751153962144627
12,38,21.001074809933716
12,39,19.50347072408129
12,40,22.105977385893777
12,41,22.382126314706355
12,42,21.67423602101872
12,43,18.320376879942746
12,44,17.57514743416071
12,45,18.610048707888673
12,46,16.6161999311069
12,47,13.349182011570608
12,48,14.089985532096216
12,49,14.941123463190978
12,50,11.82622941884077
12,51,9.812601027930349
12,52,12.513978997633128
12,53,11.84071534051156
12,54,8.113775012091546
12,55,9.665697907999464
12,56,12.542478890368326
12,57,10.943159782358991
12,58,9.567148721173563
12,59,13.018416632015743
12,60,14.795140102930088
12,61,13.635565707243462
12,62,15.139234369184852
12,63,18.157650345377984
12,64,18.970748872573544
12,65,18.77565528624362
12,66,21.3274306160037
12,67,23.45355215305638
12,68,23.58580733039041
12,69,24.44579129502121
12,70,27.04550083865958
12,71,28.60753632618715
12,72,28.652777189968976
12,73,30.825989221847152
12,74,33.16822630199145
12,75,34.06649549220727
12,76,35.27464708385359
12,77,37.31182131110324
13,1,18.971588320789998
13,2,17.734159733264704
13,3,16.212238115161632
13,4,14.451396482121693
13,5,13.063207708105486
13,6,11.756575575777154
13,7,10.620431685908189
13,8,8.993579409376785
13,9,6.539559903228469
13,10,5.978059157194241
13,11,5.876129099952718
13,12,3.81142190739006
13,14,3.8160277557578235
13,15,5.499444456501416
13,16,6.764497202072829
13,17,9.041668471115901
13,18,11.831903345977164
13,19,11.254755257254413
13,20,10.967508149928088
13,21,14.195529236753986
13,22,16.070010403451363
13,23,15.524086103531333
13,24,16.553088091712247
13,25,19.38817236140074
13,26,21.274828615828273
13,27,23.037561995858443
13,28,23.78338616019218
13,29,20.206514809379033
13,30,19.34442169626857
13,31,22.430255568952795
13,32,21.56135671845753
13,33,18.130310113143036
13,34,19.697527114127002
13,35,22.563641191726674
13,36,20.620927481403676
13,37,18.80509066819482
13,38,22.3062024299732
13,39,21.371993941270603
13,40,24.321047202040692
13,41,24.97832649382893
13,42,24.563462147253325
13,43,21.04016098623232
13,44,20.29789577330021
13,45,21.772734352230408
13,46,19.916561450908954
13,47,16.487311847384735
13,48,17.351488259875683
13,49,18.559609903793984
13,50,15.50318847087668
13,51,13.3671265253287
13,52,16.095133962722286
13,53,15.588987822456813
13,54,11.82133533816201
13,55,12.900301446682613
13,56,15.777859641973192
13,57,14.097352771212337
13,58,12.076908994506582
13,59,15.42771331609101
13,60,17.318884744435675
13,61,15.504018124852106
13,62,16.62146433759384
13,63,20.03598289774682
13,64,20.68076323009195
13,65,19.82591275972323
13,66,22.476381754318506
13,67,24.91238696554113
13,68,24.703204827034163
13,69,25.115765197008475
13,70,28.006099366867293
13,71,29.69417186617351
13,72,29.2823882180878
13,73,31.321506000376036
13,74,33.997838517412035
13,75,34.8158017569774
13,76,35.64496351588666
13,77,37.833427389307005
14,1,19.89007114373825
14,2,18.447602697962843
14,3,16.28723861987153
14,4,15.076156771026852
14,5,14.404991239105108
14,6,12.305644405342157
14,7,10.669762362352843
14,8,10.286391927263152
14,9,8.219622477737614
14,10,5.709904167431086
14,11,6.051676941093957
14,12,6.356110701845038
14,13,3.8160277557578235
14,15,3.811929886840853
14,16,6.494718760333177
14,17,9.770754382276387
14,18,11.526841943242768
14,19,9.951779148026104
14,20,10.456177896356792
14,21,13.973838256603939
14,22,14.956282111960487
14,23,14.222875837833335
14,24,16.05107728467712
14,25,18.837276479487052
14,26,20.08266202501418
14,27,21.798091980813535
14,28,21.963381939943147
14,29,18.228896094697976
14,30,17.79552179286258
14,31,20.615307637733082
14,32,19.194573588566076
14,33,15.902515395822707
14,34,17.890354950633803
14,35,20.327257888799764
14,36,17.969954859844243
14,37,16.558762942258003
14,38,20.24867063533087
14,39,19.91097712559283
14,40,23.208134511579708
14,41,24.104139428046693
14,42,24.243338825290646
14,43,20.679198819282277
14,44,19.645161381849654
14,45,21.667835361518694
14,46,20.3052708665825
14,47,16.626412506526314
14,48,17.45016872680932
14,49,19.373734816564372
14,50,16.706801265423795
14,51,14.226192903595656
14,52,17.169663775513314
14,53,17.458946611218604
14,54,13.81810925016594
14,55,14.408465993707045
14,56,17.75394582620932
14,57,16.743634402020195
14,58,14.551520350710893
14,59,17.490856944210975
14,60,19.917220922169847
14,61,18.360261993631095
14,62,18.93391857145183
14,63,22.33073915470411
14,64,23.431508988674388
14,65,22.391667395769282
14,66,24.677349726256686
14,67,27.411409285115933
14,68,27.473136799153362
14,69,27.565220418636034
14,70,30.32949693461612
14,71,32.33752517843903
14,72,31.95444208526666
14,73,33.693946083847955
14,74,36.428109217649975
14,75,37.4995835411189
14,76,38.1588041623494
14,77,40.175770556164764
15,1,19.621216996888915
15,2,18.866942867190772
15,3,16.376087574935767
15,4,14.589559519934062
15,5,14.63633290410212
15,6,13.122932013569235
15,7,10.514412621243904
15,8,9.814081182299342
15,9,9.137360323282575
15,10,6.612707818587101
15,11,4.6591604628622125
15,12,5.971991165767874
15,13,5.499444456501416
15,14,3.811929886840853
15,16,3.80425038165164
15,17,6.724827845942061
15,18,8.17697389571236
15,19,6.306340220337563
15,20,6.701048144729171
15,21,10.198219647075744
15,22,11.194295298440133
15,23,10.62599480266735
15,24,12.455228701035375
15,25,15.079427640781649
15,26,16.423279871743933
15,27,18.339293852474942
15,28,18.695857911017345
15,29,15.029774261037652
15,30,14.693340275701036
15,31,17.821339473437128
15,32,16.699370595495118
15,33,13.579814954611184
15,34,15.812731141983793
15,35,18.471123432929886
15,36,16.561725272651913
15,37,15.50066771503977
15,38,19.180295153175074
15,39,18.631965189816917
15,40,21.834823689762693
15,41,22.197785717055826
15,42,22.51216101093048
15,43,19.209669443962373
15,44,17.602249278382814
15,45,19.37443729517191
15,46,18.430947750957124
15,47,14.691195031442547
15,48,14.796922153040704
15,49,16.880728429037756
15,50,14.700015021432034
15,51,11.665779365735515
15,52,14.251448133965471
15,53,15.063796880136723
15,54,11.600608708544472
15,55,11.465445060254275
15,56,15.014998172008351
15,57,14.690559123210768
15,58,12.39604366691007
15,59,14.862623997134694
15,60,17.710607673351202
15,61,16.667574379685
15,62,16.86321389314363
15,63,20.008215211504787
15,64,21.616382971193996
15,65,20.78204858394604
15,66,22.65906190354429
15,67,25.452795623965507
15,68,25.99838444775477
15,69,26.10110180542031
15,70,28.528305156526926
15,71,30.73956563304755
15,72,30.734101614192294
15,73,32.295708456418645
15,74,34.811197985918064
15,75,36.189435468367506
15,76,37.0022747829673
15,77,38.72742015170272
16,1,22.086534945417867
16,2,21.702347132730896
16,3,19.43742557244977
16,4,17.162473279135025
16,5,17.048804261604573
16,6,16.12645185998103
16,7,13.535960863196324
16,8,12.004644584000237
16,9,11.510385459847814
16,10,9.860152017295247
16,11,7.21550854813768
16,12,7.044888626598218
16,13,6.764497202072829
16,14,6.494718760333177
16,15,3.80425038165164
16,17,3.8116322208855027
16,18,5.2330391108420224
16,19,5.216753833133037
16,20,6.366213272545601
16,21,8.810138065174032
16,22,10.285321404916354
16,23,10.97721554295501
16,24,12.493867432544755
16,25,14.41302544359203
16,26,16.211894392840033
16,27,18.741287285789994
16,28,19.375754977919772
16,29,15.912468479458456
16,30,15.959257132178726
16,31,19.42899675686172
16,32,18.583875044064065
16,33,15.854269079556893
16,34,18.288401194293478
16,35,21.042079659793888
16,36,19.43225786695039
16,37,18.69246284192568
16,38,22.30484176719575
16,39,21.58779630744601
16,40,24.612545147578132
16,41,24.51325018772428
16,42,24.751114636108152
16,43,21.69511475640436
16,44,19.800572743230177
16,45,21.055198902524022
16,46,20.220702873681706
16,47,16.6437410502827
16,48,16.044199797216788
16,49,17.727738902845317
16,50,15.779749525714
16,51,12.448783040239759
16,52,14.158343772222322
16,53,14.78675078095482
16,54,11.355614735202325
16,55,10.301886600435571
16,56,13.440731751028773
16,57,13.227852321677126
16,58,10.22712260293568
16,59,12.255270217297214
16,60,15.295402728951734
16,61,14.01702794840897
16,62,13.647244391153363
16,63,16.900700353272814
16,64,18.63002744470593
16,65,17.48307548097414
16,66,19.168543018131913
16,67,22.151353964571342
16,68,22.764217493639006
16,69,22.616021176622134
16,70,24.992474826691613
16,71,27.36692403205603
16,72,27.3448500237919
16,73,28.726405866459903
16,74,31.268938205397752
16,75,32.77276372628159
16,76,33.49325781560418
16,77,35.118467802742664
17,1,21.854417176518712
17,2,22.101612026884407
17,3,20.019279812055203
17,4,17.176323486102696
17,5,17.243565620920023
17,6,17.128484070034283
17,7,14.348820399548549
17,8,12.171677485431388
17,9,12.575237574143312
17,10,11.708325315447013
17,11,8.292277678612377
17,12,7.796762656040494
17,13,9.041668471115901
17,14,9.770754382276387
17,15,6.724827845942061
17,16,3.8116322208855027
17,18,3.797618069125927
17,19,5.553636773433621
17,20,5.257494349771688
17,21,6.4119854481474245
17,22,9.029225339826953
17,23,10.184728201027191
17,24,10.669367209348373
17,25,12.232689515824907
17,26,14.734923607042159
17,27,17.403926801510607
17,28,18.697598745494574
17,29,15.648844418038216
17,30,15.409655824046828
17,31,19.135716596130766
17,32,18.996122969469017
17,33,16.457977749711134
17,34,18.585817771985912
17,35,21.65640420128091
17,36,20.68499998148888
17,37,19.90388402525503
17,38,23.248573958125718
17,39,22.03983415634223
17,40,24.671757987129578
17,41,24.018426340175353
17,42,24.01531520478286
17,43,21.304583860479095
17,44,19.233505049151066
17,45,19.821916777093044
17,46,19.054421161881674
17,47,15.802729838571548
17,48,14.565422119906762
17,49,15.729835940286486
17,50,14.133451520198053
17,51,10.706025344081237
17,52,11.520670373776888
17,53,12.072546797488563
17,54,9.012975007077952
17,55,7.103481838919111
17,56,9.932302468806007
17,57,10.182541845653372
17,58,7.090795297498869
17,59,8.598502845371527
17,60,11.873315633191817
17,61,11.13186909252746
17,62,10.613924829519672
17,63,13.532964481602367
17,64,15.590461973868607
17,65,14.883690266850504
17,66,16.3197176725202
17,67,19.126778853766666
17,68,20.12905259970576
17,69,20.259334179956845
17,70,22.315147364152345
17,71,24.664446966077374
17,72,25.062843520450414
17,73,26.472493674804735
17,74,28.70910904169127
17,75,30.350295623139996
17,76,31.3706381555514
17,77,32.807195580184676
18,1,24.537821629719705
18,2,24.83866165143128
18,3,22.376652831644126
18,4,19.736162799268946
18,5,20.27844594588481
18,6,19.868866337991243
18,7,16.76187707990608
18,8,15.156400564620997
18,9,15.691792454528235
18,10,14.144257394222072
18,11,10.808420462024754
18,12,11.142189367193863
18,13,11.831903345977164
18,14,11.526841943242768
18,15,8.17697389571236
18,16,5.2330391108420224
18,17,3.797618069125927
18,19,3.8072415794228216
18,20,5.560074670326146
18,21,5.428201559536599
18,22,6.728269811520134
18,23,9.045027956369992
18,24,10.30735256178459
18,25,10.927672873914489
18,26,12.887853339255795
18,27,16.053029809995287
18,28,16.908739949465055
18,29,13.969471437965506
18,30,14.613652784372672
18,31,18.266257036091247
18,32,17.858441788378254
18,33,15.932765981021737
18,34,18.602353266691626
18,35,21.275885080041
18,36,20.29604276964463
18,37,20.223280819622524
18,38,23.57724467803473
18,39,22.783352319120645
18,40,25.538968776491906
18,41,24.725243825478785
18,42,25.25014418582503
18,43,22.759323510710622
18,44,20.194156919996946
18,45,20.942836937468677
18,46,20.828181637920164
18,47,17.548557459274548
18,48,15.80675987256017
18,49,17.457343464439944
18,50,16.527407178150025
18,51,12.824863305536038
18,52,13.239731725902239
18,53,14.59669200736055
18,54,12.042727216929185
18,55,9.396400118822747
18,56,12.067679238145965
18,57,13.175141264996578
18,58,10.086871180297607
18,59,10.39737970044312
18,60,14.063455847633207
18,61,13.61149582586569
18,62,12.109961403420746
18,63,14.69394594659821
18,64,17.304964282257174
18,65,16.270581583937023
18,66,16.950282592813288
18,67,20.100899150150006
18,68,21.493742233472265
18,69,21.101967642355014
18,70,22.825200565011126
18,71,25.60707573129705
18,72,26.083594931993147
18,73,26.9782052198926
18,74,29.19463160388402
18,75,31.218335581210287
18,76,32.00959960475963
18,77,33.11047653620887
19,1,22.765192728471234
19,2,22.869265376359877
19,3,20.037493655594044
19,4,17.808116612618992
19,5,18.777375036001317
19,6,17.89604260536561
19,7,14.553221012837717
19,8,13.74913668502099
19,9,14.423514544498081
19,10,12.155160217310854
19,11,9.073371362480767
19,12,10.639001460487274
19,13,11.254755257254413
19,14,9.951779148026104
19,15,6.306340220337563
19,16,5.216753833133037
19,17,5.553636773433621
19,18,3.8072415794228216
19,20,3.8081266075313627
19,21,5.442446166577276
19,22,5.370909342416814
19,23,6.495536685815704
19,24,8.838216019404683
19,25,10.183076201324603
19,26,11.355743710278198
19,27,14.111997837760411
19,28,14.467929561798666
19,29,11.114894701142754
19,30,11.804705953203827
19,31,15.281468741888682
19,32,14.468930610879909
19,33,12.407714697052107
19,34,15.290840327100494
19,35,17.774226537710707
19,36,16.576483065121106
19,37,16.63814263126458
19,38,20.059770594097404
19,39,19.572905720154186
19,40,22.548932605263584
19,41,22.023252778256918
19,42,22.88379678130872
19,43,20.27124144330675
19,44,17.63562002502832
19,45,18.94284824741149
19,46,19.05169317093723
19,47,15.548858350768167
19,48,14.109249934646542
19,49,16.448032473539588
19,50,15.569749383108324
19,51,11.832263559625972
19,52,13.026917874712542
19,53,14.93844442145951
19,54,12.33794359565288
19,55,10.296093639097192
19,56,13.661030419973937
19,57,14.833341123878895
19,58,12.274380970744389
19,59,13.127466160825033
19,60,16.729517809985843
19,61,16.493758433941064
19,62,15.511580583213748
19,63,18.048169832634724
19,64,20.605324811697606
19,65,19.80423110394866
19,66,20.648775244785096
19,67,23.68050303962499
19,68,25.0470358098222
19,69,24.81174572993041
19,70,26.575389800136552
19,71,29.27850825636878
19,72,29.76365947652097
19,73,30.75239924095676
19,74,32.96446266053472
19,75,34.938995070980965
19,76,35.76500949866394
19,77,36.909203969966555
20,1,19.567470882028285
20,2,20.079901658334947
20,3,17.39279249283214
20,4,14.78101030534546
20,5,15.964406960326354
20,6,15.64345391345608
20,7,12.158828700379507
20,8,11.036661022576984
20,9,12.532120628914184
20,10,10.841683965441558
20,11,7.257492187176479
20,12,9.10242698302103
20,13,10.967508149928088
20,14,10.456177896356792
20,15,6.701048144729171
20,16,6.366213272545601
20,17,5.257494349771688
20,18,5.560074670326146
20,19,3.8081266075313627
20,21,3.8081348104612345
20,22,5.558852218234427
20,23,5.18643402664448
20,24,6.141909629982716
20,25,8.496817488133527
20,26,10.449697729816993
20,27,12.646450958786735
20,28,13.833002105966308
20,29,10.710907841645488
20,30,10.180179599949161
20,31,13.887468869673228
20,32,13.888998200491413
20,33,11.412488140571242
20,34,13.53024929419257
20,35,16.582442540705316
20,36,15.955040526520667
20,37,15.402368093122753
20,38,18.562555656124033
20,39,17.418900113575226
20,40,20.055384256826574
20,41,19.283918604529056
20,42,19.746152359187978
20,43,17.206628053256935
20,44,14.6777420035727
20,45,15.603804356795296
20,46,15.502497773486429
20,47,12.116539313314343
20,48,10.561261526279687
20,49,12.685478702724323
20,50,11.819171745493353
20,51,8.05372573955592
20,52,9.322542935382323
20,53,11.349147691497878
20,54,8.985054394136728
20,55,7.173278124519833
20,56,10.815951259972424
20,57,12.156786348176224
20,58,10.362177950650894
20,59,11.43377454327007
20,60,14.808035474930628
20,61,15.143385068950213
20,62,14.826735763961127
20,63,17.029798742500386
20,64,19.52010301373186
20,65,19.405805813506124
20,66,20.441670651493755
20,67,23.033527152691658
20,68,24.503130836539565
20,69,24.84178036209003
20,70,26.500342730312195
20,71,28.888113240636553
20,72,29.681422603384146
20,73,31.00233264472877
20,74,32.95075794129037
20,75,34.793864080672435
20,76,36.00516770185553
20,77,37.193114872743244
21,1,21.934472602941494
21,2,22.934545319337893
21,3,20.348327629250043
21,4,17.473450015100166
21,5,18.83427856266943
21,6,18.975469909078253
21,7,15.470761604944602
21,8,14.069347439751283
21,9,15.885637502890162
21,10,14.54804633977888
21,11,10.85696142368198
21,12,12.17664873933757
21,13,14.195529236753986
21,14,13.973838256603939
21,15,10.198219647075744
21,16,8.810138065174032
21,17,6.4119854481474245
21,18,5.428201559536599
21,19,5.442446166577276
21,20,3.8081348104612345
21,22,3.8087492148240933
21,23,5.343508384634182
21,24,5.158734875141759
21,25,5.848026197988578
21,26,8.514579620687725
21,27,11.342044221008313
21,28,13.01879274755722
21,29,10.618745263314693
21,30,10.503270550545382
21,31,14.278394614693886
21,32,14.834383192170915
21,33,13.142849493366072
21,34,15.219552750265052
21,35,18.15843677636
21,36,18.091542696308526
21,37,17.967852496078848
21,38,20.805918687821986
21,39,19.532923260051717
21,40,21.800345218869115
21,41,20.41114098832636
21,42,20.943218882152085
21,43,18.95795712137591
21,44,16.061240422505858
21,45,16.323121887851293
21,46,16.711655225238033
21,47,13.834205771838308
21,48,11.326529100528798
21,49,13.032895576268926
21,50,13.041661384383513
21,51,9.338506327736907
21,52,9.021789617722357
21,53,11.429634009052464
21,54,9.982038276088675
21,55,6.909399250426483
21,56,9.732314593682702
21,57,12.059936897929338
21,58,10.322662612379602
21,59,10.051234348773422
21,60,13.667680527980112
21,61,14.614750734079347
21,62,13.652802484444413
21,63,15.219220731152062
21,64,18.223948785633297
21,65,18.28491748838185
21,66,18.66227439390851
21,67,21.212705401336777
21,68,23.18413875716983
21,69,23.443530957733067
21,70,24.624169121358374
21,71,27.18748343005173
21,72,28.3388047523244
21,73,29.377310638092172
21,74,31.043889187105233
21,75,33.18510758811061
21,76,34.48581644699947
21,77,35.32944014931388
22,1,23.790198528933118
22,2,24.621333921817776
22,3,21.63208850311364
22,4,19.222711664879075
22,5,20.980076639757648
22,6,20.61434041999975
22,7,16.92405785912443
22,8,16.289780659781243
22,9,17.98837389206137
22,10,15.94696214985664
22,11,12.615493442209447
22,12,14.60341737569135
22,13,16.070010403451363
22,14,14.956282111960487
22,15,11.194295298440133
22,16,10.285321404916354
22,17,9.029225339826953
22,18,6.728269811520134
22,19,5.370909342416814
22,20,5.558852218234427
22,21,3.8087492148240933
22,23,3.801978237058919
22,24,5.697271441608588
22,25,5.389620011022846
22,26,6.265614983014615
22,27,9.533485950014432
22,28,10.286445844739458
22,29,7.783290426354125
22,30,8.897358583620749
22,31,12.383078786591811
22,32,12.423960716367953
22,33,11.455327272366082
22,34,14.14325233589721
22,35,16.475703754923526
22,36,16.31698021533916
22,37,16.96856145071391
22,38,19.773067582679253
22,39,19.103521791471017
22,40,21.576725982132793
22,41,20.26306876392379
22,42,21.47427301219684
22,43,19.63011204589809
22,44,16.362635051928866
22,45,17.136601687962237
22,46,18.1767099125476
22,47,15.235285788530579
22,48,12.70211574601543
22,49,15.132201303879219
22,50,15.54853069160911
22,51,11.890252504749329
22,52,11.890992764098543
22,53,14.782050297506405
22,54,13.42672615548986
22,55,10.623280928594061
22,56,13.451056847511017
22,57,15.859190860710678
22,58,14.022048250267753
22,59,13.656143323318293
22,60,17.343343471340052
22,61,18.19079710987872
22,62,16.873517785730222
22,63,18.427224617583057
22,64,21.595917380727634
22,65,21.365296603664802
22,66,21.436345893950985
22,67,24.20926596326702
22,68,26.29136323352482
22,69,26.194815681905283
22,70,27.25917111814249
