1,2,3.8402784936897962
1,3,5.57555277622652
1,4,5.5415659269835675
1,5,6.734318031548561
1,6,9.027892214838692
1,7,10.36293923684759
1,8,11.005010126630584
1,9,12.910784877223088
1,10,14.610528510173127
1,11,15.706902584103924
1,12,17.053885958429294
1,13,18.96101741932175
1,14,20.170486646639354
1,15,20.744370638573784
1,16,23.65239924599061
1,17,23.48984985584982
1,18,26.252787308211666
1,19,24.139678099709272
1,20,20.96627083011552
1,21,23.28793887008177
1,22,25.018161340950506
1,23,21.689690596772657
1,24,20.82578154032525
1,25,24.58069398112875
1,26,25.251221965052803
1,27,23.774376805418054
1,28,25.452733079982252
1,29,23.424414586402186
1,30,20.062777945027783
1,31,20.77246207264221
1,32,21.765766137647407
1,33,18.525179096683743
1,34,16.09563497525968
1,35,18.701900651289137
1,36,19.038042089700458
1,37,15.288806872276986
1,38,15.363766326616075
1,39,12.368972933205344
1,40,12.154905630406839
1,41,13.768750027141712
1,42,11.272901367464307
1,43,8.55415794908073
1,44,11.825714080918305
1,45,12.778779842476581
1,46,9.773846633809196
1,47,10.244166355354233
1,48,13.987544897471711
1,49,13.972901644987655
1,50,12.10663153156754
1,51,14.555409128531599
1,52,17.41602568733435
1,53,16.763471338074343
1,54,16.781113023364856
1,55,19.80572060771206
1,56,21.917786514232116
1,57,21.74489619868558
2,1,3.8402784936897962
2,3,3.887697980817567
2,4,5.4849834553861765
2,5,5.024791345838053
2,6,6.27547928964309
2,7,8.825627448888264
2,8,9.68962745626553
2,9,10.535042327411654
2,10,12.254663913989916
2,11,14.15847956373955
2,12,15.331580078250541
2,13,16.574686436098684
2,14,17.853478577582447
2,15,19.062332386782415
2,16,22.240359078660685
2,17,22.64497885103095
2,18,25.505777739368455
2,19,23.276647328133844
2,20,20.44215379581329
2,21,23.243456491805585
2,22,24.905233720952346
2,23,21.761338700663348
2,24,21.43645569969174
2,25,25.28766256497265
2,26,25.88590202882422
2,27,24.806602809763838
2,28,26.1434210946417
2,29,23.657453378106773
2,30,20.673136167683204
2,31,21.6629695963505
2,32,22.03874037881937
2,33,18.517686506348447
2,34,16.70237758649789
2,35,19.27175774613101
2,36,18.82169913771718
2,37,14.993550368902039
2,38,15.814699794421692
2,39,13.430010515760282
2,40,14.163866961788784
2,41,16.198732566697373
2,42,14.292357392847652
2,43,11.015833152392558
2,44,13.67521000726491
2,45,15.253709359591182
2,46,12.288284929775708
2,47,11.61970363686048
2,48,15.431410825108474
2,49,15.836191157212154
2,50,13.28366735018467
2,51,15.026840514471255
2,52,18.3626262721742
2,53,17.6645136742569
2,54,16.827657007854217
2,55,19.824613868437766
2,56,22.30918142921542
2,57,21.69438636697746
3,1,5.57555277622652
3,2,3.887697980817567
3,4,3.858219661590165
3,5,5.359588592085367
3,6,4.887000850005803
3,7,6.317890584769587
3,8,8.575115936287657
3,9,9.893910010119141
3,10,10.40887586965999
3,11,12.19355323000278
3,12,14.26048137637032
3,13,15.501600399156569
3,14,15.975445549185041
3,15,16.85971863097699
3,16,20.22442955600752
3,17,20.793798932312125
3,18,23.253638379310313
3,19,20.64166088769042
3,20,18.022257240488383
3,21,20.93334923388487
3,22,22.13539575513331
3,23,18.81891764855968
3,24,18.9127239462039
3,25,22.716580032857433
3,26,22.891985149548862
3,27,21.737036886777542
3,28,22.740015511011443
3,29,20.203823833065805
3,30,17.37301090109872
3,31,18.212981584930503
3,32,18.320445617409394
3,33,14.808318777579489
3,34,13.102509681690304
3,35,15.587715389181964
3,36,14.956170030940783
3,37,11.139074922814421
3,38,12.255416162865453
3,39,10.14222084844724
3,40,11.629740742088446
3,41,13.847695484160782
3,42,12.760520270476588
3,43,9.108714740237325
3,44,11.098390135667408
3,45,13.463421262459935
3,46,11.190953736595539
3,47,9.733507491376836
3,48,13.427741969523124
3,49,14.736395386187073
3,50,12.510367787888367
3,51,13.496173920882052
3,52,17.06132854188469
3,53,17.176592006652495
3,54,16.18266113369262
3,55,18.59990681820266
3,56,21.496368376967514
3,57,21.373512854985904
4,1,5.5415659269835675
4,2,5.4849834553861765
4,3,3.858219661590165
4,5,3.8522622136566316
4,6,5.409922944325003
4,7,5.102562460443946
4,8,6.2094625236574705
4,9,8.830366288162983
4,10,9.800582658797962
4,11,10.417728519814226
4,12,12.323427995905233
4,13,14.433514956326603
4,14,15.182273155650854
4,15,15.377666110514767
4,16,18.306825587355473
4,17,18.259629372258086
4,18,20.86837465513177
4,19,18.62734824555375
4,20,15.55718576095454
4,21,18.109671292633344
4,22,19.722073962497788
4,23,16.487307071799144
4,24,15.9926220034671
4,25,19.832138248642597
4,26,20.47536264301918
4,27,19.460803113224312
4,28,21.016427558145445
4,29,18.594729463113985
4,30,15.475633427443139
4,31,16.809862837430078
4,32,17.515585634023093
4,33,13.987025621704188
4,34,12.315483047483657
4,35,15.476671973681865
4,36,15.385359817305888
4,37,11.82133999031372
4,38,13.056830163163799
4,39,10.22768665382452
4,40,11.484765571325644
4,41,12.64161084284784
4,42,11.111439626738008
4,43,7.372310192680844
4,44,9.010828469673038
4,45,10.666103483502804
4,46,7.951860936839048
4,47,6.320640809523379
4,48,10.078475275679828
4,49,11.008907986350366
4,50,8.663687941830378
4,51,9.966511982025672
4,52,13.378788420833793
4,53,13.39875490187783
4,54,12.7251615661694
4,55,15.25364680825774
4,56,17.92933951501549
4,57,18.00097026322934
5,1,6.734318031548561
5,2,5.024791345838053
5,3,5.359588592085367
5,4,3.8522622136566316
5,6,3.896735897347604
5,7,5.4573762596206965
5,8,4.850244968211057
5,9,6.221073835343586
5,10,8.487334418254685
5,11,9.71522746199508
5,12,10.526028985186855
5,13,12.289708048502272
5,14,13.874062546501746
5,15,14.761850066076018
5,16,17.643472912321563
5,17,17.854441011914922
5,18,20.92054506400705
5,19,19.03939734035782
5,20,16.08392692922235
5,21,18.87870459053934
5,22,20.8982617623854
5,23,18.1310407893721
5,24,17.70033674272245
5,25,21.552485431197272
5,26,22.596823006153695
5,27,22.11582401636852
5,28,23.712637108439004
5,29,20.968990065136545
5,30,18.14401326485356
5,31,19.9458554718759
5,32,20.384379719054234
5,33,16.67562936379873
5,34,15.60488568019932
5,35,18.818428212888684
5,36,18.23812198594733
5,37,14.715923668196254
5,38,16.428399611037236
5,39,13.904783102338639
5,40,15.291010552822279
5,41,16.458074651866536
5,42,14.700289462033746
5,43,11.095189486835437
5,44,12.642455942729157
5,45,13.905642620791028
5,46,10.755109025643716
5,47,9.044357951960214
5,48,12.480262421453247
5,49,12.801435047751514
5,50,9.572613578837219
5,51,10.781746350461793
5,52,14.242969913156287
5,53,13.423339766903403
5,54,12.052046401329932
5,55,15.042446116501388
5,56,17.625899932652878
5,57,16.867679141980652
6,1,9.027892214838692
6,2,6.27547928964309
6,3,4.887000850005803
6,4,5.409922944325003
6,5,3.896735897347604
6,7,3.8541914820947207
6,8,5.337163765007612
6,9,5.23822857500714
6,10,6.037340202264898
6,11,8.499641526164792
6,12,10.007773145931374
6,13,10.776504541072542
6,14,11.636942728839212
6,15,13.083896979274956
6,16,16.481720425119267
6,17,17.473609881730866
6,18,20.22112216847374
6,19,17.861892218204822
6,20,15.506954293866922
6,21,18.799514355949132
6,22,20.27878631310021
6,23,17.531397252378017
6,24,17.9420419379921
6,25,21.744802576600424
6,26,22.292300190901383
6,27,21.965017627908903
6,28,22.95221521170279
6,29,19.88496359043737
6,30,17.547395198804697
6,31,19.262015669260023
6,32,18.970782402032736
6,33,15.17013870933129
6,34,14.652091521288174
6,35,17.52451190689851
6,36,16.199550644625
6,37,12.770718546313907
6,38,15.074115153420184
6,39,13.352802409842525
6,40,15.538282738307
6,41,17.221294562900088
6,42,16.267935114610687
6,43,12.418845667504536
6,44,13.41714689485236
6,45,15.569643200526684
6,46,13.07412474881442
6,47,10.592320876984388
6,48,13.822441749781426
6,49,15.075157147319661
6,50,12.015866806879096
6,51,12.11392186405117
6,52,15.919019844835383
6,53,15.754913577850203
6,54,13.76013516854783
6,55,16.10378981831831
6,56,19.228299806617805
6,57,18.536904013788543
7,1,10.36293923684759
7,2,8.825627448888264
7,3,6.317890584769587
7,4,5.102562460443946
7,5,5.4573762596206965
7,6,3.8541914820947207
7,8,3.830194387570905
7,9,5.680447978267208
7,10,5.0291879439601
7,11,5.93442952411132
7,12,8.570257859067752
7,13,10.1574795505838
7,14,10.260004822751563
7,15,10.626709563939844
7,16,13.91398256078132
7,17,14.588266051053969
7,18,17.053280923576974
7,19,14.543331685904976
7,20,12.024592669176108
7,21,15.23774753504659
7,22,16.5710323204797
7,23,13.705106263609387
7,24,14.169991494686547
7,25,17.953793720849827
7,26,18.438790400576895
7,27,18.19463758556175
7,28,19.24782325254017
7,29,16.17540176539138
7,30,13.830047120641066
7,31,15.829197852742704
7,32,15.676562224715882
7,33,11.864442267425902
7,34,11.66919310954323
7,35,14.890102941226546
7,36,13.771278805252937
7,37,10.689334062093893
7,38,13.330793771710919
7,39,11.531094524870658
7,40,14.073109766893767
7,41,15.162960086287082
7,42,14.66210226966046
7,43,10.850989656753686
7,44,10.82534703110963
7,45,13.072905645591069
7,46,11.137143164110029
7,47,7.921087008609315
7,48,10.630956362335995
7,49,12.470713801291332
7,50,9.762616318520353
7,51,9.04680299674141
7,52,12.922408407845795
7,53,13.49654806673842
7,54,11.563644899329654
7,55,13.308299645898762
7,56,16.674203804033063
7,57,16.61017455898076
8,1,11.005010126630584
8,2,9.68962745626553
8,3,8.575115936287657
8,4,6.2094625236574705
8,5,4.850244968211057
8,6,5.337163765007612
8,7,3.830194387570905
8,9,3.863969980254487
8,10,5.395358788507108
8,11,5.13895355809062
8,12,6.148207583182586
8,13,8.649261547304711
8,14,9.99037858546808
8,15,10.222632115633651
8,16,12.869842204532056
8,17,13.019184080977185
8,18,16.109089920071945
8,19,14.394399094952556
8,20,11.468630634552063
8,21,14.401448934515798
8,22,16.550413504342732
8,23,14.206901012807153
8,24,13.990367515666666
8,25,17.74746691175424
8,26,19.02076746131595
8,27,19.20698453970968
8,28,20.817450551430145
8,29,17.80395158958814
8,30,15.39795755375006
8,31,17.932046013839287
8,32,18.22186872504545
8,33,14.513383568249871
8,34,14.434543186931386
8,35,17.96833778986867
8,36,17.16189100758447
8,37,14.257970227565922
8,38,16.749284460258753
8,39,14.516755767227844
8,40,16.57740461756035
8,41,17.0821595201036
8,42,15.944294049174818
8,43,12.352784064949091
8,44,12.42861990050742
8,45,13.656274902712848
8,46,11.102193883378082
8,47,8.150907589781513
8,48,10.50320751837911
8,49,11.304590446329964
8,50,7.858802611661691
8,51,7.3761203319767885
8,52,11.059677063808854
8,53,10.747775125239059
8,54,8.450850627147794
8,55,10.841702246885575
8,56,13.899452529039973
8,57,13.296066814014065
9,1,12.910784877223088
9,2,10.535042327411654
9,3,9.893910010119141
9,4,8.830366288162983
9,5,6.221073835343586
9,6,5.23822857500714
9,7,5.680447978267208
9,8,3.863969980254487
9,10,3.846185816553546
9,11,5.618334365609327
9,12,5.296554625382053
9,13,6.120199780293863
9,14,8.207321611678342
9,15,9.853906523702905
9,16,12.735495910043142
9,17,13.779069104704687
9,18,16.982534874303365
9,19,15.346172402540589
9,20,13.125232563565563
9,21,16.427703147271107
9,22,18.46030458784682
9,23,16.55797524915038
9,24,16.891928054889714
9,25,20.490925799296676
9,26,21.685353608657334
9,27,22.220220729460422
9,28,23.464251962741113
9,29,20.14742837248517
9,30,18.230374556126115
9,31,20.80295725141335
9,32,20.53001897073929
9,33,16.755074314353198
9,34,17.13407181078301
9,35,20.387739665274587
9,36,18.94143698710804
9,37,16.076501850178992
9,38,18.918773155666376
9,39,17.172115410852104
9,40,19.505504282812048
9,41,20.456161203867612
9,42,19.416242609479347
9,43,15.689388737777342
9,44,15.943425362523776
9,45,17.449172219434352
9,46,14.848611635917967
9,47,11.954475100293045
9,48,14.277533312644955
9,49,15.07787809012137
9,50,11.50695192484311
9,51,10.77635819936057
9,52,14.290636362463205
9,53,13.656839801141956
9,54,10.715724363086283
9,55,12.937795154639367
9,56,16.001645081370974
9,57,14.64564530935716
10,1,14.610528510173127
10,2,12.254663913989916
10,3,10.40887586965999
10,4,9.800582658797962
10,5,8.487334418254685
10,6,6.037340202264898
10,7,5.0291879439601
10,8,5.395358788507108
10,9,3.846185816553546
10,11,3.8560941190455895
10,12,5.616733592170441
10,13,5.5822732410374245
10,14,5.628762148551114
10,15,7.32710283481817
10,16,10.867766646832337
10,17,12.595667998223824
10,18,15.187397602694752
10,19,12.910337969752794
10,20,11.304958147473267
10,21,14.987848965603414
10,22,16.32684405381439
10,23,14.405474059400744
10,24,15.550840633259465
10,25,19.00440056236377
10,26,19.652889018845027
10,27,20.310841835889548
10,28,21.01891658084639
10,29,17.487947545502678
10,30,16.073444379114093
10,31,18.60745316177043
10,32,17.779942164326506
10,33,14.070498314586223
10,34,15.094554085440537
10,35,18.07809568843592
10,36,16.162054048692312
10,37,13.730254182936331
10,38,17.042826733137172
10,39,15.932826665838327
10,40,18.837452076139886
10,41,19.89563104405383
10,42,19.595704741008902
10,43,15.830315914934099
10,44,15.397888866983495
10,45,17.514850472902097
10,46,15.632360188476754
10,47,12.195325188199707
10,48,14.115743370373178
10,49,15.83003888067146
10,50,12.758414489554672
10,51,11.068372394903793
10,52,14.711161023659491
10,53,15.053375989770402
10,54,12.016295723813053
10,55,13.23384538708895
10,56,16.79275442722365
10,57,16.039631086953996
11,1,15.706902584103924
11,2,14.15847956373955
11,3,12.19355323000278
11,4,10.417728519814226
11,5,9.71522746199508
11,6,8.499641526164792
11,7,5.93442952411132
11,8,5.13895355809062
11,9,5.618334365609327
11,10,3.8560941190455895
11,12,3.8686875575613615
11,13,5.886577544656392
11,14,5.67600916909481
11,15,5.113103570114215
11,16,8.101082391061446
11,17,9.088191680139348
11,18,11.805950561958891
11,19,9.811223528358981
11,20,7.68022395182689
11,21,11.241401221315853
11,22,12.936996476215427
11,23,11.25923568013773
11,24,12.115454929884057
11,25,15.48161452065907
11,26,16.524590691826283
11,27,17.531544748658064
11,28,18.61970067658175
11,29,15.179067656273608
11,30,13.771055147087926
11,31,16.8231222278889
11,32,16.42980034515516
11,33,12.91569922570878
11,34,14.224764598656686
11,35,17.558151457432203
11,36,16.1381007794715
11,37,14.14393825064381
11,38,17.404850085403254
11,39,15.996879671520338
11,40,18.785071412432416
11,41,19.09524251136117
11,42,18.854138144778133
11,43,15.379523628204408
11,44,14.25506594671018
11,45,15.869901567675221
11,46,14.307686804221582
11,47,10.681935326576875
11,48,11.679477660885045
11,49,13.381988338928961
11,50,10.582848895517861
11,51,8.05989597745352
11,52,11.401423580355965
11,53,12.137802084828808
11,54,9.017564204213807
11,55,9.59860847629584
11,56,13.299666775008117
11,57,12.998168755141574
12,1,17.053885958429294
12,2,15.331580078250541
12,3,14.26048137637032
12,4,12.323427995905233
12,5,10.526028985186855
12,6,10.007773145931374
12,7,8.570257859067752
12,8,6.148207583182586
12,9,5.296554625382053
12,10,5.616733592170441
12,11,3.8686875575613615
12,13,3.843500131775351
12,14,5.978588991290794
12,15,6.219439004564261
12,16,8.01036784622087
12,17,8.810626465983251
12,18,12.259827984933468
12,19,11.391644370504546
12,20,9.399871209204228
12,21,12.47401645372761
12,22,14.856525689794601
12,23,13.912062325310462
12,24,14.257857431951942
12,25,17.386966690824828
12,26,19.05707466285658
12,27,20.422892701122475
12,28,21.818409342401285
12,29,18.46092676497295
12,30,17.103252753714667
12,31,20.351513429506912
12,32,20.149638884130646
12,33,16.7102768011912
12,34,17.927612581804702
12,35,21.3578099282212
12,36,20.000703304111227
12,37,17.897240831645515
12,38,21.059825244324873
12,39,19.406027168946142
12,40,21.9180468112548
12,41,22.108807232522096
12,42,21.374442749907846
12,43,17.95016678096767
12,44,17.191934442559578
12,45,18.23740110013598
12,46,16.165971994649226
12,47,12.933428328625947
12,48,13.881383015123662
12,49,14.66422199577182
12,50,11.414298774131234
12,51,9.312170127596758
12,52,12.077710187382333
12,53,11.75344607801915
12,54,8.057937532085623
12,55,9.099938128038122
12,56,12.286373493237923
12,57,10.91736223448623
13,1,18.96101741932175
13,2,16.574686436098684
13,3,15.501600399156569
13,4,14.433514956326603
13,5,12.289708048502272
13,6,10.776504541072542
13,7,10.1574795505838
13,8,8.649261547304711
13,9,6.120199780293863
13,10,5.5822732410374245
13,11,5.886577544656392
13,12,3.843500131775351
13,14,3.8713266557637107
13,15,6.347426611745203
13,16,8.52321693555363
13,17,10.683019792962241
13,18,13.665202255744537
13,19,12.59170311918098
13,20,11.660270804992631
13,21,15.017115777088646
13,22,16.853999644571864
13,23,16.1654019442082
13,24,17.201947364964244
13,25,20.155874396617826
13,26,21.441926004260612
13,27,22.958203801281943
13,28,23.838489688168206
13,29,20.23895135965666
13,30,19.36230416162154
13,31,22.461327334627086
13,32,21.653719725775073
13,33,18.215368905748495
13,34,19.793433945712014
13,35,22.880198463196194
13,36,20.923182494517917
13,37,18.93446012781677
13,38,22.381853180062407
13,39,21.22994745122237
13,40,24.052993318069934
13,41,24.697437299349314
13,42,24.186550314542462
13,43,20.564641536926928
13,44,19.91737854777349
13,45,21.426450618342617
13,46,19.38950093295977
13,47,16.043095065333763
13,48,17.25062667446898
13,49,18.33658503709544
13,50,15.06012607448562
13,51,12.971419046120268
13,52,15.833686314960323
13,53,15.581793364871665
13,54,11.848125000421174
13,55,12.603505097320745
13,56,15.739084170267855
13,57,14.088370178243315
14,1,20.170486646639354
14,2,17.853478577582447
14,3,15.975445549185041
14,4,15.182273155650854
14,5,13.874062546501746
14,6,11.636942728839212
14,7,10.260004822751563
14,8,9.99037858546808
14,9,8.207321611678342
14,10,5.628762148551114
14,11,5.67600916909481
14,12,5.978588991290794
14,13,3.8713266557637107
14,15,3.898668881136091
14,16,6.971242146080612
14,17,10.014497887604142
14,18,12.093176561490232
14,19,10.248326843642545
14,20,10.193306847974695
14,21,13.824969858261289
14,22,14.832266714834093
14,23,14.204183582360066
14,24,16.03750666581978
14,25,18.75908504414497
14,26,19.45801009530506
14,27,21.08257926178316
14,28,21.419778300425115
14,29,17.684228752687748
14,30,17.37756881212302
14,31,20.376432051574096
14,32,19.070128691487923
14,33,15.86250840119553
14,34,18.02171170835752
14,35,20.7652740582461
14,36,18.46577023242395
14,37,17.025751065053598
14,38,20.73644297730334
14,39,20.142383946245417
14,40,23.34041999295059
14,41,24.03623566767713
14,42,24.141022953773877
14,43,20.562759585599885
14,44,19.388487911729257
14,45,21.352104788020274
14,46,19.92671387699249
14,47,16.25931736756737
14,48,17.131807329511567
14,49,18.959807144486167
14,50,16.158633365808164
14,51,13.462719987362913
14,52,16.37631160839734
14,53,17.017756986189386
14,54,13.448375395787668
14,55,13.352721355784432
14,56,16.875869963644238
14,57,15.99645520062341
15,1,20.744370638573784
15,2,19.062332386782415
15,3,16.85971863097699
15,4,15.377666110514767
15,5,14.761850066076018
15,6,13.083896979274956
15,7,10.626709563939844
15,8,10.222632115633651
15,9,9.853906523702905
15,10,7.32710283481817
15,11,5.113103570114215
15,12,6.219439004564261
15,13,6.347426611745203
15,14,3.898668881136091
15,16,3.8676246955707847
15,17,6.64026646521551
15,18,8.418634371829256
15,19,6.446449153816432
15,20,6.4564466239173255
15,21,10.018687463087494
15,22,10.98993576973734
15,23,10.692899874211696
15,24,12.577544342747784
15,25,15.029767624574262
15,26,15.857173036308076
15,27,17.79800023998839
15,28,18.30552236727048
15,29,14.67180367530641
15,30,14.559812670644975
15,31,17.886412804757963
15,32,16.867146039106572
15,33,13.962731013495594
15,34,16.41612615622425
15,35,19.305850537884172
15,36,17.43314945871975
15,37,16.44598757787429
15,38,20.07294964257225
15,39,19.352391745287253
15,40,22.48509734774524
15,41,22.61035662347557
15,42,22.931397968854053
15,43,19.662947705189787
15,44,17.873329979844968
15,45,19.549362286388476
15,46,18.610436396981278
15,47,14.88154589386222
15,48,14.923343631378675
15,49,16.921225262067093
15,50,14.657051941202596
15,51,11.355110714573373
15,52,13.773803655303812
15,53,15.03747112409332
15,54,11.70413426756408
15,55,10.673363125839883
15,56,14.291430472185313
15,57,14.146494589854049
16,1,23.65239924599061
16,2,22.240359078660685
16,3,20.22442955600752
16,4,18.306825587355473
16,5,17.643472912321563
16,6,16.481720425119267
16,7,13.91398256078132
16,8,12.869842204532056
16,9,12.735495910043142
16,10,10.867766646832337
16,11,8.101082391061446
16,12,8.01036784622087
16,13,8.52321693555363
16,14,6.971242146080612
16,15,3.8676246955707847
16,17,3.840926670695278
16,18,5.379125210468015
16,19,5.21132965610917
16,20,6.10418453497573
16,21,8.542210733204433
16,22,9.833268429816307
16,23,10.869272556854073
16,24,12.434394870630298
16,25,14.117810426073516
16,26,15.47823318255533
16,27,18.087213852904476
16,28,18.828085594969874
16,29,15.481391352120841
16,30,15.766402179012518
16,31,19.387998579427386
16,32,18.654839515654615
16,33,16.221924297734265
16,34,18.849271299175335
16,35,21.777835142058887
16,36,20.212893687927608
16,37,19.581422337970473
16,38,23.089046562255778
16,39,22.24040322724397
16,40,25.204700218860218
16,41,24.850025241555663
16,42,25.129390217339576
16,43,22.141288326013612
16,44,20.06116306545401
16,45,21.20888693321487
16,46,20.44530966002485
16,47,16.898710375959276
16,48,16.202463692604272
16,49,17.826589899570532
16,50,15.883910839196831
16,51,12.33534535344068
16,52,13.758100872776653
16,53,15.029461178233483
16,54,11.771848632925034
16,55,9.745363764582887
16,56,12.836234792933302
16,57,12.796179939087676
17,1,23.48984985584982
17,2,22.64497885103095
17,3,20.793798932312125
17,4,18.259629372258086
17,5,17.854441011914922
17,6,17.473609881730866
17,7,14.588266051053969
17,8,13.019184080977185
17,9,13.779069104704687
17,10,12.595667998223824
17,11,9.088191680139348
17,12,8.810626465983251
17,13,10.683019792962241
17,14,10.014497887604142
17,15,6.64026646521551
17,16,3.840926670695278
17,18,3.8739180579483303
17,19,5.435356379543959
17,20,4.792276033645948
17,21,5.800190946400426
17,22,8.286447337210193
17,23,9.665279888715943
17,24,10.165096913155608
17,25,11.596280977912144
17,26,13.76349538576804
17,27,16.494405983751463
17,28,17.926802975951947
17,29,15.028171509145778
17,30,14.925019462033474
17,31,18.744858195680663
17,32,18.74833463605148
17,33,16.513581797427012
17,34,18.774741553274
17,35,21.966640408515097
17,36,21.061461063966306
17,37,20.392725469718847
17,38,23.54497053509657
17,39,22.242031710844035
17,40,24.814882794622267
17,41,23.909147057893573
17,42,23.972284308256235
17,43,21.35047806156923
17,44,19.111507953310596
17,45,19.593839687338978
17,46,18.958553520026932
17,47,15.747834376215254
17,48,14.399937757800917
17,49,15.557006122311785
17,50,14.05063820908088
17,51,10.462929144747363
17,52,10.928905957697365
17,53,12.309642440345147
17,54,9.51803404540522
17,55,6.642885220758975
17,56,9.365486384951344
17,57,9.956898541525682
18,1,26.252787308211666
18,2,25.505777739368455
18,3,23.253638379310313
18,4,20.86837465513177
18,5,20.92054506400705
18,6,20.22112216847374
18,7,17.053280923576974
18,8,16.109089920071945
18,9,16.982534874303365
18,10,15.187397602694752
18,11,11.805950561958891
18,12,12.259827984933468
18,13,13.665202255744537
18,14,12.093176561490232
18,15,8.418634371829256
18,16,5.379125210468015
18,17,3.8739180579483303
18,19,3.889310429921876
18,20,5.57486642565953
18,21,5.270525287708789
18,22,6.120129548638327
18,23,8.83677498011321
18,24,10.096183122995802
18,25,10.37948121789599
18,26,12.042453020011504
18,27,15.324733252362455
18,28,16.27294523805853
18,29,13.601500704445131
18,30,14.427013748881896
18,31,18.14943998517557
18,32,17.90097010749359
18,33,16.35835052346618
18,34,19.12301205079554
18,35,21.897753817966834
18,36,20.98185264726045
18,37,21.024325543885418
18,38,24.17163836274777
18,39,23.297115613473345
18,40,26.006094193953018
18,41,24.930599733198964
18,42,25.52144625225424
18,43,23.149014798944627
18,44,20.426070951767645
18,45,21.05545483289255
18,46,21.070355992320593
18,47,17.840136050250386
18,48,15.98941265404024
18,49,17.621286149230837
18,50,16.755693778349976
18,51,12.970963943743781
18,52,13.043786789421821
18,53,15.144081688886931
18,54,12.876615192763678
18,55,9.539635847905586
18,56,11.8401119106201
18,57,13.158238398016254
19,1,24.139678099709272
19,2,23.276647328133844
19,3,20.64166088769042
19,4,18.62734824555375
19,5,19.03939734035782
19,6,17.861892218204822
19,7,14.543331685904976
19,8,14.394399094952556
19,9,15.346172402540589
19,10,12.910337969752794
19,11,9.811223528358981
19,12,11.391644370504546
19,13,12.59170311918098
19,14,10.248326843642545
19,15,6.446449153816432
19,16,5.21132965610917
19,17,5.435356379543959
19,18,3.889310429921876
19,20,3.8655108700931162
19,21,5.557572804471091
19,22,5.0592398236253855
19,23,6.511716611814029
19,24,8.98009209731302
19,25,10.032169147480834
19,26,10.665939550801486
19,27,13.496023355921462
19,28,13.909757152356926
19,29,10.729242074378783
19,30,11.680995796882492
19,31,15.263232181983927
19,32,14.54668691957382
19,33,12.84969308786504
19,34,15.869819400002175
19,35,18.466034487304757
19,36,17.266830222566114
19,37,17.431456084238068
19,38,20.705002561858244
19,39,20.159834187135388
19,40,23.128795831338703
19,41,22.39091286693696
19,42,23.32003925115988
19,43,20.786889914037964
19,44,17.993950283706127
19,45,19.241253976320234
19,46,19.431397508112255
19,47,15.934345833345436
19,48,14.437082106252193
19,49,16.778872583302856
19,50,15.865585281814937
19,51,12.002144503748431
19,52,12.98337044405485
19,53,15.480162812238403
19,54,13.149209603392308
19,55,10.40359812377957
19,56,13.515332589234266
19,57,14.891792053421606
20,1,20.96627083011552
20,2,20.44215379581329
20,3,18.022257240488383
20,4,15.55718576095454
20,5,16.08392692922235
20,6,15.506954293866922
20,7,12.024592669176108
20,8,11.468630634552063
20,9,13.125232563565563
20,10,11.304958147473267
20,11,7.68022395182689
20,12,9.399871209204228
20,13,11.660270804992631
20,14,10.193306847974695
20,15,6.4564466239173255
20,16,6.10418453497573
20,17,4.792276033645948
20,18,5.57486642565953
20,19,3.8655108700931162
20,21,3.8437424907355515
20,22,5.477359938133878
20,23,5.230202239296878
20,24,6.399326202532574
20,25,8.649149127827831
20,26,10.074855299696669
20,27,12.297015809902074
20,28,13.622028360752243
20,29,10.573874881984466
20,30,10.195210270849879
20,31,13.990684649916341
20,32,14.056299790962722
20,33,11.833438740316492
20,34,14.097396110125977
20,35,17.242552436500453
20,36,16.56168428118759
20,37,16.076539295058534
20,38,19.078418217105035
20,39,17.90101239339061
20,40,20.54811427392205
20,41,19.618248812992967
20,42,20.125779885479307
20,43,17.616030285271034
20,44,14.986966236964733
20,45,15.87593386121969
20,46,15.814736845892401
20,47,12.419177228124788
20,48,10.876673870466472
20,49,12.988315147891576
20,50,12.029636486597463
20,51,8.157665906751426
20,52,9.244878601214959
20,53,11.778428234595523
20,54,9.660820556081035
20,55,7.164369507681515
20,56,10.594098654309013
20,57,12.18386873907167
21,1,23.28793887008177
21,2,23.243456491805585
21,3,20.93334923388487
21,4,18.109671292633344
21,5,18.87870459053934
21,6,18.799514355949132
21,7,15.23774753504659
21,8,14.401448934515798
21,9,16.427703147271107
21,10,14.987848965603414
21,11,11.241401221315853
21,12,12.47401645372761
21,13,15.017115777088646
21,14,13.824969858261289
21,15,10.018687463087494
21,16,8.542210733204433
21,17,5.800190946400426
21,18,5.270525287708789
21,19,5.557572804471091
21,20,3.8437424907355515
21,22,3.8443876900167644
21,23,5.263291501777603
21,24,5.017934354437744
21,25,5.797246292340196
21,26,8.25630619484135
21,27,11.075516687622537
21,28,12.966056654162461
21,29,10.75950206017129
21,30,10.589432940244594
21,31,14.389585191523322
21,32,15.098462025955055
21,33,13.63379753488262
21,34,15.714586248092438
21,35,18.74912760198411
21,36,18.677101638470887
21,37,18.55777308175366
21,38,21.155145357899936
21,39,19.81757946124791
21,40,22.07534833357159
21,41,20.508187167660825
21,42,21.040317076246428
21,43,19.109937142920813
21,44,16.1716245276269
21,45,16.333197310742253
21,46,16.75536263738017
21,47,13.89146126812929
21,48,11.383890390689004
21,49,13.052239422846144
21,50,12.995048997361607
21,51,9.312272926345567
21,52,8.751685884599775
21,53,11.698494265278708
21,54,10.502623461507588
21,55,7.0867893704561675
21,56,9.420777027934603
21,57,11.960215056523063
22,1,25.018161340950506
22,2,24.905233720952346
22,3,22.13539575513331
22,4,19.722073962497788
22,5,20.8982617623854
22,6,20.27878631310021
22,7,16.5710323204797
22,8,16.550413504342732
22,9,18.46030458784682
22,10,16.32684405381439
22,11,12.936996476215427
22,12,14.856525689794601
22,13,16.853999644571864
22,14,14.832266714834093
22,15,10.98993576973734
22,16,9.833268429816307
22,17,8.286447337210193
22,18,6.120129548638327
22,19,5.0592398236253855
22,20,5.477359938133878
22,21,3.8443876900167644
22,23,3.9092514676820524
22,24,5.8323691654882115
22,25,5.366391411254901
22,26,5.982270769960798
22,27,9.340082203602762
22,28,10.267376622950644
22,29,8.061201619894094
22,30,9.172943784441403
22,31,12.707313767856043
22,32,12.883523419284295
22,33,12.173317539824243
22,34,14.866902560290205
22,35,17.304267821388194
22,36,17.085980181885606
22,37,17.738056807372608
22,38,20.354604773997103
22,39,19.645616531328
22,40,22.158687103207566
22,41,20.68045706667809
22,42,21.8972882840411
22,43,20.102063094926237
22,44,16.779457497592734
22,45,17.477371315676827
22,46,18.521217292500666
22,47,15.54880130643396
22,48,13.01431639187748
22,49,15.42116091901685
22,50,15.704892769629309
22,51,12.019568418256032
22,52,11.860677375702195
22,53,15.1611067381181
22,54,14.027721547698576
22,55,10.839595434391292
22,56,13.231360920827644
22,57,15.782730539803097
23,1,21.689690596772657
23,2,21.761338700663348
23,3,18.81891764855968
23,4,16.487307071799144
23,5,18.1310407893721
23,6,17.531397252378017
23,7,13.705106263609387
23,8,14.206901012807153
23,9,16.55797524915038
23,10,14.405474059400744
23,11,11.25923568013773
23,12,13.912062325310462
23,13,16.1654019442082
23,14,14.204183582360066
23,15,10.692899874211696
23,16,10.869272556854073
23,17,9.665279888715943
23,18,8.83677498011321
23,19,6.511716611814029
23,20,5.230202239296878
23,21,5.263291501777603
23,22,3.9092514676820524
23,24,3.854456953772319
23,25,5.543689458855384
23,26,5.332139849698983
23,27,7.243613841122
23,28,8.423059945392891
23,29,5.702577033450503
23,30,5.622238882301236
23,31,9.387911263936255
23,32,9.836599755191294
23,33,8.666633286766666
23,34,11.045580161850529
23,35,13.722797462024067
23,36,13.745886295422237
23,37,14.136292530889753
23,38,16.58915565270323
23,39,15.750902547884541
23,40,18.25812706723763
23,41,16.891907263537387
23,42,18.217947913870493
23,43,16.380521373121795
23,44,12.999002505726843
23,45,14.04696088431861
23,46,15.243870717877053
23,47,12.2203348895675
23,48,9.878262800197884
23,49,12.86529151679605
23,50,13.264983330132024
23,51,9.807085405877364
23,52,10.36886921288101
23,53,13.901738544391259
23,54,13.025514093751351
23,55,10.65305422198746
23,56,13.50750293498855
23,57,16.043478650617402
24,1,20.82578154032525
24,2,21.43645569969174
24,3,18.9127239462039
24,4,15.9926220034671
24,5,17.70033674272245
24,6,17.9420419379921
24,7,14.169991494686547
24,8,13.990367515666666
24,9,16.891928054889714
24,10,15.550840633259465
24,11,12.115454929884057
24,12,14.257857431951942
24,13,17.201947364964244
24,14,16.03750666581978
24,15,12.577544342747784
24,16,12.434394870630298
24,17,10.165096913155608
24,18,10.096183122995802
24,19,8.98009209731302
24,20,6.399326202532574
24,21,5.017934354437744
24,22,5.8323691654882115
24,23,3.854456953772319
24,25,3.8652536445765238
24,26,5.796173696613608
24,27,7.0905260981597245
24,28,9.839356201871796
24,29,8.276866744807338
24,30,6.743233479417381
24,31,10.323527467440243
24,32,12.002359509242018
24,33,10.783400370602367
24,34,12.012533587473147
24,35,15.090463204178933
24,36,15.879997743904559
24,37,15.740153282628095
24,38,17.656224362052747
24,39,16.055314241691924
24,40,17.896774232587006
24,41,15.921195362739919
24,42,16.687930515305354
24,43,15.271392860354553
24,44,11.98554982664696
24,45,11.966846490602657
24,46,13.17639466056798
24,47,10.74242687984247
24,48,7.591797605126674
24,49,9.91648042837995
24,50,10.98651041302484
24,51,7.903269139633508
24,52,7.292133923134301
24,53,11.086215461423025
24,54,11.125700854379435
24,55,8.801508369070689
24,56,10.982101256192747
24,57,14.036688768451754
25,1,24.58069398112875
25,2,25.28766256497265
25,3,22.716580032857433
25,4,19.832138248642597
25,5,21.552485431197272
25,6,21.744802576600424
25,7,17.953793720849827
25,8,17.74746691175424
25,9,20.490925799296676
25,10,19.00440056236377
25,11,15.48161452065907
25,12,17.386966690824828
25,13,20.155874396617826
25,14,18.75908504414497
25,15,15.029767624574262
25,16,14.117810426073516
25,17,11.596280977912144
25,18,10.37948121789599
25,19,10.032169147480834
25,20,8.649149127827831
25,21,5.797246292340196
25,22,5.366391411254901
25,23,5.543689458855384
25,24,3.8652536445765238
25,26,3.8941024232656236
25,27,6.495116428985136
25,28,9.203367227778704
25,29,8.702161435189984
25,30,8.453089019303695
25,31,11.555834148937393
25,32,13.266545765627484
25,33,13.057575541894849
25,34,14.596533334682304
25,35,17.121783885335685
25,36,18.088287016591327
25,37,18.597098566524252
25,38,20.34904973768752
25,39,19.057981216566084
25,40,20.76569604942406
25,41,18.46121470452947
25,42,19.530469505508727
25,43,18.58566255544031
25,44,15.109698037106183
25,45,14.801203860226703
25,46,16.473408903023596
25,47,14.404118032340543
25,48,10.979555430341806
25,49,12.904936388453827
25,50,14.437254762799803
25,51,11.49251104389972
25,52,10.036937592368536
25,53,13.73748375582633
25,54,14.036011947794455
25,55,11.087618274312188
25,56,12.458485392566029
25,57,15.88500931701977
26,1,25.251221965052803
26,2,25.88590202882422
26,3,22.891985149548862
26,4,20.47536264301918
26,5,22.596823006153695
26,6,22.292300190901383
26,7,18.438790400576895
26,8,19.02076746131595
26,9,21.685353608657334
26,10,19.652889018845027
26,11,16.524590691826283
26,12,19.05707466285658
26,13,21.441926004260612
26,14,19.45801009530506
26,15,15.857173036308076
26,16,15.47823318255533
26,17,13.76349538576804
26,18,12.042453020011504
26,19,10.665939550801486
26,20,10.074855299696669
26,21,8.25630619484135
26,22,5.982270769960798
26,23,5.332139849698983
26,24,5.796173696613608
26,25,3.8941024232656236
26,27,3.8408754137708105
26,28,5.4723139927798465
26,29,5.538332237868075
26,30,6.431127811516354
26,31,8.917338724030062
26,32,10.268594164921888
26,33,10.968115615806465
26,34,12.866872905492931
26,35,14.695983817932753
26,36,15.675992613862526
26,37,16.89381622532039
26,38,18.513474495130335
26,39,17.858184616284362
26,40,19.784299791589596
26,41,17.677207603355857
26,42,19.486309109895156
26,43,18.644288511259145
26,44,14.893562850325024
26,45,15.310029908899228
26,46,17.515087185023567
26,47,15.325755584060747
26,48,12.205962010404122
26,49,14.914688322541172
26,50,16.500503851392725
26,51,13.576792855060493
26,52,12.929293013053416
26,53,16.763809430250095
26,54,16.8521421793756
26,55,14.174885490206321
26,56,16.051210916601672
26,57,19.28684814233492
27,1,23.774376805418054
27,2,24.806602809763838
27,3,21.737036886777542
27,4,19.460803113224312
27,5,22.11582401636852
27,6,21.965017627908903
27,7,18.19463758556175
27,8,19.20698453970968
27,9,22.220220729460422
27,10,20.310841835889548
27,11,17.531544748658064
27,12,20.422892701122475
27,13,22.958203801281943
27,14,21.08257926178316
27,15,17.79800023998839
27,16,18.087213852904476
27,17,16.494405983751463
27,18,15.324733252362455
27,19,13.496023355921462
27,20,12.297015809902074
27,21,11.075516687622537
27,22,9.340082203602762
27,23,7.243613841122
27,24,7.0905260981597245
27,25,6.495116428985136
27,26,3.8408754137708105
27,28,3.9011146812113457
27,29,5.446786454766202
27,30,4.872768802140453
27,31,6.035780193668144
27,32,8.494844296590406
27,33,9.688543028772637
27,34,10.630519239908297
27,35,12.142361481474977
27,36,13.9379688915691
27,37,15.183792692763053
27,38,16.085173410626442
27,39,15.375358951318736
27,40,16.89333410753817
27,41,14.550838777791473
27,42,16.71547738820527
27,43,16.385615806732627
27,44,12.556293724585593
27,45,13.006930799054398
27,46,15.810870373635003
27,47,14.130391778243762
27,48,11.117382606358156
27,49,14.053917942418675
27,50,16.14867867005487
27,51,13.881749554637524
27,52,13.4652367776574
27,53,17.312024786617723
27,54,17.89715563013247
27,55,15.874057970877155
27,56,17.762261539426866
27,57,21.032274275796933
28,1,25.452733079982252
28,2,26.1434210946417
28,3,22.740015511011443
28,4,21.016427558145445
28,5,23.712637108439004
28,6,22.95221521170279
28,7,19.24782325254017
28,8,20.817450551430145
28,9,23.464251962741113
28,10,21.01891658084639
28,11,18.61970067658175
28,12,21.818409342401285
28,13,23.838489688168206
28,14,21.419778300425115
28,15,18.30552236727048
28,16,18.828085594969874
28,17,17.926802975951947
28,18,16.27294523805853
28,19,13.909757152356926
28,20,13.622028360752243
28,21,12.966056654162461
28,22,10.267376622950644
28,23,8.423059945392891
28,24,9.839356201871796
28,25,9.203367227778704
28,26,5.4723139927798465
28,27,3.9011146812113457
28,29,3.8091933589458047
28,30,5.580705491008814
28,31,5.488319630525269
28,32,6.384264784358041
28,33,8.82322650938662
28,34,10.558469516032169
28,35,11.013817947094164
28,36,12.339586986322901
28,37,14.492848033773091
28,38,15.517168642688661
28,39,15.745424681662463
28,40,17.71224030331768
28,41,15.958493245867725
28,42,18.6967709209616
28,43,18.164130084212335
28,44,14.36149794874813
28,45,15.647819828830501
28,46,18.437837731585734
28,47,16.428497183126353
28,48,13.968324951663826
28,49,17.295961118906227
28,50,18.988400751443447
28,51,16.489449453395004
28,52,16.663155284199522
28,53,20.487563731576135
28,54,20.57581454391933
28,55,18.492429078842154
28,56,20.777494298347694
28,57,23.824380439199544
29,1,23.424414586402186
29,2,23.657453378106773
29,3,20.203823833065805
29,4,18.594729463113985
29,5,20.968990065136545
29,6,19.88496359043737
29,7,16.17540176539138
29,8,17.80395158958814
29,9,20.14742837248517
29,10,17.487947545502678
29,11,15.179067656273608
29,12,18.46092676497295
29,13,20.23895135965666
29,14,17.684228752687748
29,15,14.67180367530641
29,16,15.481391352120841
29,17,15.028171509145778
29,18,13.601500704445131
29,19,10.729242074378783
29,20,10.573874881984466
29,21,10.75950206017129
29,22,8.061201619894094
29,23,5.702577033450503
29,24,8.276866744807338
29,25,8.702161435189984
29,26,5.538332237868075
29,27,5.446786454766202
29,28,3.8091933589458047
29,30,3.867182037524544
29,31,5.618895412987235
29,32,5.167854874807965
29,33,6.2714692813377155
29,34,9.045104080282917
29,35,10.220608759965863
29,36,10.534017585313096
29,37,12.344157792129375
29,38,14.233695200886567
29,39,14.464259897264371
29,40,17.04655081539615
29,41,15.850702056503215
29,42,18.28752253143827
29,43,16.977566011444306
29,44,13.303099107429386
29,45,15.097530295983505
29,46,17.249734653388423
29,47,14.604529554793862
29,48,12.5788940493498
29,49,16.143098214380657
29,50,17.11102573290208
29,51,14.242927348412067
29,52,15.059996022085253
29,53,18.73598197287957
29,54,18.21125121045392
29,55,16.217456194160537
29,56,18.992452075820193
29,57,21.641491421407935
30,1,20.062777945027783
30,2,20.673136167683204
30,3,17.37301090109872
30,4,15.475633427443139
30,5,18.14401326485356
30,6,17.547395198804697
30,7,13.830047120641066
30,8,15.39795755375006
30,9,18.230374556126115
30,10,16.073444379114093
30,11,13.771055147087926
30,12,17.103252753714667
30,13,19.36230416162154
30,14,17.37756881212302
30,15,14.559812670644975
30,16,15.766402179012518
30,17,14.925019462033474
30,18,14.427013748881896
30,19,11.680995796882492
30,20,10.195210270849879
30,21,10.589432940244594
30,22,9.172943784441403
30,23,5.622238882301236
30,24,6.743233479417381
30,25,8.453089019303695
30,26,6.431127811516354
30,27,4.872768802140453
30,28,5.580705491008814
30,29,3.867182037524544
30,31,3.8504270397040665
30,32,5.433036105284098
30,33,5.081839892331601
30,34,6.44520525404074
30,35,8.696225383140144
30,36,9.830565926439009
30,37,10.622629511481453
30,38,12.133234126209729
