1,2,3.7981720653789393
1,3,5.264728462076057
1,4,5.397465578560048
1,5,6.9903049698507935
1,6,8.914758550467289
1,7,10.426320669345214
1,8,11.812359087115144
1,9,13.38655377262047
1,10,14.943203213259686
1,11,15.140432491832483
1,12,17.695791580942327
1,13,17.993164166721996
1,14,20.899938915136033
1,15,19.036914326121323
1,16,16.046839878679574
1,17,18.890251667769174
1,18,20.743068304614713
1,19,17.99770632171489
1,20,17.68933751219709
1,21,21.45593977346509
1,22,22.825448356875484
1,23,22.08390285685539
1,24,23.59396541441923
1,25,20.9146050833241
1,26,18.315812880657855
1,27,20.228618008052013
1,28,20.830314237760266
1,29,17.18653058408376
1,30,15.990812777522324
1,31,19.22893317320463
1,32,18.63041131034812
1,33,15.618947413042571
1,34,17.771007671330647
1,35,15.045427661952235
1,36,16.06614070453694
1,37,17.219930391328763
1,38,15.315638033959551
1,39,11.795352854909709
1,40,13.187048006627345
1,41,14.272262740456771
1,42,11.206884432598843
1,43,9.328780386357767
1,44,12.700083375462619
1,45,12.944134976422694
1,46,9.718765318972508
1,47,11.076696269531343
1,48,14.360233724207603
1,49,13.085760517110156
1,50,11.945126538704967
1,51,15.284425579679727
1,52,17.229203943522332
1,53,16.08203773329018
1,54,16.964813424233604
1,55,20.27002248057631
1,56,21.226863882960412
1,57,20.594635867571085
1,58,22.66899416140737
1,59,26.246870614483775
1,60,26.734847965131674
1,61,24.81347255885759
1,62,26.809635061359693
1,63,29.949631662795603
1,64,32.18512763730608
1,65,29.865680326477527
1,66,31.08944283342322
1,67,27.7877590197386
1,68,27.55094031526099
1,69,31.254494590150355
1,70,30.95546193303293
1,71,28.21763905276223
1,72,30.253416504810204
1,73,33.29251975719911
1,74,32.18755887341229
1,75,29.375425998141914
1,76,30.653797145030236
1,77,34.08925837971233
1,78,33.23806333926501
1,79,29.965715628032804
1,80,29.190332543212815
1,81,32.71493886745227
1,82,33.9164742748612
1,83,31.009174446294093
1,84,31.88158308429231
1,85,35.38359527095907
1,86,34.431863841666015
1,87,32.32051883733503
1,88,35.195716764974584
1,89,37.36719110040917
1,90,35.15363728989301
1,91,35.052368395962425
1,92,38.86882119494757
1,93,39.17390640786347
1,94,37.2385456511429
1,95,40.3114177643324
1,96,42.20343635669353
1,97,39.97580582875505
1,98,42.836283708915815
1,99,45.41891471259169
1,100,45.97354892571867
2,1,3.7981720653789393
2,3,3.789953937950418
2,4,5.606029665726607
2,5,5.64772032560609
2,6,6.471481726106416
2,7,9.09002211696189
2,8,10.684890185458217
2,9,11.214438114372285
2,10,12.51497897202995
2,11,13.486834537668479
2,12,16.488261885625285
2,13,17.58189351217654
2,14,20.31950562830983
2,15,18.06116403151648
2,16,15.638204750184583
2,17,18.959856153655327
2,18,20.355822152379904
2,19,17.73670939782545
2,20,18.234159805284406
2,21,21.989139012551767
2,22,22.984204915525336
2,23,22.445926788365117
2,24,23.399804702838622
2,25,20.388207112624567
2,26,18.301442613339066
2,27,20.190988449609982
2,28,20.08908595811621
2,29,16.336055825328746
2,30,15.68799226687264
2,31,18.603764991712154
2,32,17.274907870048114
2,33,14.41702828366374
2,34,17.15367938580377
2,35,15.117291862679572
2,36,16.902333648871906
2,37,18.587174628204096
2,38,17.313059636352033
2,39,13.55478228626158
2,40,14.493414587637995
2,41,16.28658906382575
2,42,13.7877096812448
2,43,11.228716662680862
2,44,14.330892349113615
2,45,15.391914634499681
2,46,12.194781414800575
2,47,12.493245969309735
2,48,16.128003761432236
2,49,15.31924258998239
2,50,13.418279079523037
2,51,16.337496667956245
2,52,18.86411157739782
2,53,17.6694484562806
2,54,17.758460891873526
2,55,21.18497457050139
2,56,22.561793556453242
2,57,21.512903586452598
2,58,23.105370511194362
2,59,26.80408673188636
2,60,26.857707424323117
2,61,25.22300062373213
2,62,27.64947317224731
2,63,30.848009987916726
2,64,32.81387791475499
2,65,30.153818623045527
2,66,30.97432766854987
2,67,27.529117558521136
2,68,27.747839257217343
2,69,31.374806074063958
2,70,30.641479050929632
2,71,28.05870749953895
2,72,30.4724934094969
2,73,33.21600750139645
2,74,31.78238878047653
2,75,29.160013993021135
2,76,30.880104481934602
2,77,34.205463663691596
2,78,33.0481373116941
2,79,29.8549792589616
2,80,29.542885664797982
2,81,33.21570010825167
2,82,34.23146980423504
2,83,31.516854035991166
2,84,32.76981731866308
2,85,36.222840803524086
2,86,35.11918210218677
2,87,33.35464740351327
2,88,36.428700426945085
2,89,38.40924191676966
2,90,36.20172290744826
2,91,36.48135990446668
2,92,40.26084525528212
2,93,40.419130442276824
2,94,38.75945216124689
2,95,41.976647070228005
2,96,43.71159854894127
2,97,41.63511126807857
2,98,44.682147272971314
2,99,47.050727577659394
2,100,47.66379162502946
3,1,5.264728462076057
3,2,3.789953937950418
3,4,3.824998323558931
3,5,5.55123276521506
3,6,4.95983409339755
3,7,6.259350535096772
3,8,8.87779996059792
3,9,9.933095038009332
3,10,10.45198437805675
3,11,10.602714560204701
3,12,13.690541345985375
3,13,14.617672995046298
3,14,17.06160725639086
3,15,14.645292167153984
3,16,12.0812486006085
3,17,15.376533703462131
3,18,16.6303060838766
3,19,13.947818999915555
3,20,14.553970027785342
3,21,18.290087754938394
3,22,19.22131502884362
3,23,18.814619446043675
3,24,19.787740953462112
3,25,16.716729915931598
3,26,14.708441201062426
3,27,16.871874075037706
3,28,16.809633919264083
3,29,13.03197953310708
3,30,12.750116629065781
3,31,15.915680974106714
3,32,14.69208127163816
3,33,12.28133744312647
3,34,15.182138798460848
3,35,13.235525783580545
3,36,15.396069154590016
3,37,16.67104023441127
3,38,15.90866372454424
3,39,12.1595159511049
3,40,12.146090274117977
3,41,13.922667176294452
3,42,11.96324890027919
3,43,8.732130025216883
3,44,11.29446723708003
3,45,12.925174244888742
3,46,9.95949273574537
3,47,9.41245008821543
3,48,13.181730945118478
3,49,13.04931643100127
3,50,11.05753527340432
3,51,13.46692827009118
3,52,16.360632606551682
3,53,15.746711013036913
3,54,15.555164186583955
3,55,18.691446104305864
3,56,20.525007186593644
3,57,19.81906398551581
3,58,21.051973567443433
3,59,24.624040588249535
3,60,24.38313768029287
3,61,22.480681792485797
3,62,25.03158300840737
3,63,28.035767419601456
3,64,30.120118333530588
3,65,27.475659113979148
3,66,28.134742150697548
3,67,24.58924110554404
3,68,24.6528097259359
3,69,28.201193671643182
3,70,27.38783163299757
3,71,24.646033697991463
3,72,27.01358069452563
3,73,29.735882381952294
3,74,28.21854188276145
3,75,25.4988925855925
3,76,27.22202366236058
3,77,30.49577164297652
3,78,29.28802362900881
3,79,26.07135620922555
3,80,25.801864616746666
3,81,29.489794706300227
3,82,30.463702197153083
3,83,27.791022718910636
3,84,29.119366873458887
3,85,32.558714800849835
3,86,31.464453623166577
3,87,29.814523878340815
3,88,32.92190254344299
3,89,34.88109741384614
3,90,32.768925309341675
3,91,33.17528832493267
3,92,36.92273282302649
3,93,37.138384835353875
3,94,35.64744876931922
3,95,38.86488028291842
3,96,40.629045937575356
3,97,38.73484598333402
3,98,41.86666126409018
3,99,44.11066294157429
3,100,44.91113600549971
4,1,5.397465578560048
4,2,5.606029665726607
4,3,3.824998323558931
4,5,3.8084387812380034
4,6,5.286010533727553
4,7,5.408312099927567
4,8,6.742204381795811
4,9,9.021790312843505
4,10,10.516250586703059
4,11,10.136203601559563
4,12,12.372778112902475
4,13,12.642674897286502
4,14,15.642993577869252
4,15,13.99607863787299
4,16,11.16050448841264
4,17,14.183168848667867
4,18,16.2410326138868
4,19,14.063536543097772
4,20,14.031666329597044
4,21,17.664240293711554
4,22,19.320709450104296
4,23,19.38064548558285
4,24,20.895214061386188
4,25,17.834107683027224
4,26,15.810711132181849
4,27,18.5122563740013
4,28,18.86466994382684
4,29,15.181457984448485
4,30,15.096726166200252
4,31,18.58373285226501
4,32,17.67969019449402
4,33,15.558189524143762
4,34,18.278282186264004
4,35,16.0119526547391
4,36,17.770526383893827
4,37,18.389231375005433
4,38,17.22916959494792
4,39,13.725755288246607
4,40,13.607728048913154
4,41,14.407897706794683
4,42,12.008353507149621
4,43,8.923957681380628
4,44,11.01296578083921
4,45,11.768594082978403
4,46,8.212528889506393
4,47,7.7850317228444625
4,48,11.220595307117414
4,49,10.26809966681097
4,50,7.8965337784367255
4,51,10.79827492871741
4,52,13.338547296673799
4,53,12.231884046998442
4,54,12.271782725486085
4,55,15.61452801713139
4,56,17.083567457047327
4,57,16.286168083230187
4,58,17.857759699930575
4,59,21.467013582090374
4,60,21.62130315230178
4,61,19.792402564503266
4,62,22.096986759043997
4,63,25.28050483028036
4,64,27.324003159185164
4,65,24.798931581959444
4,66,25.833889195843952
4,67,22.483798085029132
4,68,22.45289841924668
4,69,26.14673425822361
4,70,25.726590519092248
4,71,23.14156536988253
4,72,25.389022862901964
4,73,28.30570846875427
4,74,27.232062513650504
4,75,24.646266427279972
4,76,26.12330231084049
4,77,29.622482013956603
4,78,28.87163105344988
4,79,25.838663957436072
4,80,25.149575505197934
4,81,28.765618424556337
4,82,30.199421677930065
4,83,27.637751156543068
4,84,28.536468475042508
4,85,32.14855160120259
4,86,31.491104878900398
4,87,29.71727584813879
4,88,32.541178062429125
4,89,34.855101657295016
4,90,33.03786536180769
4,91,33.15654707587621
4,92,36.90099085572289
4,93,37.50057613491137
4,94,35.94150127939403
4,95,38.93197337931728
4,96,41.009900583756746
4,97,39.19652240158587
4,98,42.18670305026813
4,99,44.55882103819679
4,100,45.54549151456649
5,1,6.9903049698507935
5,2,5.64772032560609
5,3,5.55123276521506
5,4,3.8084387812380034
5,6,3.821342930412219
5,7,5.801226831789824
5,8,5.581073707255636
5,9,6.694921857546847
5,10,9.173371000418047
5,11,10.046158156178665
5,12,12.249866444866267
5,13,13.306256327320298
5,14,16.501067887621133
5,15,14.942199937659302
5,16,12.875926354497993
5,17,16.21148107968738
5,18,18.155396937517914
5,19,16.44148839055241
5,20,16.93750061635245
5,21,20.414371254662534
5,22,22.01141436629934
5,23,22.400911086067207
5,24,23.582432223637912
5,25,20.244611307608096
5,26,18.700185405345135
5,27,21.43356453910069
5,28,21.273947259000966
5,29,17.53385391091738
5,30,17.860201960962943
5,31,21.08664773270537
5,32,19.602934161822823
5,33,17.559284169323618
5,34,20.649732163026446
5,35,18.765385896194626
5,36,20.796730651199788
5,37,21.794188207723558
5,38,20.67593684329597
5,39,17.045598553560993
5,40,17.092499466055813
5,41,18.154369123476474
5,42,15.7261569536788
5,43,12.673183613215087
5,44,14.726795234900523
5,45,15.508631329645846
5,46,11.875247225576585
5,47,11.225919478410333
5,48,14.47999969370052
5,49,13.247681665843475
5,50,10.29523553910646
5,51,12.992426922132124
5,52,15.53110594932887
5,53,13.733095852570216
5,54,13.16743918643157
5,55,16.809276750393213
5,56,18.14387251416998
5,57,16.558031598481797
5,58,17.973230337151865
5,59,21.750797973647355
5,60,21.83953806072759
5,61,20.63425608614393
5,62,23.14476509447819
5,63,26.560540167423053
5,64,28.157695555603695
5,65,25.346580831518626
5,66,26.2344278309211
5,67,22.954942663074466
5,68,23.509265362961592
5,69,27.1837001031949
5,70,26.556324225007064
5,71,24.38300674411814
5,72,26.98045891903567
5,73,29.649520054452957
5,74,28.52761438316861
5,75,26.319209028848793
5,76,28.123432101630634
5,77,31.613717313544477
5,78,30.821000296671684
5,79,28.01353209189482
5,80,27.580991350931445
5,81,31.259852255709017
5,82,32.75017254164862
5,83,30.438894816277706
5,84,31.453464805551786
5,85,35.07650987499015
5,86,34.48689264916872
5,87,32.93696351747693
5,88,35.77374033385601
5,89,38.07591711256081
5,90,36.36388603730703
5,91,36.6292880109939
5,92,40.33709112870832
5,93,40.95254122876314
5,94,39.52503225945211
5,95,42.527834412281834
5,96,44.59261556538129
5,97,42.85770492424151
5,98,45.89364962441724
5,99,48.20071881916706
5,100,49.226709886861435
6,1,8.914758550467289
6,2,6.471481726106416
6,3,4.95983409339755
6,4,5.286010533727553
6,5,3.821342930412219
6,7,3.813472650556341
6,8,5.316232172876871
6,9,5.0942282951312725
6,10,6.1328348110661794
6,11,7.427987676746973
6,12,10.458946917231671
6,13,12.31022991488935
6,14,14.914294088494904
6,15,12.681715446231452
6,16,11.140847454546082
6,17,14.831253692055306
6,18,16.067586238582322
6,19,14.341480669341522
6,20,15.631160879195235
6,21,19.022492634461624
6,22,20.08933812500708
6,23,20.55564130920086
6,24,21.210675287415615
6,25,17.684159283919815
6,26,16.61807932585239
6,27,19.27013920250655
6,28,18.565405502979285
6,29,14.871958415361648
6,30,15.752402888852378
6,31,18.677498703202712
6,32,16.747819790184284
6,33,15.135203574263278
6,34,18.55602406602399
6,35,17.2752565699367
6,36,19.880187027507063
6,37,21.093603408460936
6,38,20.638801434769817
6,39,16.946633066537895
6,40,16.41532898646039
6,41,18.02219744243187
6,42,16.279120758952015
6,43,12.770199478106095
6,44,14.452936734440138
6,45,16.127403753962522
6,46,12.936386193271108
6,47,11.37044896806422
6,48,14.845777327471906
6,49,14.573495630151632
6,50,11.48933222969694
6,51,13.33502364688496
6,52,16.513376945523138
6,53,15.371243508748861
6,54,14.12367472008784
6,55,17.43826849328497
6,56,19.468928802408655
6,57,18.0148294670757
6,58,18.706985068300355
6,59,22.38710395306331
6,60,21.821964145863163
6,61,20.568610631711863
6,62,23.500552469120574
6,63,26.70512887066415
6,64,28.24483673692913
6,65,25.213921381061922
6,66,25.572595130321535
6,67,22.059831114192928
6,68,22.82945486780593
6,69,26.32165550858321
6,70,25.20617973585199
6,71,22.971641057860488
6,72,25.812410429441734
6,73,28.19427610784439
6,74,26.639448218961622
6,75,24.45424751273415
6,76,26.62281408827441
6,77,29.907457299342607
6,78,28.729320537194578
6,79,25.91600846804907
6,80,25.95236798948054
6,81,29.72558462439658
6,82,30.902838218672148
6,83,28.71599600891198
6,84,30.140592895079692
6,85,33.63492373066363
6,86,32.812132175258895
6,87,31.585342519726943
6,88,34.62916185689839
6,89,36.66588384182377
6,90,34.92036668490998
6,91,35.566158150609105
6,92,39.20916512054982
6,93,39.632609051841456
6,94,38.482130684553
6,95,41.62454151281017
6,96,43.49304806728634
6,97,41.91916204146115
6,98,45.13324334949876
6,99,47.19997073886167
6,100,48.28474601666893
7,1,10.426320669345214
7,2,9.09002211696189
7,3,6.259350535096772
7,4,5.408312099927567
7,5,5.801226831789824
7,6,3.813472650556341
7,8,3.821271966955706
7,9,5.483157464963861
7,10,5.6291425962446535
7,11,4.751017719699945
7,12,7.472872129200309
7,13,8.787862550366471
7,14,11.35602875629229
7,15,9.284314772753657
7,16,7.421418203073071
7,17,11.058336039603097
7,18,12.550622350715944
7,19,11.105550880379086
7,20,12.256020119822397
7,21,15.49230638622522
7,22,16.837891983665408
7,23,17.69197044236321
7,24,18.62024071122394
7,25,15.103749758769347
7,26,14.177500619032028
7,27,17.287537572576525
7,28,16.864869042237952
7,29,13.354110255961675
7,30,14.633108279236717
7,31,17.799018354287156
7,32,16.257355763973813
7,33,15.202666458089423
7,34,18.44943791833752
7,35,17.102032231459017
7,36,19.673489676879846
7,37,20.26039747024233
7,38,20.049243881345525
7,39,16.62805396662396
7,40,15.37684943894755
7,41,16.493402968566947
7,42,15.15910663549263
7,43,11.475647399554337
7,44,12.215693422081785
7,45,13.998228941289524
7,46,11.121354387904939
7,47,8.688099220494106
7,48,11.840418217597495
7,49,12.039706314476593
7,50,8.80661228735731
7,51,9.928588116608873
7,52,13.373170033480692
7,53,12.747275910547485
7,54,11.194488730274735
7,55,14.176907196242215
7,56,16.594641304484963
7,57,15.538723918542095
7,58,15.929149719823478
7,59,19.452844698663867
7,60,18.720928988435364
7,61,17.150911395774497
7,62,20.125054357804487
7,63,23.179635266466338
7,64,24.859083464311688
7,65,21.90910218818602
7,66,22.269582443167383
7,67,18.698002089607634
7,68,19.22031562865526
7,69,22.716949451605693
7,70,21.70153284120455
7,71,19.315213702748856
7,72,22.056752025247633
7,73,24.535917013144918
7,74,23.09595781434143
7,75,20.831669319483723
7,76,22.88400440562103
7,77,26.23167961837646
7,78,25.21807115651639
7,79,22.45194444121988
7,80,22.323365622342052
7,81,26.074997614136223
7,82,27.418359175848664
7,83,25.319826695726327
7,84,26.61328943181123
7,85,30.15579244148622
7,86,29.537153404323053
7,87,28.360715775369254
7,88,31.290154394893545
7,89,33.44922282121369
7,90,31.92358907600704
7,91,32.54580626681147
7,92,36.13400578338444
7,93,36.766810619482804
7,94,35.73259026681514
7,95,38.75544918473242
7,96,40.76777673939771
7,97,39.38543104233573
7,98,42.58449322714813
7,99,44.593366834233194
7,100,45.89864725633387
8,1,11.812359087115144
8,2,10.684890185458217
8,3,8.87779996059792
8,4,6.742204381795811
8,5,5.581073707255636
8,6,5.316232172876871
8,7,3.821271966955706
8,9,3.8165053831472107
8,10,6.08132760507372
8,11,5.865688172423047
8,12,6.956043028061498
8,13,8.181347891749754
8,14,11.452526030865696
8,15,10.459418026213806
8,16,9.159580503007675
8,17,12.37121608384261
8,18,14.43666198990488
8,19,13.7849556283491
8,20,14.600435009730237
8,21,17.50801716068867
8,22,19.348168102038823
8,23,20.641486123790703
8,24,21.77281947880584
8,25,18.268196545394602
8,26,17.520602138723856
8,27,20.824681068748507
8,28,20.474473980875654
8,29,17.06348592192252
8,30,18.39826628946501
8,31,21.604862801431697
8,32,20.03531850858012
8,33,18.977778947453416
8,34,22.234645366212877
8,35,20.760453256441764
8,36,23.14822350527083
8,37,23.607752528935713
8,38,23.06446137351949
8,39,19.672998278591788
8,40,18.662318674383908
8,41,19.352541558949103
8,42,17.630456531894843
8,43,14.198368006514112
8,44,14.866001944703646
8,45,15.941940390505458
8,46,12.736568910832192
8,47,10.6111571062397
8,48,13.163709172453144
8,49,12.504435181078902
8,50,8.78011981412262
8,51,10.00687311296572
8,52,12.95185283096717
8,53,11.397831858277073
8,54,9.425698345854151
8,55,12.791974927764935
8,56,14.783500574099397
8,57,12.997353613052216
8,58,13.470923151496677
8,59,17.17975864912528
8,60,16.737807353185328
8,61,15.768670490628182
8,62,18.670068629875892
8,63,22.0471518835343
8,64,23.334941038703896
8,65,20.274503938464417
8,66,20.870490572940433
8,67,17.5635056740433
8,68,18.465002095957164
8,69,22.04732761454206
8,70,21.26026568412289
8,71,19.380665325947927
8,72,22.217633762645608
8,73,24.65959507739143
8,74,23.618555125393673
8,75,21.790688962982113
8,76,23.797223274920654
8,77,27.276920154288433
8,78,26.649948246540287
8,79,24.239238738969714
8,80,23.914272143951795
8,81,27.566061972624077
8,82,29.30006815691864
8,83,27.463752875203653
8,84,28.451067557981084
8,85,32.08573773183047
8,86,31.851621179410735
8,87,30.700777668256976
8,88,33.38082421180763
8,89,35.78382571857002
8,90,34.53689779383477
8,91,34.99891955355127
8,92,38.53978896784302
8,93,39.4533685804639
8,94,38.42084929089122
8,95,41.26569905486294
8,96,43.48655334492524
8,97,42.1859521065956
8,98,45.282170692943936
8,99,47.357677599512805
8,100,48.79112109807845
9,1,13.38655377262047
9,2,11.214438114372285
9,3,9.933095038009332
9,4,9.021790312843505
9,5,6.694921857546847
9,6,5.0942282951312725
9,7,5.483157464963861
9,8,3.8165053831472107
9,10,3.8098585311145308
9,11,6.009102143332301
9,12,7.750957963837736
9,13,10.351557238862725
9,14,12.998702021158659
9,15,11.509042255576391
9,16,11.220165981032036
9,17,14.706244081241596
9,18,16.038141608420265
9,19,15.503770062017413
9,20,17.075251988469407
9,21,19.889127829946972
9,22,21.217971159120285
9,23,22.533750738761494
9,24,23.082114876006223
9,25,19.38056562488673
9,26,19.098730310011383
9,27,22.161835383687002
9,28,21.17607636043082
9,29,17.786664037518722
9,30,19.44915234314805
9,31,22.247338456359145
9,32,20.07714544878593
9,33,19.17109207584348
9,34,22.739031819812855
9,35,21.774438327058327
9,36,24.5367928378453
9,37,25.475728762181387
9,38,25.183345192856862
9,39,21.610488927266836
9,40,20.66261919376347
9,41,21.910456947126526
9,42,20.330381720255595
9,43,16.747971221597066
9,44,17.659852926760756
9,45,19.171580129148264
9,46,16.006352139693124
9,47,13.82412262599616
9,48,16.626527666061858
9,49,16.231157328507418
9,50,12.552766421966286
9,51,13.5567040715688
9,52,16.644511347492475
9,53,15.106259879817458
9,54,12.825121030461816
9,55,15.998238914982073
9,56,18.109744661245173
9,57,15.968799900238665
9,58,15.963239674547475
9,59,19.58085579083317
9,60,18.70394203548411
9,61,18.230226906003576
9,62,21.414313226228135
9,63,24.731233412089544
9,64,25.65566549255587
9,65,22.317762856142203
9,66,22.413944134067094
9,67,19.087173719054615
9,68,20.570504004227
9,69,23.91560547026845
9,70,22.621617965684873
9,71,21.040702952721162
9,72,24.22666628392148
9,73,26.246767149376556
9,74,24.837959745200607
9,75,23.30128955854318
9,76,25.751320782694293
9,77,29.015515306886122
9,78,28.04594112686042
9,79,25.761426402666835
9,80,25.948420242122726
9,81,29.6626224590752
9,82,31.136800903035827
9,83,29.482503612604088
9,84,30.832189328389894
9,85,34.34522037195939
9,86,33.914577531377866
9,87,33.05441458675159
9,88,35.90318778345683
9,89,38.07539410635061
9,90,36.772823100795094
9,91,37.5401517306397
9,92,41.03733119292367
9,93,41.7545816349851
9,94,40.903934642891
9,95,43.88137329130845
9,96,45.916277407168764
9,97,44.67247857383212
9,98,47.89759969328091
9,99,49.82110476967056
9,100,51.21876522835222
10,1,14.943203213259686
10,2,12.51497897202995
10,3,10.45198437805675
10,4,10.516250586703059
10,5,9.173371000418047
10,6,6.1328348110661794
10,7,5.6291425962446535
10,8,6.08132760507372
10,9,3.8098585311145308
10,11,3.8029083193160327
10,12,6.571796538860516
10,13,9.89709246168756
10,14,11.55953994162087
10,15,9.259538680528694
10,16,9.719190117532696
10,17,13.308517562028978
10,18,13.78648924321899
10,19,13.335839991506111
10,20,15.62679504967894
10,21,18.2151956091878
10,22,18.979180988249663
10,23,20.370949971321707
10,24,20.41929018428329
10,25,16.641877189218977
10,26,16.907539524348312
10,27,19.840030094127975
10,28,18.401749304395683
10,29,15.264273209448984
10,30,17.469002366823958
10,31,19.90282255310042
10,32,17.4757760762385
10,33,17.165781090832887
10,34,20.823075392493955
10,35,20.39766153166665
10,36,23.514973830516695
10,37,24.49820155705251
10,38,24.778634844338768
10,39,21.30495031218981
10,40,19.84891895636444
10,41,21.423244404104125
10,42,20.47353635708759
10,43,16.6994432078858
10,44,17.19342431975771
10,45,19.364783897149536
10,46,16.699263195118146
10,47,13.9481310538395
10,48,16.75925785934185
10,49,17.22284517376744
10,50,13.740194135610441
10,51,14.005773764644397
10,52,17.515018950319245
10,53,16.754533161809057
10,54,14.203792960300325
10,55,16.842460290127175
10,56,19.557419007106855
10,57,17.85880330457931
10,58,17.26594507705917
10,59,20.613108994894503
10,60,19.11031764757992
10,61,18.39681529754654
10,62,21.871034495179202
10,63,24.83781025423669
10,64,25.824337127570246
10,65,22.405141411541255
10,66,21.966367367829555
10,67,18.412885250054956
10,68,19.940639481457065
10,69,23.02936460195129
10,70,21.254821818595147
10,71,19.520192549583065
10,72,22.85437062662434
10,73,24.5909660736033
10,74,22.7173784644004
10,75,21.147460944458576
10,76,23.91094124456021
10,77,26.92238737926524
10,78,25.55733521780296
10,79,23.26066757245255
10,80,23.904954139512643
10,81,27.660185068229737
10,82,28.793121990644593
10,83,27.25924943455518
10,84,28.984861526417063
10,85,32.32922676294484
10,86,31.671584585745002
10,87,31.116277410251126
10,88,34.12688868154188
10,89,36.02595463042997
10,90,34.70356864720749
10,91,35.80763559506068
10,92,39.211062041579524
10,93,39.74845073244045
10,94,39.15761206637515
10,95,42.231772189686446
10,96,44.075765926055226
10,97,42.99312378599433
10,98,46.351386633292876
10,99,48.04427326685095
10,100,49.49497697726443
11,1,15.140432491832483
11,2,13.486834537668479
11,3,10.602714560204701
11,4,10.136203601559563
11,5,10.046158156178665
11,6,7.427987676746973
11,7,4.751017719699945
11,8,5.865688172423047
11,9,6.009102143332301
11,10,3.8029083193160327
11,12,3.811138620695068
11,13,6.64376650108434
11,14,8.123220347360727
11,15,5.713800903134761
11,16,5.9873527868166
11,17,9.509801767173892
11,18,10.186361272643435
11,19,9.98866143300561
11,20,12.132669019437598
11,21,14.544258191024502
11,22,15.559323200184382
11,23,17.232818414992007
11,24,17.611056786113075
11,25,13.913474344922493
11,26,14.2049984753622
11,27,17.490223527625314
11,28,16.45992718968563
11,29,13.51070154815681
11,30,15.875402955320055
11,31,18.55594899950897
11,32,16.663927423763237
11,33,16.671020470205587
11,34,20.04134250609259
11,35,19.417582631816824
11,36,22.37563122519506
11,37,22.809606227162078
11,38,23.229851282797718
11,39,20.03520261483868
11,40,18.091000723774375
11,41,19.228089626836184
11,42,18.621396852585878
11,43,14.871029688558771
11,44,14.629606367459347
11,45,16.836568941077218
11,46,14.584600771266544
11,47,11.343568896098905
11,48,13.713957085301887
11,49,14.649219648361674
11,50,11.350807208604873
11,51,10.878326396693287
11,52,14.523188541340755
11,53,14.37779468509186
11,54,11.74389431986985
11,55,13.930517590653103
11,56,16.99851359248637
11,57,15.86636338855522
11,58,15.091498197354733
11,59,18.24835467255702
11,60,16.63853232907779
11,61,15.403970799744663
11,62,18.870802319438802
11,63,21.64321756096229
11,64,22.916516678779153
11,65,19.658059353443434
11,66,19.299440184272292
11,67,15.609372445776343
11,68,16.702904960143208
11,69,19.853404202203787
11,70,18.23935394440658
11,71,16.157185624106255
11,72,19.33661615961815
11,73,21.29078816112544
11,74,19.526136772026266
11,75,17.70121790887205
11,76,20.287190352668354
11,77,23.405823332129554
11,78,22.20112280324715
11,79,19.83307659493869
11,80,20.2447445465927
11,81,23.99563859367493
11,82,25.27419706786187
11,83,23.721491220708764
11,84,25.298622848562605
11,85,28.69659819679897
11,86,28.194152147058347
11,87,27.599428257726345
11,88,30.50806874478011
11,89,32.52280822532319
11,90,31.344758949359143
11,91,32.36858732869205
11,92,35.73978791050352
11,93,36.44616916531283
11,94,35.89035625309416
11,95,38.85560659175411
11,96,40.822844067852735
11,97,39.85305515260166
11,98,43.16712100147706
11,99,44.85033052051741
11,100,46.44669044204874
12,1,17.695791580942327
12,2,16.488261885625285
12,3,13.690541345985375
12,4,12.372778112902475
12,5,12.249866444866267
12,6,10.458946917231671
12,7,7.472872129200309
12,8,6.956043028061498
12,9,7.750957963837736
12,10,6.571796538860516
12,11,3.811138620695068
12,13,3.811066028682913
12,14,5.357635159667712
12,15,4.814500240019963
12,16,6.122600062386057
12,17,8.526827688128526
12,18,9.760667460420926
12,19,10.83449611765967
12,20,12.509164517059375
12,21,14.20632178680993
12,22,15.765704175872004
12,23,18.113797044852713
12,24,18.78925027087191
12,25,15.318208171764182
12,26,15.910319324708357
12,27,19.470004793997482
12,28,18.714204461744774
12,29,16.14628120130929
12,30,18.638656504779657
12,31,21.38053652485924
12,32,19.776724246708863
12,33,20.043086261335507
12,34,23.230623076221622
12,35,22.48807189594729
12,36,25.253678958798226
12,37,25.256356816825715
12,38,25.610358351119565
12,39,22.633534512613227
12,40,20.50372449992913
12,41,21.06945223792775
12,42,20.504286812693802
12,43,16.94344627962829
12,44,16.110316784625688
12,45,17.866158783059966
12,46,15.78750060970136
12,47,12.397111248945874
12,48,13.85587090793899
12,49,14.65774138910407
12,50,11.313572182653113
12,51,9.9409351444477
12,52,13.203016508983831
12,53,13.058303604612941
12,54,9.77607454997221
12,55,11.381093576268407
12,56,14.597883786140589
12,57,13.376443118425836
12,58,11.936103267094147
12,59,14.844934407401754
12,60,12.96065663190734
12,61,12.027363642483426
12,62,15.638440705683184
12,63,18.411430853284696
12,64,19.381874746056116
12,65,16.004381870089308
12,66,15.597811807268366
12,67,11.97445887084875
12,68,13.374289924953514
12,69,16.51849300985256
12,70,15.014652817509884
12,71,13.325740656570987
12,72,16.626375869303466
12,73,18.507151595311296
12,74,17.137719516600647
12,75,15.758160978984025
12,76,18.28632550746448
12,77,21.500867109342785
12,78,20.75598890601296
12,79,18.856633168498682
12,80,19.04133824462751
12,81,22.62582958495543
12,82,24.33685543327536
12,83,23.182619156542206
12,84,24.423165723598224
12,85,27.85925967619068
12,86,27.841566484308906
12,87,27.392567563888484
12,88,29.977302668846345
12,89,32.2237254836404
12,90,31.477076426899337
12,91,32.39793649852647
12,92,35.627195540775
12,93,36.69154757613533
12,94,36.277988166278455
12,95,38.99278076408628
12,96,41.187773948000824
12,97,40.46138588571508
12,98,43.674795341538214
12,99,45.31818416201774
12,100,47.1741354677869
13,1,17.993164166721996
13,2,17.58189351217654
13,3,14.617672995046298
13,4,12.642674897286502
13,5,13.306256327320298
13,6,12.31022991488935
13,7,8.787862550366471
13,8,8.181347891749754
13,9,10.351557238862725
13,10,9.89709246168756
13,11,6.64376650108434
13,12,3.811066028682913
13,14,3.7838987232109624
13,15,5.277472796621539
13,16,5.240848058754435
13,17,6.255492302308036
13,18,8.734131094718377
13,19,10.125521635731305
13,20,10.702847961458911
13,21,12.079396517286089
13,22,14.408371584372578
13,23,16.93852021727411
13,24,18.29873049123178
13,25,15.223610780859266
13,26,15.434633588339219
13,27,19.20086433922466
13,28,19.148374372068886
13,29,16.76440501207658
13,30,18.926633857479366
13,31,21.947882738651504
13,32,20.97698847155157
13,33,21.167126583439384
13,34,23.97469117342734
13,35,22.81848173997021
13,36,25.170700801687282
13,37,24.625059917278524
13,38,24.799348197686147
13,39,22.15168170133515
13,40,19.899122472203054
13,41,19.779339803202177
13,42,19.258365275811347
13,43,16.041261772457865
13,44,14.640294635618906
13,45,15.868615931025959
13,46,14.142924177267545
13,47,10.76293537639164
13,48,11.280875945277694
13,49,12.094747344053781
13,50,9.135170455500136
13,51,6.867065183768206
13,52,9.797766803058327
13,53,10.135370690634554
13,54,6.8479370490996345
13,55,7.8000742697652905
13,56,11.265800486180558
13,57,10.716895188914279
13,58,9.32872928828465
13,59,12.065865522114802
13,60,10.510530684976944
13,61,8.808449610227788
13,62,12.238288321700745
13,63,15.033494297537311
13,64,16.41294517972686
13,65,13.346451556612049
13,66,13.547797893579874
13,67,9.978966873373242
13,68,10.537845651112821
13,69,14.034561213459167
13,70,13.266663458395634
13,71,11.240377304784849
13,72,14.082558120425073
13,73,16.51327472335715
13,74,15.755426763819333
13,75,14.121218484311456
13,76,16.025569125908117
13,77,19.53350086526611
13,78,19.34738750410968
13,79,17.451884402942532
13,80,16.9366461587754
13,81,20.385801666157672
13,82,22.523139498954034
13,83,21.2959607606511
13,84,22.025766358018366
13,85,25.600759218775114
13,86,25.94438238074872
13,87,25.245546895211074
13,88,27.545488568520785
13,89,30.094457301361462
13,90,29.545085858004082
13,91,30.133786410021962
13,92,33.34884684534343
13,93,34.71411316120415
13,94,34.178871374971635
13,95,36.67960979398194
13,96,39.11518522301106
13,97,38.420117773532816
13,98,41.47521887375653
13,99,43.23748904959306
13,100,45.20458704944033
14,1,20.899938915136033
14,2,20.31950562830983
14,3,17.06160725639086
14,4,15.642993577869252
14,5,16.501067887621133
14,6,14.914294088494904
14,7,11.35602875629229
14,8,11.452526030865696
14,9,12.998702021158659
14,10,11.55953994162087
14,11,8.123220347360727
14,12,5.357635159667712
14,13,3.7838987232109624
14,15,3.7968742090167322
14,16,5.723079543323347
14,17,5.293301691141996
14,18,6.492591976735761
14,19,9.141303425214078
14,20,10.287227100155576
14,21,10.624524281834429
14,22,12.493819513011902
14,23,15.573369811777164
14,24,16.543329620772592
14,25,13.688836043921613
14,26,14.722299358264294
14,27,18.382329060846704
14,28,18.09894692636038
14,29,16.356863315506345
14,30,19.00541417174278
14,31,21.61364737185665
14,32,20.687172832031077
14,33,21.5472979987203
14,34,24.20380064661524
14,35,23.4926418615749
14,36,26.000600806608958
14,37,25.299192094944374
14,38,25.994271417861896
14,39,23.60250548300908
14,40,20.87344684384441
14,41,20.8246412987299
14,42,20.967363446737707
14,43,17.792816949338775
14,44,15.824048385796873
14,45,17.496310779393788
14,46,16.443209488396686
14,47,12.779336083823644
14,48,12.88443378584226
14,49,14.543433852356223
14,50,12.142512755377805
14,51,9.214663348480553
14,52,11.944094505120345
14,53,13.127217085220556
14,54,9.999829136540779
14,55,9.737003593294798
14,56,13.482242848506647
14,57,13.458948068729672
14,58,11.3369732303404
14,59,13.171582710336164
14,60,10.729709179728555
14,61,8.901418521021665
14,62,12.487597055806278
14,63,14.491148971576465
14,64,15.779130623000526
14,65,12.729742786251428
14,66,12.06230615576559
14,67,8.278763923817047
14,68,8.872860167062944
14,69,11.834785970569019
14,70,10.39139480348822
14,71,8.12892709626216
14,72,11.32864700397782
14,73,13.364870589110781
14,74,12.176807326451087
14,75,10.644973236106981
14,76,12.991340421784356
14,77,16.275427931521865
14,78,15.880998272631258
14,79,14.247850321374413
14,80,14.16362804221889
14,81,17.581724780796343
14,82,19.575118711210532
14,83,18.76033681175956
14,84,19.756098305042507
14,85,23.134555515821525
14,86,23.503392230889293
14,87,23.27503621626684
14,88,25.565295367880495
14,89,27.91165943692437
14,90,27.603142822566205
14,91,28.52683537148442
14,92,31.529797067232497
14,93,32.887743305777015
14,94,32.73547302926522
14,95,35.191513131033254
14,96,37.52438659037732
14,97,37.148663797893185
14,98,40.27961974608223
14,99,41.75599676971853
14,100,43.912308852443275
15,1,19.036914326121323
15,2,18.06116403151648
15,3,14.645292167153984
15,4,13.99607863787299
15,5,14.942199937659302
15,6,12.681715446231452
15,7,9.284314772753657
15,8,10.459418026213806
15,9,11.509042255576391
15,10,9.259538680528694
15,11,5.713800903134761
15,12,4.814500240019963
15,13,5.277472796621539
15,14,3.7968742090167322
15,16,3.8337265672106566
15,17,5.333098394035853
15,18,5.150394758266908
15,19,6.810419697376219
15,20,9.126725966478139
15,21,10.25181338627462
15,22,11.259274917041452
15,23,13.856505002032462
15,24,14.305842796111055
15,25,10.998922456396064
15,26,12.160519993858317
15,27,15.687900827030022
15,28,14.953856442723975
15,29,13.01788498200101
15,30,15.889064000415864
15,31,18.333433744690147
15,32,17.10584614899164
15,33,18.053268354012886
15,34,20.861187908597973
15,35,20.43953222321287
15,36,23.23625056344383
15,37,22.90877755105106
15,38,23.857467893378708
15,39,21.292625883501813
15,40,18.524022276782116
15,41,19.08178088636374
15,42,19.382612016846686
15,43,15.9457471867334
15,44,14.305290725073803
15,45,16.649992291181206
15,46,15.524464061498719
15,47,11.732462798595897
15,48,12.753982639948978
15,49,14.762411117298281
15,50,12.26317831080133
15,51,10.034337347287751
15,52,13.446673922799437
15,53,14.601353944954466
15,54,11.816790758015802
15,55,12.422391406323259
15,56,16.102785353539293
15,57,15.951597222474593
15,58,14.369850272377024
15,59,16.64834395242148
15,60,14.397276332426124
15,61,12.547070637861937
15,62,16.04491997674976
15,63,18.0674290735371
15,64,19.54016416525782
15,65,16.526367754201384
15,66,15.735292225706493
15,67,11.943965103095383
15,68,12.515960896652714
15,69,15.285773785283551
15,70,13.474151214084047
15,71,10.941063773325512
15,72,14.053653212318936
15,73,15.919558327263037
15,74,14.003993743207737
15,75,11.996749821194934
15,76,14.67047070757336
15,77,17.704376768032734
15,78,16.5429639543323
15,79,14.335147877897004
15,80,14.815980373415533
15,81,18.509306883435777
15,82,19.870595980736713
15,83,18.67290699670599
15,84,20.252155893007192
15,85,23.553514269597233
15,86,23.304489685988216
15,87,23.065391525281846
15,88,25.80038897186712
15,89,27.81171468306643
15,90,27.047849450578298
15,91,28.23315116897448
15,92,31.372673380047242
15,93,32.30727945016358
15,94,32.116637824458444
15,95,34.882754520227
15,96,36.93150719254644
15,97,36.37336419186469
15,98,39.67495694140359
15,99,41.11409783864335
15,100,43.04741971842225
16,1,16.046839878679574
16,2,15.638204750184583
16,3,12.0812486006085
16,4,11.16050448841264
16,5,12.875926354497993
16,6,11.140847454546082
16,7,7.421418203073071
16,8,9.159580503007675
16,9,11.220165981032036
16,10,9.719190117532696
16,11,5.9873527868166
16,12,6.122600062386057
16,13,5.240848058754435
16,14,5.723079543323347
16,15,3.8337265672106566
16,17,3.807524713107106
16,18,5.410985860941351
16,19,5.205853798876525
16,20,6.449400038788394
16,21,8.711443940312627
16,22,10.369177366051666
16,23,12.312705363083332
16,24,13.552430770224092
16,25,10.344647725356456
16,26,10.272837156259653
16,27,14.011586248317228
16,28,14.027527386559981
16,29,11.624648335062975
16,30,13.780852209488382
16,31,16.767896470573184
16,32,16.04308944591811
16,33,16.371592643535443
16,34,18.96562205602526
16,35,17.946537624026984
16,36,20.40293369888865
16,37,19.880640038252462
16,38,20.49300420317128
16,39,17.95352738506392
16,40,15.31395535653566
16,41,15.589738589400563
16,42,15.675414378934333
16,43,12.308929125923322
16,44,10.658527998499567
16,45,12.861466234957609
16,46,11.712739811409326
16,47,7.907256352933861
16,48,9.116226435619106
16,49,11.203160030924439
16,50,8.964144271523033
16,51,7.057633207108783
16,52,10.712198157908936
16,53,12.065394448295624
16,54,10.035295418331547
16,55,11.068557901856597
16,56,14.516477929881631
16,57,14.758914333217136
16,58,14.06084074460886
16,59,16.651122729522655
16,60,15.180618875100606
16,61,12.726706419079468
16,62,15.785866806891752
16,63,18.034231128977048
16,64,20.071690979911807
16,65,17.41216365949152
16,66,17.404221008739118
16,67,13.71159466092474
16,68,13.470027418190092
16,69,16.667759484182074
16,70,15.61717484356757
16,71,12.645522747561643
16,72,15.120436396389954
16,73,17.674351377524992
16,74,16.200617360404845
16,75,13.59220390985406
16,76,15.509939842031214
16,77,18.844376229572855
16,78,17.951201731975775
16,79,15.233512403499914
16,80,14.973919807114035
16,81,18.71834057584245
16,82,20.20414138370283
16,83,18.37007269083011
16,84,19.61870087197593
16,85,23.144016704896448
16,86,22.82131429292024
16,87,21.96870066370923
16,88,24.737940838668123
16,89,26.958988428606485
16,90,25.900855469895276
16,91,26.694124643566767
16,92,30.06768911550025
16,93,31.006958941547232
16,94,30.393971472884523
16,95,33.20368488693924
16,96,35.35836244089708
16,97,34.47686092853268
16,98,37.694849350456316
16,99,39.42190531010948
16,100,41.17440753158964
17,1,18.890251667769174
17,2,18.959856153655327
17,3,15.376533703462131
17,4,14.183168848667867
17,5,16.21148107968738
17,6,14.831253692055306
17,7,11.058336039603097
17,8,12.37121608384261
17,9,14.706244081241596
17,10,13.308517562028978
17,11,9.509801767173892
17,12,8.526827688128526
17,13,6.255492302308036
17,14,5.293301691141996
17,15,5.333098394035853
17,16,3.807524713107106
17,18,3.8048431520635115
17,19,5.212759973817644
17,20,5.095510692523501
17,21,5.8438596734309245
17,22,8.316394505175237
17,23,10.970362707398845
17,24,12.730182521855964
17,25,10.272897515444388
17,26,10.436345684958459
17,27,14.180614354395193
17,28,14.75795249824008
17,29,13.140912903846631
17,30,15.221401439070917
17,31,18.058705277281334
17,32,17.93856648438368
17,33,18.633948215607244
17,34,20.73094193745412
17,35,19.667107074236835
17,36,21.77240792617196
17,37,20.622774428013052
17,38,21.38799179089158
17,39,19.40171497895958
17,40,16.42142569476434
17,41,16.00193430193971
17,42,16.588565259015088
17,43,13.763724744775322
17,44,11.168632906417658
17,45,12.983882562756582
17,46,12.750374624501598
17,47,9.077235077270357
17,48,8.68426274497245
17,49,11.346112538994523
17,50,10.027853839327877
17,51,6.927662150768238
17,52,9.777449734963415
17,53,12.10941055504748
17,54,10.30479847253641
17,55,9.988010289564686
17,56,13.590034007622833
17,57,14.654429504030167
17,58,13.635651359098514
17,59,15.492213747696702
17,60,13.928403935956146
17,61,10.912286938175729
17,62,13.622020123542157
17,63,15.286335532450984
17,64,17.63836141424979
17,65,15.406897438231987
17,66,15.458017462010526
17,67,11.986283105610214
17,68,10.89225302288004
17,69,13.88634670745375
17,70,13.209388874972813
17,71,9.831928875631132
17,72,11.759020842868264
17,73,14.605976454219638
17,74,13.473167186782195
17,75,10.57746076123248
17,76,11.987803231354743
17,77,15.470182570432634
17,78,14.992073302320719
17,79,12.37357650419096
17,80,11.570706159471785
17,81,15.216595360190158
17,82,17.050100310588363
17,83,15.35782455988943
17,84,16.249512495866455
17,85,19.840509722236096
17,86,19.905870508828325
17,87,19.09489957224316
17,88,21.587110395413166
17,89,24.007810283776017
17,90,23.31729092077561
