1,2,3.813801026308194
1,3,5.544763743192469
1,4,4.843692227279795
1,5,5.872689170087452
1,6,8.490608331039441
1,7,9.962287886334668
1,8,10.712853410708764
1,9,12.470495213188801
1,10,14.5453125511271
1,11,15.971460228589738
1,12,17.15615216557465
1,13,18.79015639680172
1,14,19.342563005903138
1,15,22.25310769505311
1,16,22.537876202174928
1,17,25.088177435558922
1,18,23.00768470992282
1,19,20.14088341694586
1,20,22.778906687292483
1,21,24.375988868779825
1,22,21.15885868675478
1,23,20.89508719746045
1,24,24.65421757076125
1,25,25.65415463343707
1,26,24.645383477877587
1,27,25.789675823050118
1,28,23.373713003034386
1,29,20.278672000983576
1,30,21.375004338027267
1,31,21.991770188796547
1,32,18.40696075985044
1,33,16.607091159392517
1,34,19.226095316124592
1,35,19.255583258562822
1,36,15.50633596533258
1,37,16.306930458316867
1,38,13.743686588251062
1,39,14.420127112154837
1,40,16.49899334167314
1,41,14.939114408375184
1,42,11.428531364624316
1,43,13.610003222542678
1,44,15.296972613966348
1,45,12.350134358663581
1,46,11.384420187487608
1,47,15.127958878796722
1,48,15.321771399964367
1,49,12.822176610627727
1,50,14.720567630074255
1,51,17.94080176787615
1,52,16.839807374017965
1,53,16.192552858058153
1,54,19.460105648924326
1,55,21.23437788886324
1,56,20.282319671156515
1,57,21.53691686031205
1,58,24.752495881605654
1,59,25.60317885900001
1,60,25.132811807997577
1,61,27.190887399011146
1,62,30.78572028936497
1,63,31.197614774031848
1,64,29.34174483031282
1,65,31.494622879824234
1,66,34.711199109543
1,67,36.79464507470256
1,68,34.161644563322675
1,69,35.08355408980578
1,70,31.754370706714262
1,71,32.170976413390356
1,72,35.77455827685018
1,73,34.91678930938957
1,74,32.38349686513586
1,75,35.1646837888601
1,76,37.67101344810319
1,77,35.8184764818883
1,78,35.24866723945346
1,79,38.8925627044814
1,80,40.53427808400195
1,81,38.42162021792593
1,82,39.07476992754097
1,83,42.76142801052235
1,84,43.270758585639854
1,85,41.37583830427269
1,86,43.528255847217274
1,87,46.60603107649075
1,88,46.05419511941856
1,89,45.49422687386376
1,90,48.84893233738966
1,91,50.857994046715554
1,92,50.071079797978534
1,93,50.992770754178224
1,94,53.94150696102488
2,1,3.813801026308194
2,3,3.811416430161871
2,4,5.316981508628637
2,5,4.8133932203795
2,6,6.058702272843892
2,7,8.727992396165968
2,8,9.955135877190719
2,9,10.557381173270768
2,10,12.50373070220639
2,11,14.680302443845411
2,12,15.591297629967363
2,13,16.527003503908666
2,14,16.959924052263673
2,15,20.13817533514393
2,16,20.668150157487112
2,17,22.82330183605382
2,18,20.360943385851975
2,19,17.7308614048007
2,20,20.506316767601998
2,21,21.646697292067202
2,22,18.276576541332084
2,23,18.452782647072645
2,24,22.202586076277644
2,25,22.809845027924645
2,26,21.768662211337766
2,27,22.560631665293105
2,28,20.08957220341506
2,29,17.146682857679853
2,30,18.07494741544011
2,31,18.40461100115168
2,32,14.837805621749625
2,33,13.187632969412578
2,34,15.732450977173176
2,35,15.515911789437096
2,36,11.76863945461035
2,37,12.889024097114456
2,38,10.61261089540821
2,39,12.047271156223335
2,40,14.346470512480543
2,41,13.612007628861589
2,42,9.889807402977274
2,43,11.323643139883075
2,44,13.698196791722532
2,45,11.478827336528411
2,46,9.678032590227016
2,47,13.24212778198191
2,48,14.347234689710769
2,49,12.098738119735934
2,50,13.231221094497812
2,51,16.71526266347244
2,52,16.384767326252828
2,53,15.457986230981339
2,54,18.249136691655398
2,55,20.58017661583774
2,56,20.064414506530998
2,57,20.81782032730507
2,58,23.926650115237365
2,59,25.329803128343386
2,60,24.90979429125182
2,61,26.492713563779976
2,62,30.07633603236395
2,63,30.035628554709106
2,64,28.105106619668426
2,65,30.562403245810433
2,66,33.63995229391332
2,67,35.72301341999656
2,68,32.935983302866774
2,69,33.495148601952096
2,70,29.988112100218988
2,71,30.5141006267018
2,72,33.980446939028404
2,73,32.80632618211599
2,74,30.221195285789147
2,75,33.124829135137176
2,76,35.4111161717861
2,77,33.29266853568103
2,78,32.82067479178434
2,79,36.54915689929804
2,80,37.93923100930119
2,81,35.835503084995814
2,82,36.77555444289428
2,83,40.40561093443989
2,84,40.72212613154775
2,85,38.972296229590484
2,86,41.34114761450091
2,87,44.25442420491183
2,88,43.6244660552069
2,89,43.310679208754394
2,90,46.72209193459571
2,91,48.54557241607251
2,92,47.846337176591966
2,93,48.99712857179342
2,94,51.86823660787121
3,1,5.544763743192469
3,2,3.811416430161871
3,4,3.7989558557541105
3,5,5.218221785555517
3,6,4.83654440129501
3,7,6.299192152098573
3,8,8.781651342292863
3,9,9.70009802508538
3,10,10.5748172303383
3,11,12.83494073111018
3,12,14.592844652903976
3,13,15.579903785177326
3,14,15.248812510010747
3,15,18.009208322435505
3,16,17.95764632361931
3,17,20.188226904517443
3,18,18.059410600994035
3,19,15.024481123083378
3,20,17.466350159731324
3,21,18.97834977693648
3,22,15.717747145233735
3,23,15.363553429459747
3,24,19.120884771462563
3,25,20.139782678189004
3,26,19.276604915596327
3,27,20.565012464439246
3,28,18.091556718732477
3,29,14.979368699703773
3,30,16.487916429256085
3,31,17.277184389651662
3,32,13.62291945320237
3,33,12.097041398073666
3,34,15.275895548864781
3,35,15.550019873526983
3,36,12.123341219418526
3,37,13.452763440501654
3,38,10.58641602180692
3,39,11.827952048736217
3,40,13.150796844703681
3,41,12.17614486524079
3,42,8.393805613738644
3,43,9.266156821822857
3,44,10.93541678046822
3,45,8.461333366413799
3,46,6.317058975126819
3,47,9.869863047233165
3,48,10.675784510419097
3,49,8.288497173559811
3,50,9.609511472356484
3,51,12.982618847085426
3,52,12.635024198195278
3,53,11.988192544015595
3,54,14.785230437807336
3,55,16.962632827719602
3,56,16.70019853634307
3,57,17.68103489241918
3,58,20.591669766143784
3,59,21.982862781364503
3,60,21.899202627190018
3,61,23.55639825711838
3,62,27.013875013573912
3,63,27.084456430154084
3,64,24.916612068056697
3,65,27.197401536102582
3,66,30.19766812967446
3,67,32.441893052658315
3,68,29.819450671355444
3,69,30.56048873105833
3,70,27.092992629233994
3,71,27.329847114858396
3,72,30.850144137466767
3,73,29.918042916905232
3,74,27.20830220075959
3,75,29.93864777832217
3,76,32.42546212985728
3,77,30.47816822634141
3,78,29.80079640568448
3,79,33.45876128953963
3,80,35.03398899499498
3,81,32.884040344442305
3,82,33.58407440987588
3,83,37.2616257509114
3,84,37.73523078848327
3,85,35.8830434772501
3,86,38.08603477361302
3,87,41.11715829495349
3,88,40.59353843225614
3,89,40.12370858531772
3,90,43.472571707553506
3,91,45.44654296301518
3,92,44.76215549105468
3,93,45.75649167978359
3,94,48.628201880505216
4,1,4.843692227279795
4,2,5.316981508628637
4,3,3.7989558557541105
4,5,3.805685483290089
4,6,5.493489034391975
4,7,5.445763470714795
4,8,6.738557475211875
4,9,9.036608368464414
4,10,10.463727082625251
4,11,11.612677527248762
4,12,13.441374839446915
4,13,15.322414800509314
4,14,15.452108681091461
4,15,17.992773710897275
4,16,18.00986393644373
4,17,20.78870488216465
4,18,19.084328742840587
4,19,16.068357868551082
4,20,18.677654238077153
4,21,20.67775309314535
4,22,17.810955801305642
4,23,17.39734030567745
4,24,21.16493727375833
4,25,22.64204766331344
4,26,22.219920745161136
4,27,23.639066036129393
4,28,20.90876531255806
4,29,18.02368326606337
4,30,19.90353160022294
4,31,20.505160048387733
4,32,16.755142050667963
4,33,15.664099783190931
4,34,18.90595539946437
4,35,18.867646169862308
4,36,15.423490752957385
4,37,17.023349831080395
4,38,14.325589796200516
4,39,15.508545239319016
4,40,16.79056449788383
4,41,15.430692335159431
4,42,11.75762129166777
4,43,12.836743250402517
4,44,13.948092230041839
4,45,10.941371858794508
4,46,9.101388085401215
4,47,12.373890552808705
4,48,12.35350612467836
4,49,9.14642586962833
4,50,10.632451658892554
4,51,13.925072699752697
4,52,12.604936600496853
4,53,11.508456283019655
4,54,14.85579292818618
4,55,16.656772182155727
4,56,15.558921799091266
4,57,16.699043321487807
4,58,19.960299940235686
4,59,20.85490702250982
4,60,20.3419387507764
4,61,22.354769885653962
4,62,25.943042574196372
4,63,26.385836883750194
4,64,24.562946751322524
4,65,26.714188796325466
4,66,29.99156357384341
4,67,31.99653039902964
4,68,29.360042106856262
4,69,30.366558967372676
4,70,27.115985154081073
4,71,27.538900225772615
4,72,31.185093663553204
4,73,30.46305287948378
4,74,28.03710778851553
4,75,30.814933873269258
4,76,33.38328039415664
4,77,31.75972011817116
4,78,31.280730057895642
4,79,34.86010343733399
4,80,36.7365114916838
4,81,34.823248712728905
4,82,35.33511307266736
4,83,38.989107092624764
4,84,39.783014528750314
4,85,38.01406135422874
4,86,39.99265128292758
4,87,43.12421550611965
4,88,42.87032548859037
4,89,42.30762854810088
4,90,45.51578744795935
4,91,47.688363473549884
4,92,47.13245805623447
4,93,47.93759573580602
4,94,50.74228376523885
5,1,5.872689170087452
5,2,4.8133932203795
5,3,5.218221785555517
5,4,3.805685483290089
5,6,3.8189657526397225
5,7,5.5474061859231725
5,8,5.381071594398159
5,9,6.661386773685379
5,10,9.226685859590654
5,11,10.567200686115635
5,12,11.344191940811996
5,13,12.988082896713825
5,14,13.86800234713578
5,15,16.90748179530004
5,16,17.720758812349782
5,17,20.326600889282197
5,18,18.21270333242622
5,19,15.759422659234374
5,20,18.901613126354192
5,21,20.448365893568962
5,22,17.5865481085283
5,23,17.989900300659162
5,24,21.78538508245133
5,25,22.87808442929905
5,26,22.63977636051722
5,27,23.48446510336698
5,28,20.469491195216825
5,29,18.005927729117698
5,30,19.721276927963217
5,31,19.621704528873394
5,32,15.848521907459977
5,33,15.270136665756528
5,34,18.22657687983017
5,35,17.44120485966163
5,36,13.984637214113038
5,37,16.10045563952286
5,38,14.136129315473337
5,39,16.09918851100551
5,40,17.9210529757724
5,41,17.26572288482672
5,42,13.451884506671234
5,43,14.082299376218511
5,44,15.945833765952951
5,45,13.530122890343337
5,46,10.987996446666138
5,47,14.025477834239865
5,48,14.8513440587564
5,49,11.692103438191177
5,50,12.120999383061847
5,51,15.779750391932005
5,52,14.968116012640195
5,53,13.091848868223948
5,54,16.029993473073265
5,55,18.422992110260516
5,56,17.23621275062307
5,57,17.59464229486983
5,58,21.03762951808181
5,59,22.325273698644267
5,60,21.346651272252792
5,61,22.884052086793297
5,62,26.60532386156141
5,63,26.63869165907833
5,64,25.143338000840668
5,65,27.710076367524866
5,66,31.037863290478366
5,67,32.75385163474962
5,68,29.80606386919869
5,69,30.408830209425215
5,70,27.0644647376741
5,71,27.960584953676015
5,72,31.482603971906304
5,73,30.349804532051984
5,74,28.144584596589386
5,75,31.229280144869655
5,76,33.45412175981934
5,77,31.623403116042663
5,78,31.541031740942966
5,79,35.22189211037901
5,80,36.8977872751836
5,81,35.19269676379527
5,82,36.0683101625796
5,83,39.615179795431786
5,84,40.31275398526792
5,85,38.83725430181403
5,86,41.0223314128209
5,87,43.961494368595005
5,88,43.742896361485016
5,89,43.500851188521686
5,90,46.72075807757549
5,91,48.72584943823516
5,92,48.3553269735375
5,93,49.393082155293925
5,94,52.06249436551936
6,1,8.490608331039441
6,2,6.058702272843892
6,3,4.83654440129501
6,4,5.493489034391975
6,5,3.8189657526397225
6,7,3.809133441970359
6,8,5.435707334581254
6,9,5.017258390817705
6,10,6.4504341644491285
6,11,8.943924595767776
6,12,10.056303405299996
6,13,10.8411182275797
6,14,10.97884832518421
6,15,14.095580231606602
6,16,14.808115863068737
6,17,17.061508876000023
6,18,14.72721535702564
6,19,12.251523085079663
6,20,15.40732711673118
6,21,16.727176051898685
6,22,13.795456974948149
6,23,14.39781900960609
6,24,18.172526620917925
6,25,19.14090112943214
6,26,19.042404734599444
6,27,19.826008288686314
6,28,16.719152194967933
6,29,14.39207830987617
6,30,16.345351850840615
6,31,16.185690976175636
6,32,12.391542355434831
6,33,12.244857192672898
6,34,15.442309202510863
6,35,14.67637952340372
6,36,11.56526208812256
6,37,14.114036347219082
6,38,12.236268847605645
6,39,14.633058537011664
6,40,16.027161129374846
6,41,15.93462746377918
6,42,12.224928058444142
6,43,11.846962980108069
6,44,13.778257450092656
6,45,12.035537798327574
6,46,8.768626870349951
6,47,11.200718207110906
6,48,12.688297980188915
6,49,9.822678488175079
6,50,9.334835334898099
6,51,13.122753670280973
6,52,13.086718754965169
6,53,11.072820658314782
6,54,13.4233901839677
6,55,16.2837942965003
6,56,15.705844418692521
6,57,15.677751093535733
6,58,18.85378027360947
6,59,20.67289892560061
6,60,19.98146610883499
6,61,21.082455034843473
6,62,24.690586440876384
6,63,24.347229905810554
6,64,22.619210786712344
6,65,25.36826838819279
6,66,28.50042777764289
6,67,30.322758033727055
6,68,27.33800673288992
6,69,27.701138882744978
6,70,24.19424784624101
6,71,25.015951018475818
6,72,28.441072749861842
6,73,27.14655869362794
6,74,24.80346852875391
6,75,27.90909527574854
6,76,30.049199825503358
6,77,28.06026769358764
6,78,27.94873826222921
6,79,31.67197302674834
6,80,33.223303976183715
6,81,31.497402953729235
6,82,32.49713288213317
6,83,36.017755884754756
6,84,36.62789549896635
6,85,35.223978841068785
6,86,37.50462129621841
6,87,40.35991743240987
6,88,40.1272189755085
6,89,40.01168514175306
6,90,43.240964879298815
6,91,45.1623084952911
6,92,44.86892504283332
6,93,46.01458238914875
6,94,48.61714198527334
7,1,9.962287886334668
7,2,8.727992396165968
7,3,6.299192152098573
7,4,5.445763470714795
7,5,5.5474061859231725
7,6,3.809133441970359
7,8,3.7996948861139446
7,9,5.147568320023874
7,10,5.211430562565671
7,11,6.647833930817034
7,12,9.039062928438963
7,13,10.645969789258688
7,14,10.220984240076387
7,15,12.563166038682281
7,16,12.64838444495321
7,17,15.467971785672551
7,18,13.899724504957689
7,19,11.018634892388656
7,20,13.913659946328156
7,21,16.021577451902285
7,22,13.612746820598447
7,23,13.593723710665072
7,24,17.29406744736536
7,25,18.99427183019704
7,26,19.366580015117126
7,27,20.687105063674096
7,28,17.525469915832282
7,29,15.268554430800007
7,30,17.866890402335514
7,31,18.048941039413112
7,32,14.328701969839411
7,33,14.43199502183138
7,34,17.971558012246987
7,35,17.53503435953476
7,36,14.73249678109144
7,37,17.243659475186277
7,38,14.999269392214506
7,39,16.989762398254058
7,40,17.711909289443998
7,41,17.169027543579055
7,42,13.628549475819135
7,43,13.126242286407159
7,44,14.067217661255203
7,45,11.946772820073157
7,46,8.847007057542555
7,47,10.743518882223583
7,48,11.332828075480824
7,49,7.85586606562081
7,50,7.291023975900666
7,51,10.858537178095451
7,52,10.113613368636223
7,53,7.7167873862541425
7,54,10.510244942262199
7,55,13.033436578031516
7,56,12.056414193174874
7,57,12.253113136173326
7,58,15.569821665520905
7,59,17.084263302723627
7,60,16.376838703597457
7,61,17.78361806284964
7,62,21.407180506906595
7,63,21.429286839720508
7,64,19.711048584234163
7,65,22.229640854182097
7,66,25.510863972281783
7,67,27.317043058514944
7,68,24.457505325245705
7,69,25.194262113214887
7,70,21.873448918309546
7,71,22.553606241697906
7,72,26.13726388802425
7,73,25.237084253333432
7,74,22.98507120365478
7,75,25.954692634819946
7,76,28.34888578643771
7,77,26.771942863210178
7,78,26.604124502884392
7,79,30.188319335306705
7,80,32.125303821642184
7,81,30.52778388081735
7,82,31.162237798078404
7,83,34.69786578475553
7,84,35.67119137453596
7,85,34.232102520291875
7,86,36.19640783088689
7,87,39.21845173631748
7,88,39.260648400482076
7,89,38.9384357195715
7,90,42.006739214232624
7,91,44.1886575371372
7,92,43.987405513806024
7,93,44.86428218906821
7,94,47.419116641441434
8,1,10.712853410708764
8,2,9.955135877190719
8,3,8.781651342292863
8,4,6.738557475211875
8,5,5.381071594398159
8,6,5.435707334581254
8,7,3.7996948861139446
8,9,3.8210531834066126
8,10,5.833821031500739
8,11,5.568395919360186
8,12,6.892420952840125
8,13,9.492276616118478
8,14,10.331874662354675
8,15,12.767905601258898
8,16,13.634012807319968
8,17,16.70530086626704
8,18,15.251508996532586
8,19,13.017349040399798
8,20,16.259339584384684
8,21,18.297429382170105
8,22,16.239097457979504
8,23,16.70973708549102
8,24,20.297245277837575
8,25,21.960299689272784
8,26,22.613723211822514
8,27,23.62155134204702
8,28,20.232087003468806
8,29,18.362254310632647
8,30,20.886224685651236
8,31,20.564516856749904
8,32,16.856514555322875
8,33,17.29741548627185
8,34,20.598393699345714
8,35,19.593095010047293
8,36,16.725603028947763
8,37,19.492479726937255
8,38,17.656181778119397
8,39,19.89058478678501
8,40,21.037049697257018
8,41,20.520495336380392
8,42,16.842301212049563
8,43,16.600798658136007
8,44,17.787005505537117
8,45,15.533877691458228
8,46,12.545367996568048
8,47,14.521724087932485
8,48,15.042880715955027
8,49,11.432595342606726
8,50,10.784147063966227
8,51,14.157775517852107
8,52,13.034987562629462
8,53,10.109493428266322
8,54,12.825017038601
8,55,15.220709969654383
8,56,13.449177167239434
8,57,13.181683369982457
8,58,16.84243118973389
8,59,18.10245847191361
8,60,16.606280988582608
8,61,17.96142239381861
8,62,21.753304328335
8,63,21.82249033040325
8,64,20.735585315931157
8,65,23.381054115016507
8,66,26.884321619420632
8,67,28.239264913948137
8,68,25.179707440007068
8,69,25.845591707599336
8,70,22.713963227264365
8,71,23.907424541748746
8,72,27.440916754847468
8,73,26.435305033781084
8,74,24.63050595442353
8,75,27.796717349028413
8,76,29.975250539226636
8,77,28.5316917363394
8,78,28.791768832562664
8,79,32.33170878337948
8,80,34.32839389686877
8,81,33.05013734616465
8,82,33.78025811300711
8,83,37.1928146164781
8,84,38.311534269596415
8,85,37.117780418422356
8,86,39.043348463408066
8,87,41.99117056825475
8,88,42.22398667508403
8,89,42.03060116942141
8,90,44.998169025034045
8,91,47.195228717353324
8,92,47.17592700771091
8,93,48.06208335444654
8,94,50.48934469426698
9,1,12.470495213188801
9,2,10.557381173270768
9,3,9.70009802508538
9,4,9.036608368464414
9,5,6.661386773685379
9,6,5.017258390817705
9,7,5.147568320023874
9,8,3.8210531834066126
9,10,3.808556154466058
9,11,5.166722901422644
9,12,5.10750392931374
9,13,6.383136061374071
9,14,7.564061718439326
9,15,10.730350182813794
9,16,12.360156317573637
9,17,14.855608042060014
9,18,12.786468866985564
9,19,11.169741810942151
9,20,14.802348667997363
9,21,16.169987922692275
9,22,14.094796205991896
9,23,15.370429219158607
9,24,18.858581630656037
9,25,20.031498320184888
9,26,20.827317554164928
9,27,21.31282855172123
9,28,17.750377343954906
9,29,16.358292894404666
9,30,18.763066004368252
9,31,17.87985658495307
9,32,14.313470456975375
9,33,15.381270511834444
9,34,18.43288564545929
9,35,16.93192425999328
9,36,14.43622028851417
9,37,17.643567570801256
9,38,16.42639115710913
9,39,19.229006730267514
9,40,20.487014971541377
9,41,20.675623900638747
9,42,17.063054666453993
9,43,16.179575837350008
9,44,17.86241055271786
9,45,16.33231712761077
9,46,12.838266378154131
9,47,14.360624016739235
9,48,15.781210452293305
9,49,12.631744325248857
9,50,11.036092205314116
9,51,14.547651613443563
9,52,14.389933986964676
9,53,11.257665730821413
9,54,13.067198102334405
9,55,16.148785354362637
9,56,14.979989076603303
9,57,13.927251370270438
9,58,17.33173383784413
9,59,19.291986171066245
9,60,17.822713596726743
9,61,18.4106220185915
9,62,22.122897236197232
9,63,21.525055241338144
9,64,20.47609687630709
9,65,23.550510050124416
9,66,26.857105235615105
9,67,28.115144261155127
9,68,24.824565710191088
9,69,24.936000461132917
9,70,21.585989447268958
9,71,23.070346912866725
9,72,26.383964593712495
9,73,24.890684387652794
9,74,23.128034564688868
9,75,26.5245132573657
9,76,28.342724642813597
9,77,26.561698705223403
9,78,27.082054784390134
9,79,30.72553730141938
9,80,32.40935230788396
9,81,31.232235724696114
9,82,32.35166470933713
9,83,35.65628173181259
9,84,36.56699611737398
9,85,35.61621933075839
9,86,37.79168010909062
9,87,40.51385986519063
9,88,40.69205111316145
9,89,40.820434223457994
9,90,43.826356229999035
9,91,45.79722315471016
9,92,45.91272054089554
9,93,47.06492368507631
9,94,49.37506908796366
10,1,14.5453125511271
10,2,12.50373070220639
10,3,10.5748172303383
10,4,10.463727082625251
10,5,9.226685859590654
10,6,6.4504341644491285
10,7,5.211430562565671
10,8,5.833821031500739
10,9,3.808556154466058
10,11,3.8197168734480482
10,12,5.573190321701006
10,13,5.94269658911209
10,14,5.01866756455093
10,15,7.730117829302481
10,16,8.782272606264211
10,17,11.288545393379652
10,18,9.455844791925811
10,19,7.495354503252465
10,20,11.065003042115638
10,21,12.709016800008197
10,22,10.966017399745418
10,23,12.079895868229059
10,24,15.417223576499467
10,25,16.90728900656416
10,26,18.106812995962212
10,27,18.873565864657746
10,28,15.279157262160144
10,29,14.102610121181305
10,30,17.02872944148241
10,31,16.387478242479144
10,32,13.002048803775793
10,33,14.485168585561919
10,34,17.796746441844345
10,35,16.66918784823776
10,36,14.70483220012035
10,37,17.9480542410969
10,38,16.554626929245018
10,39,19.26121360486078
10,40,19.83226373084137
10,41,20.160302251126772
10,42,16.8535217144498
10,43,15.298084771810474
10,44,16.448550851644082
10,45,15.345400774932031
10,46,11.720833001220774
10,47,12.27769086002386
10,48,13.739478508606222
10,49,10.900493641841868
10,50,8.407019982736422
10,51,11.560968723679578
10,52,11.881884428750677
10,53,8.58079804461116
10,54,9.649341564486667
10,55,13.015378879672527
10,56,12.357389030889541
10,57,10.958554571445797
10,58,14.058021349351689
10,59,16.423143539700636
10,60,15.327908813865161
10,61,15.605285047826628
10,62,19.17122401908959
10,63,18.387311460634926
10,64,17.02870380383258
10,65,20.15626408902498
10,66,23.32548646035695
10,67,24.733197220412606
10,68,21.4976094317559
10,69,21.599822086680305
10,70,18.142944309306863
10,71,19.422167214855953
10,72,22.758123913492355
10,73,21.34510763797843
10,74,19.4318093731618
10,75,22.76972645815487
10,76,24.694379423458066
10,77,22.98423506131091
10,78,23.393310811000916
10,79,27.010594825227432
10,80,28.804418067836245
10,81,27.637974173560707
10,82,28.64479683209415
10,83,31.951936032689357
10,84,32.972583965808305
10,85,32.0281594023051
10,86,34.10993859928128
10,87,36.86245594483605
10,88,37.150902273456765
10,89,37.24883444814131
10,90,40.18397625192482
10,91,42.22349109232087
10,92,42.41883171847495
10,93,43.507357636728365
10,94,45.75641333992167
11,1,15.971460228589738
11,2,14.680302443845411
11,3,12.83494073111018
11,4,11.612677527248762
11,5,10.567200686115635
11,6,8.943924595767776
11,7,6.647833930817034
11,8,5.568395919360186
11,9,5.166722901422644
11,10,3.8197168734480482
11,12,3.845307291306463
11,13,6.246290572062189
11,14,6.169931783877218
11,15,7.597683824121756
11,16,8.682129607867942
11,17,11.923496697888776
11,18,11.12516278965764
11,19,9.537234225342154
11,20,12.742567512743374
11,21,14.922387095707121
11,22,13.897717208127888
11,23,14.695975408491993
11,24,17.76066677209394
11,25,19.714938876124236
11,26,21.273838014310563
11,27,22.22600023165476
11,28,18.622656280845565
11,29,17.616770106085237
11,30,20.711671342035732
11,31,20.09110854514345
11,32,16.784908425379015
11,33,18.26775631352623
11,34,21.612291419774984
11,35,20.435578437221768
11,36,18.40323372258958
11,37,21.628499306310864
11,38,20.120916381146955
11,39,22.66260409656455
11,40,23.2045770482979
11,41,23.166069911508078
11,42,19.79829217495853
11,43,18.558066797750058
11,44,19.330447371660316
11,45,17.788558696797928
11,46,14.45961780944525
11,47,15.057957551025668
11,48,15.777125142078674
11,49,12.55107318019014
11,50,10.387910488815704
11,51,13.029284078687331
11,52,12.457590953181489
11,53,8.709899732903473
11,54,10.000198463576302
11,55,12.743186899375976
11,56,11.078844694154434
11,57,9.373139118213016
11,58,12.876871900289506
11,59,14.724336957802103
11,60,12.892280066099188
11,61,13.341836785619854
11,62,17.093316915012828
11,63,16.689548576924818
11,64,15.930012639343516
11,65,18.927154444916475
11,66,22.400007138561453
11,67,23.40853010445651
11,68,20.128050986869614
11,69,20.526570896801154
11,70,17.44873716971555
11,71,19.022534354537395
11,72,22.42517598267955
11,73,21.31747287228028
11,74,19.892808658975447
11,75,23.192304814803624
11,76,25.15206101135124
11,77,23.941433264102958
11,78,24.60351796343356
11,79,28.005828898890115
11,80,30.14183961852076
11,81,29.30887134824357
11,82,30.059326258482514
11,83,33.257422410440434
11,84,34.65457316884163
11,85,33.838986673075226
11,86,35.61881818907552
11,87,38.436055565008985
11,88,39.05069489920794
11,89,39.05470433517582
11,90,41.781597140994684
11,91,44.02233338116697
11,92,44.38525419428779
11,93,45.25902891655212
11,94,47.38895631083662
12,1,17.15615216557465
12,2,15.591297629967363
12,3,14.592844652903976
12,4,13.441374839446915
12,5,11.344191940811996
12,6,10.056303405299996
12,7,9.039062928438963
12,8,6.892420952840125
12,9,5.10750392931374
12,10,5.573190321701006
12,11,3.845307291306463
12,13,3.8261469949393905
12,14,6.089271814584698
12,15,8.2120587747575
12,16,10.674905408692666
12,17,13.308509768074767
12,18,12.023453798397712
12,19,11.476760161101272
12,20,15.005693470984196
12,21,16.471617993672336
12,22,15.504770037130537
12,23,17.07793879406672
12,24,20.042972660271616
12,25,21.491797595846144
12,26,23.09488903090869
12,27,23.461534820805284
12,28,19.708942083177043
12,29,19.12490248044195
12,30,21.89521611604629
12,31,20.63741930568836
12,32,17.463398749547935
12,33,19.294681140610813
12,34,22.252033446430833
12,35,20.44318190774876
12,36,18.53269087117126
12,37,22.016691233044032
12,38,21.092879469283616
12,39,24.026317409920072
12,40,25.02024510202665
12,41,25.322232191504337
12,42,21.827025560013787
12,43,20.594635846778502
12,44,21.920227356510534
12,45,20.53918516808554
12,46,17.019945686455614
12,47,17.82558340301058
12,48,19.023422283204344
12,49,15.865088547528211
12,50,13.641496808519932
12,51,16.492581884891738
12,52,16.21255722437917
12,53,12.499926400930285
12,54,13.509578986491698
12,55,16.425167403216086
12,56,14.782063188498519
12,57,12.70647088010839
12,58,16.024810950442344
12,59,17.995115573876426
12,60,15.769372887872244
12,61,15.697024836958105
12,62,19.34744499940679
12,63,18.515836584712165
12,64,18.298905724553656
12,65,21.56342240992494
12,66,24.95622517390471
12,67,25.571551959167227
12,68,22.05788158280698
12,69,21.953814546890047
12,70,18.937556822596225
12,71,21.071935922087015
12,72,24.18021936619705
12,73,22.614033422432172
12,74,21.56378948888384
12,75,25.102579656154052
12,76,26.595010063450744
12,77,25.189978749760797
12,78,26.311176527366708
12,79,29.73469416651761
12,80,31.606146871790298
12,81,31.017101868247998
12,82,32.13273578563174
12,83,35.16340436673798
12,84,36.43245247975888
12,85,35.914326315787385
12,86,37.87699390495911
12,87,40.46919393735451
12,88,41.09457393286558
12,89,41.39738366632678
12,90,44.117460547699935
12,91,46.17144221055667
12,92,46.68540425745515
12,93,47.76907480286807
12,94,49.77208657984159
13,1,18.79015639680172
13,2,16.527003503908666
13,3,15.579903785177326
13,4,15.322414800509314
13,5,12.988082896713825
13,6,10.8411182275797
13,7,10.645969789258688
13,8,9.492276616118478
13,9,6.383136061374071
13,10,5.94269658911209
13,11,6.246290572062189
13,12,3.8261469949393905
13,14,3.813056820426076
13,15,6.728743911381218
13,16,9.962347516619948
13,17,11.604760635612275
13,18,9.618571988272874
13,19,9.997446903369733
13,20,13.63522040980193
13,21,14.276238183907985
13,22,13.446185198080654
13,23,15.741109891113553
13,24,18.431184584091127
13,25,19.352510854348576
13,26,21.09466082045765
13,27,20.968800884033854
13,28,17.168818581394245
13,29,17.165918247700866
13,30,19.775679981920288
13,31,18.049679735482226
13,32,15.251609824166508
13,33,17.664314473550053
13,34,20.28748929445612
13,35,18.16497057061813
13,36,16.844177827298825
13,37,20.537148042798442
13,38,20.137455227031502
13,39,23.38558138606007
13,40,24.326170022928338
13,41,25.197929067432593
13,42,21.898728300601277
13,43,20.14085074704504
13,44,21.74082593565515
13,45,21.00395371786866
13,46,17.26060504427981
13,47,17.597177405505885
13,48,19.45549744350366
13,49,16.810907217425466
13,50,14.02986092284737
13,51,16.794927742306527
13,52,17.36433835555646
13,53,13.805136762101116
13,54,14.008926627878282
13,55,17.387316353807623
13,56,16.501409429921576
13,57,14.035390148025368
13,58,16.840360867244456
13,59,19.4421772388929
13,60,17.574687939573714
13,61,16.82355911101755
13,62,20.19909681258667
13,63,18.676705198634696
13,64,18.323683446694332
13,65,21.90332440352437
13,66,24.95638745673649
13,67,25.58795538764623
13,68,21.958374661038103
13,69,21.25803210562477
13,70,18.002252258430204
13,71,20.292129632634026
13,72,23.103617845218945
13,73,21.027813956705515
13,74,19.952499173614687
13,75,23.650641981988574
13,76,24.76570659128697
13,77,22.971789613722272
13,78,24.30042192437464
13,79,27.80191670762038
13,80,29.311679368424915
13,81,28.788795516158608
13,82,30.282998280574052
13,83,33.19266626615307
13,84,34.214413144877234
13,85,33.91297980098113
13,86,36.11559941759748
13,87,38.47225302913629
13,88,39.0093731464174
13,89,39.61011754302315
13,90,42.36488899326531
13,91,44.17967562264764
13,92,44.79489332408765
13,93,46.130332413964254
13,94,48.02945572452326
14,1,19.342563005903138
14,2,16.959924052263673
14,3,15.248812510010747
14,4,15.452108681091461
14,5,13.86800234713578
14,6,10.97884832518421
14,7,10.220984240076387
14,8,10.331874662354675
14,9,7.564061718439326
14,10,5.01866756455093
14,11,6.169931783877218
14,12,6.089271814584698
14,13,3.813056820426076
14,15,3.8094677312541374
14,16,6.602266664081281
14,17,8.049507967349264
14,18,6.026571121117329
14,19,6.282880711650999
14,20,9.84144113844412
14,21,10.634523147397859
14,22,10.108928541339575
14,23,12.277840076495554
14,24,14.774318684174357
14,25,15.936541652695993
14,26,17.9606885861789
14,27,18.138750513448272
14,28,14.37453206565596
14,29,14.497158693871137
14,30,17.50498402588247
14,31,16.137201174782945
14,32,13.504200963827856
14,33,16.097599903463212
14,34,18.947584238482914
14,35,17.328616143525323
14,36,16.354931812117506
14,37,19.931284487725055
14,38,19.262538045290405
14,39,22.323777481468404
14,40,22.689997901866104
14,41,23.631339296319478
14,42,20.628231810677608
14,43,18.415910969957526
14,44,19.580795635978237
14,45,19.21473110758551
14,46,15.506626548781576
14,47,15.112940733896988
14,48,17.00598503794419
14,49,14.790919752498427
14,50,11.520369764990377
14,51,13.815860617260974
14,52,14.88268526605518
14,53,11.51410463397641
14,54,10.952680301332101
14,55,14.50517201464951
14,56,14.265408104957158
14,57,11.661353325960611
14,58,14.015312692965361
14,59,17.021625801248963
14,60,15.721372411479111
14,61,14.751714414179528
14,62,17.94134877585026
14,63,16.24001663952513
14,64,15.357217265887769
14,65,18.970423941476376
14,66,21.834247397566475
14,67,22.77443610218972
14,68,19.249147474384664
14,69,18.570593634380387
14,70,15.067024040812278
14,71,17.01030898511679
14,72,19.899778675684423
14,73,17.89826543135332
14,74,16.47051035955609
14,75,20.116989031688018
14,76,21.42853402991432
14,77,19.60507223041994
14,78,20.6889708824621
14,79,24.235391250572057
14,80,25.834958800286998
14,81,25.184937055523246
14,82,26.562823009469984
14,83,29.546506106339983
14,84,30.61027473002314
14,85,30.211747447917016
14,86,32.36267782117362
14,87,34.78915274529648
14,88,35.34011787475204
14,89,35.860907355596105
14,90,38.607961847410195
14,91,40.48292269428592
14,92,41.08204038742309
14,93,42.358860251690025
14,94,44.27189321821122
15,1,22.25310769505311
15,2,20.13817533514393
15,3,18.009208322435505
15,4,17.992773710897275
15,5,16.90748179530004
15,6,14.095580231606602
15,7,12.563166038682281
15,8,12.767905601258898
15,9,10.730350182813794
15,10,7.730117829302481
15,11,7.597683824121756
15,12,8.2120587747575
15,13,6.728743911381218
15,14,3.8094677312541374
15,16,3.8034251629956084
15,17,5.303801383879951
15,18,5.192858169146952
15,19,6.204321843237337
15,20,8.701362834754928
15,21,9.953831011793776
15,22,10.725174168858416
15,23,12.447563883287131
15,24,14.231360991588865
15,25,15.913027010377824
15,26,18.562720016776538
15,27,19.036635293067206
15,28,15.461879903900067
15,29,15.990671201553647
15,30,19.32408505902122
15,31,18.200445332647078
15,32,15.961196123149948
15,33,18.676723198527302
15,34,21.586707011395394
15,35,20.257340185460787
15,36,19.59221212212366
15,37,23.058999015616532
15,38,22.228362316317288
15,39,25.078610835381
15,40,24.98881053683631
15,41,25.825499411963424
15,42,23.048627087451706
15,43,20.643837624942996
15,44,21.229935711154678
15,45,20.96833807740242
15,46,17.477754773643387
15,47,16.464561753833777
15,48,17.9288468985199
15,49,15.942564536957768
15,50,12.45506466191692
15,51,13.818183486228827
15,52,14.863271735757438
15,53,11.539065171113112
15,54,10.023975655839866
15,55,13.176616957949777
15,56,13.046378008202915
15,57,9.79995430635665
15,58,11.495217758164365
15,59,14.692577114418125
15,60,13.381518959567662
15,61,11.7188750290154
15,62,14.596717724016138
15,63,12.580920363293403
15,64,11.941067769811527
15,65,15.67309830955881
15,66,18.460437818712297
15,67,19.1477496008302
15,68,15.554008516357223
15,69,14.797053961505274
15,70,11.375172309579858
15,71,13.570246209063171
15,72,16.40586837356468
15,73,14.53468659343839
15,74,13.469692128625214
15,75,17.113796591520106
15,76,18.407179075073728
15,77,17.032958495460502
15,78,18.352559914270266
15,79,21.668082976415654
15,80,23.587050547764605
15,81,23.30347761936743
15,82,24.444288594758163
15,83,27.266786522830337
15,84,28.704144744964232
15,85,28.503076609767835
15,86,30.353079553762015
15,87,32.77776622098994
15,88,33.69311212583825
15,89,34.1896087694187
15,90,36.6850098183725
15,91,38.71751039237313
15,92,39.55797862627614
15,93,40.66119215663302
15,94,42.38002461334893
16,1,22.537876202174928
16,2,20.668150157487112
16,3,17.95764632361931
16,4,18.00986393644373
16,5,17.720758812349782
16,6,14.808115863068737
16,7,12.64838444495321
16,8,13.634012807319968
16,9,12.360156317573637
16,10,8.782272606264211
16,11,8.682129607867942
16,12,10.674905408692666
16,13,9.962347516619948
16,14,6.602266664081281
16,15,3.8034251629956084
16,17,3.789990628161302
16,18,5.501881347090438
16,19,5.053835150411937
16,20,6.20679341295276
16,21,8.645950260975093
16,22,9.833467244180035
16,23,10.462958072308968
16,24,11.958139559975049
16,25,14.38510951539682
16,26,17.168302735175974
16,27,18.329295498055792
16,28,15.075499869021757
16,29,15.307304685314982
16,30,18.952085193530365
16,31,18.53007984548367
16,32,16.361138819901907
16,33,18.729576750922796
16,34,21.892773456238487
16,35,21.21074304715699
16,36,20.536044335576406
16,37,23.683629451993195
16,38,22.385720141641418
16,39,24.81014829381304
16,40,24.18974325503187
16,41,24.760769487037518
16,42,22.27674290406611
16,43,19.78510292745719
16,44,19.699618623066964
16,45,19.501721046103878
16,46,16.367337763098853
16,47,14.80953159251971
16,48,15.773429848292924
16,49,14.15591367970537
16,50,10.63790853972233
16,51,11.084654317991406
16,52,12.21553985818542
16,53,9.32322252208872
16,54,6.9259603493778945
16,55,9.801950400623893
16,56,10.258938184352065
16,57,7.055666100386845
16,58,8.079199220594479
16,59,11.573647019836567
16,60,11.016597533376265
16,61,9.465287926071362
16,62,12.155469664290923
16,63,10.42667923715848
16,64,8.887076089927985
16,65,12.467343581408631
16,66,15.262208330524997
16,67,16.44407156169296
16,68,13.118859947034878
16,69,12.946877769041196
16,70,9.400275482394175
16,71,10.76286255600784
16,72,14.026474758980385
16,73,12.80332679993291
16,74,11.214461391870605
16,75,14.560239187305077
16,76,16.486180064469924
16,77,15.460367656338667
16,78,16.20219972147572
16,79,19.45253654487583
16,80,21.761943283165685
16,81,21.25967973677763
16,82,21.920095669318457
16,83,24.91240067284503
16,84,26.57587103618466
16,85,26.086689177398895
16,86,27.676220710113085
16,87,30.351094522905996
16,88,31.335180108281765
16,89,31.514686748136462
16,90,33.9686410624592
16,91,36.2320054557361
16,92,36.97268148797263
16,93,37.83053299974025
16,94,39.637922900542236
17,1,25.088177435558922
17,2,22.82330183605382
17,3,20.188226904517443
17,4,20.78870488216465
17,5,20.326600889282197
17,6,17.061508876000023
17,7,15.467971785672551
17,8,16.70530086626704
17,9,14.855608042060014
17,10,11.288545393379652
17,11,11.923496697888776
17,12,13.308509768074767
17,13,11.604760635612275
17,14,8.049507967349264
17,15,5.303801383879951
17,16,3.789990628161302
17,18,3.786229162315521
17,19,5.411881790435163
17,20,5.264202519170659
17,21,6.26832644785028
17,22,8.68300206632072
17,23,9.922869349391465
17,24,10.404782454154239
17,25,12.332325524379597
17,26,15.59748727404661
17,27,16.364894308242363
17,28,13.321625585973807
17,29,14.431206745092368
17,30,17.93387492028007
17,31,17.270426878822686
17,32,15.819354895773143
17,33,18.642714637023193
17,34,21.405661758502912
17,35,20.69680413501268
17,36,20.71259963776854
17,37,23.82835949252576
17,38,22.934859805200702
17,39,25.463175122611332
17,40,24.628889065163094
17,41,25.689941488989938
17,42,23.53896739225519
17,43,20.594921773484888
17,44,20.582921056157222
17,45,21.061818030404105
17,46,17.939619218708458
17,47,15.836072396392582
17,48,17.31358121723515
17,49,16.380817429989683
17,50,12.650132943765437
17,51,12.694706822804456
17,52,14.662912990093188
17,53,12.320678832988065
17,54,9.361477714525538
17,55,12.144067972392833
17,56,13.408001556288406
17,57,10.357730568410092
17,58,10.322181710719214
17,59,14.079145821905541
17,60,13.990123826344044
17,61,11.809893110338681
17,62,13.65889774864201
17,63,11.089675818030846
17,64,9.440647996865122
17,65,13.096241395143068
17,66,15.092497313586962
17,67,16.2509641583584
17,68,12.993888850221435
17,69,11.915461485399318
17,70,8.096445359570598
17,71,9.50506629478007
17,72,12.16048613731621
17,73,10.192872565737279
17,74,8.430041055474874
17,75,12.073408845370235
17,76,13.517162693657022
17,77,12.031845612225556
17,78,13.077734031480299
17,79,16.431141342728157
17,80,18.427504010232088
17,81,18.097794274535122
17,82,19.152134099954644
17,83,21.972763516616013
17,84,23.473097930437476
17,85,23.298155869019467
17,86,25.08418833689981
17,87,27.492001743771787
17,88,28.49507912214296
17,89,29.01095105339897
17,90,31.430034962859565
17,91,33.47554057850413
17,92,34.407484697601774
17,93,35.49615267434257
17,94,37.12898315880634
18,1,23.00768470992282
18,2,20.360943385851975
18,3,18.059410600994035
18,4,19.084328742840587
18,5,18.21270333242622
18,6,14.72721535702564
18,7,13.899724504957689
18,8,15.251508996532586
18,9,12.786468866985564
18,10,9.455844791925811
18,11,11.12516278965764
18,12,12.023453798397712
18,13,9.618571988272874
18,14,6.026571121117329
18,15,5.192858169146952
18,16,5.501881347090438
18,17,3.786229162315521
18,19,3.7833875426554693
18,20,5.485591213312322
18,21,5.094607145329098
18,22,6.299307091501451
18,23,8.763282890897939
18,24,9.999752176547776
18,25,11.035737550668768
18,26,13.861802881507261
18,27,14.082343577760103
18,28,10.641184198682408
18,29,11.8085826975333
18,30,15.08865571681268
18,31,13.995124503749262
18,32,12.441899859652471
18,33,15.510797661917946
18,34,18.10632159318284
18,35,17.101916636736423
18,36,17.205636240771742
18,37,20.440371322600893
18,38,19.867227992841055
18,39,22.671649022775075
18,40,22.169717742741977
18,41,23.560728167592174
18,42,21.29883419737421
18,43,18.28036952989983
18,44,18.87635118860941
18,45,19.530240812731012
18,46,16.1289312736551
18,47,14.325678523513746
18,48,16.501089649447344
18,49,15.534782717145355
18,50,11.752913072126837
18,51,12.679280148509555
18,52,14.968245287200181
18,53,12.536289538943564
18,54,10.264217554299568
18,55,13.709192335292943
18,56,14.92816678461005
18,57,12.244160270292527
18,58,13.029981153751251
18,59,16.710774190353096
18,60,16.494352733158323
18,61,14.807354366604832
18,62,17.0988070138863
18,63,14.71421088163347
18,64,13.066346716310347
18,65,16.667449283144755
18,66,18.71628488827476
18,67,20.022864087978217
18,68,16.773864506465962
18,69,15.598382088578012
18,70,11.799105639395059
18,71,13.1540083031265
18,72,15.647443313815332
18,73,13.335387710767963
18,74,11.340746507183646
18,75,14.948351503487462
18,76,16.13837156875706
18,77,13.927596192147758
18,78,14.840101168511374
18,79,18.47850607062177
18,80,19.89493420733761
18,81,19.185220232401697
18,82,20.722500019493136
18,83,23.652352003467445
18,84,24.61092456447494
18,85,24.326709372186105
18,86,26.564804321883592
18,87,28.85980075836675
18,88,29.42761029203141
18,89,30.11031575739519
18,90,32.81565460486536
18,91,34.58638513974616
