1,2,3.8051883108115767
1,3,5.950666312520008
1,4,5.855832788579269
1,5,5.873186452435645
1,6,8.643065230494551
1,7,10.221887132172741
1,8,10.638388837811345
1,9,12.450346813806346
1,10,14.108788450883456
1,11,15.451694389782999
1,12,16.30066544409945
1,13,14.854210958064272
1,14,16.546120253503744
1,15,13.62912155831105
1,16,14.633806154721876
1,17,18.17561101103528
1,18,17.855543732584835
1,19,16.528015480287262
1,20,19.412988668496354
1,21,21.80685652608294
1,22,21.169996996589365
1,23,21.756724936793248
1,24,24.946790938068528
1,25,26.095184917322385
1,26,25.50223382472175
1,27,27.49134791174783
1,28,30.235336485086876
1,29,30.83614102105623
1,30,31.08440108760991
1,31,33.46501639388438
1,32,35.476889785472615
1,33,36.20641463801107
1,34,37.422460657446095
1,35,39.73155756458122
1,36,41.23694390032308
1,37,42.72202771785387
1,38,41.40270950693458
1,39,40.60336577625047
1,40,40.65208782128719
1,41,44.01036120134203
1,42,43.53988010892751
1,43,39.98122674963791
1,44,40.95382812940853
1,45,42.27668912651279
1,46,38.909748503026606
1,47,37.3693862510456
1,48,39.991605014718395
1,49,39.343152932642255
1,50,35.6497092958764
1,51,36.21092203958425
1,52,38.93892567553553
1,53,36.62313102636963
1,54,33.67936793114254
1,55,35.38332422510081
1,56,32.69218401937513
1,57,29.380600291082093
1,58,28.56674172341809
1,59,29.92565563033951
1,60,27.89775469568491
1,61,24.56202555111264
1,62,25.42634032805465
1,63,26.433635236672227
1,64,23.184429351703134
1,65,21.11574710821406
1,66,23.378999421953026
1,67,23.181742752968454
1,68,19.376397655125135
1,69,19.42273875980645
1,70,22.265106391655653
1,71,20.663278157719013
1,72,17.518244583223797
1,73,20.089772964183975
1,74,22.006677906393023
1,75,25.17359573658916
1,76,28.2381465971067
1,77,29.600794867231418
1,78,33.284745184290806
1,79,35.27987072095316
1,80,38.116311343488455
2,1,3.8051883108115767
2,3,3.8025092974727834
2,4,5.876148016930044
2,5,5.699876253201664
2,6,6.792321775349651
2,7,9.307633823647018
2,8,10.592323370517246
2,9,11.449067478270022
2,10,12.579328804279251
2,11,14.732223619078358
2,12,15.895433107646872
2,13,15.333181384536486
2,14,17.37678985689815
2,15,15.051434521597518
2,16,15.88595474448613
2,17,19.438856030539256
2,18,19.77095033979381
2,19,18.68562732000646
2,20,21.166158504488696
2,21,23.787716435375305
2,22,23.628873057776985
2,23,23.995240571610044
2,24,26.98242616045324
2,25,28.5228488249297
2,26,28.062426369007067
2,27,29.705581979742654
2,28,32.507760298456624
2,29,33.42371711575354
2,30,33.54124974444245
2,31,35.67118634020253
2,32,37.879770189994844
2,33,38.80363114399247
2,34,39.80531189952589
2,35,42.00398082436507
2,36,43.734182028329734
2,37,45.323660386367095
2,38,44.21484265785418
2,39,43.50110174083531
2,40,43.7598976608525
2,41,47.07176069103435
2,42,46.54282452417419
2,43,43.03800969643974
2,44,43.96949749927434
2,45,45.096882429475784
2,46,41.664592879844506
2,47,40.21512215171792
2,48,42.68675808687712
2,49,41.83856067537236
2,50,38.132719375029396
2,51,38.71867884987073
2,52,41.2419989010886
2,53,38.729897534788506
2,54,35.850347123096014
2,55,37.664516829126164
2,56,34.9144472874118
2,57,31.630784193562523
2,58,31.157203885691878
2,59,32.3962399382257
2,60,30.05762390799667
2,61,26.930023237168548
2,62,28.018840699801096
2,63,28.664513432370757
2,64,25.21010989453865
2,65,23.55287571693109
2,66,25.771492588046993
2,67,25.08812753930478
2,68,21.282581564810748
2,69,21.68779041876822
2,70,24.171061961207887
2,71,22.06912249373639
2,72,19.113270017893015
2,73,21.785493101046626
2,74,23.164615902793503
2,75,26.583969913346273
2,76,29.357569276731546
2,77,30.78900647684928
2,78,34.429280710245095
2,79,36.45818796967935
2,80,39.52642190414066
3,1,5.950666312520008
3,2,3.8025092974727834
3,4,3.8071111228392893
3,5,5.635512620698119
3,6,5.382652657723568
3,7,6.778521059640469
3,8,9.212287061986611
3,9,10.428915154674874
3,10,10.507486525586865
3,11,12.406696959738229
3,12,14.36456302937713
3,13,13.99471298426099
3,14,16.733576694614754
3,15,14.933889690940765
3,16,16.530064805991586
3,17,19.717319849003545
3,18,19.969460314708357
3,19,19.593567312071006
3,20,22.195530243204466
3,21,24.430701298087982
3,22,24.58567903443027
3,23,25.42332902129225
3,24,28.14914144266162
3,25,29.58455838900948
3,26,29.57349134064382
3,27,31.31799926459731
3,28,33.82531564984566
3,29,34.89759578529347
3,30,35.373440563668915
3,31,37.39541464217498
3,32,39.39939390430205
3,33,40.545813272803024
3,34,41.76199927539244
3,35,43.75237403709712
3,36,45.36003527690643
3,37,47.166810174091324
3,38,45.93677644146542
3,39,44.95769847273115
3,40,45.167054710417375
3,41,48.35565970767401
3,42,47.637813796435225
3,43,44.073049242828084
3,44,44.69302017257761
3,45,45.85298230458672
3,46,42.5311303188639
3,47,40.823751589416055
3,48,43.088908110346736
3,49,42.38124812508353
3,50,38.61618366711031
3,51,38.85328147641951
3,52,41.330030388737086
3,53,38.91132026981884
3,54,35.84698415937003
3,55,37.39093286422783
3,56,34.38696956084735
3,57,31.34238385060425
3,58,30.907965606339204
3,59,31.712192311727545
3,60,29.1924677089583
3,61,26.321487824488333
3,62,27.212608284134863
3,63,27.40200012158744
3,64,23.90510663690552
3,65,22.460525703630353
3,66,24.2972322957445
3,67,23.21110960635324
3,68,19.48084221508125
3,69,19.919353594094197
3,70,21.951266748433593
3,71,19.540505374077583
3,72,16.66672689156961
3,73,19.252818420786387
3,74,20.222557383475543
3,75,23.795437772694807
3,76,26.377505011996764
3,77,27.97690831413453
3,78,31.603057476706905
3,79,33.78981330749699
3,80,36.98411434485313
4,1,5.855832788579269
4,2,5.876148016930044
4,3,3.8071111228392893
4,5,3.8090978884118205
4,6,5.047876371305625
4,7,4.799969612975306
4,8,6.395444314069059
4,9,8.788537349418698
4,10,9.346802801858862
4,11,10.225365930931197
4,12,11.951604955671003
4,13,10.845118687384323
4,14,13.594946811408958
4,15,11.675266730380951
4,16,13.788914693581944
4,17,16.740490970373415
4,18,16.630006663749057
4,19,16.571081442302418
4,20,19.387251786704187
4,21,21.277096293215777
4,22,21.45021054691192
4,23,22.655628338390624
4,24,25.262148689630052
4,25,26.485883242344222
4,26,26.733762001771016
4,27,28.64211313496479
4,28,30.91392453522648
4,29,31.99020802718004
4,30,32.75721100640494
4,31,34.769308258479406
4,32,36.55341615076136
4,33,37.798674757495334
4,34,39.231617033787465
4,35,41.09412853911901
4,36,42.537203405424705
4,37,44.468503432804674
4,38,43.112704091512576
4,39,41.94089766152502
4,40,42.109492961813885
4,41,45.209260544735585
4,42,44.384557066294256
4,43,40.79527279814868
4,44,41.258348403316646
4,45,42.44658924634281
4,46,39.196953895655824
4,47,37.35717153978273
4,48,39.55213751759029
4,49,38.950037403767055
4,50,35.168226359853655
4,51,35.258621852429705
4,52,37.77212854132605
4,53,35.45840197530701
4,54,32.30212756991451
4,55,33.72435225181015
4,56,30.671336446947493
4,57,27.68009356637174
4,58,27.18862651689907
4,59,27.9221113738667
4,60,25.425894361376457
4,61,22.554968022747712
4,62,23.413988266637368
4,63,23.609593598267463
4,64,20.125892654621314
4,65,18.663374324708524
4,66,20.57877862001703
4,67,19.552648120172673
4,68,15.790104365046334
4,69,16.361373209566008
4,70,18.564056969265305
4,71,16.257964790472236
4,72,13.455692213611638
4,73,16.35443456349431
4,74,17.516119415689797
4,75,20.90396904108025
4,76,23.583849426383804
4,77,24.92753730196534
4,78,28.556727455662795
4,79,30.60148039743956
4,80,33.69436065789253
5,1,5.873186452435645
5,2,5.699876253201664
5,3,5.635512620698119
5,4,3.8090978884118205
5,6,3.787279033052789
5,7,5.397952872269601
5,8,5.124127722476522
5,9,6.59230171713099
5,10,8.556740310477558
5,11,9.991161165410102
5,12,10.565199110931877
5,13,9.699208634083213
5,14,11.703685113530986
5,15,9.632846801263012
5,16,10.907476596510074
5,17,14.182831511669324
5,18,14.652157557492627
5,19,14.20205166662053
5,20,16.615470197197396
5,21,18.952227388909485
5,22,19.315555112142512
5,23,20.040103005287868
5,24,22.627031267096907
5,25,24.243887830471788
5,26,24.363873586791126
5,27,25.926715965177834
5,28,28.38649964544623
5,29,29.662060592276074
5,30,30.164563827722684
5,31,32.00735753518928
5,32,34.03718281972164
5,33,35.36532470200095
5,34,36.538395902706455
5,35,38.37805088361661
5,36,40.05816020579847
5,37,42.004759256894005
5,38,40.90271833673611
5,39,39.938719544118655
5,40,40.385951319164256
5,41,43.490159324445216
5,42,42.70799105709274
5,43,39.228279289420094
5,44,39.86922241029613
5,45,40.80023213532582
5,46,37.401048171968
5,47,35.865041728260806
5,48,38.066087084926146
5,49,37.14307756157073
5,50,33.40290263916625
5,51,33.83392461498351
5,52,36.18730349761506
5,53,33.61785825872728
5,54,30.696393223114825
5,55,32.49731984596678
5,56,29.68943129247743
5,57,26.467811812498994
5,58,26.308548967980954
5,59,27.440626775515092
5,60,24.855260258769988
5,61,21.916270553790554
5,62,23.338698128645216
5,63,23.751014937263754
5,64,20.154788597362117
5,65,18.95242659291972
5,66,21.44474149725511
5,67,20.485998514156183
5,68,16.752171776577207
5,69,17.885845674973183
5,70,20.375154022562906
5,71,18.087225989408758
5,72,15.700565039802278
5,73,18.973043666448582
5,74,20.13569769869049
5,75,23.30527670214831
5,76,25.87181871343744
5,77,26.75479763399778
5,78,30.25446028039608
5,79,31.919984785506568
5,80,34.980183895706496
6,1,8.643065230494551
6,2,6.792321775349651
6,3,5.382652657723568
6,4,5.047876371305625
6,5,3.787279033052789
6,7,3.792453915293872
6,8,5.330900140244416
6,9,5.1931677170847514
6,10,5.805641614728083
6,11,8.334051679196055
6,12,9.61602055731814
6,13,10.070333622603682
6,14,12.654050968737069
6,15,11.645272292460604
6,16,12.945652441003084
6,17,15.847652975594386
6,18,16.890889581036298
6,19,16.938658246759132
6,20,18.92918826242003
6,21,21.236119994808078
6,22,22.113812400788913
6,23,22.79643597254958
6,24,25.04985119991278
6,25,26.930391858467214
6,26,27.313180015691636
6,27,28.59700857755543
6,28,30.959086286475756
6,29,32.53940518254787
6,30,33.05294238656464
6,31,34.62402504390025
6,32,36.72365812722378
6,33,38.28414525784908
6,34,39.344934015005975
6,35,40.99711892433717
6,36,42.81090328381653
6,37,44.91372113569788
6,38,43.95207544838997
6,39,42.9711046319314
6,40,43.573614655789
6,41,46.57670239003476
6,42,45.68173629129699
6,43,42.2500780562528
6,44,42.74099285144421
6,45,43.50692467033429
6,46,40.11893619699843
6,47,38.583290754902066
6,48,40.55732775662426
6,49,39.516598387385976
6,50,35.78386717078739
6,51,36.10432116460387
6,52,38.22852093991482
6,53,35.542693624165075
6,54,32.64960617516038
6,55,34.42853998399112
6,56,31.512814452851377
6,57,28.458022996577366
6,58,28.624765803378708
6,59,29.475133061594285
6,60,26.58425408260692
6,61,23.998346202702876
6,62,25.520095483842844
6,63,25.434596265737156
6,64,21.71743751217264
6,65,21.010273337687686
6,66,23.266359500634195
6,67,21.741035115183433
6,68,18.15417558634133
6,69,19.603221697936448
6,70,21.55201148129939
6,71,18.743675627991525
6,72,16.684864579028144
6,73,19.946116342749384
6,74,20.438792016041763
6,75,23.806762518801627
6,76,25.975294025522157
6,77,26.919273893855827
6,78,30.316766366143398
6,79,32.02031065920419
6,80,35.31749648582781
7,1,10.221887132172741
7,2,9.307633823647018
7,3,6.778521059640469
7,4,4.799969612975306
7,5,5.397952872269601
7,6,3.792453915293872
7,8,3.8028129966674022
7,9,5.431131026097753
7,10,4.774750087313746
7,11,5.663694389562859
7,12,7.957230883215865
7,13,7.995536846276692
7,14,11.342207175830575
7,15,10.791816806583038
7,16,13.095157533073465
7,17,15.411549551656416
7,18,16.000144401145572
7,19,16.78851809342283
7,20,19.03854682411027
7,21,20.732996342543657
7,22,21.740273699053194
7,23,23.022518854404396
7,24,25.038859404772612
7,25,26.594184513920275
7,26,27.402195309940463
7,27,28.928240840537004
7,28,30.91586802079915
7,29,32.50431847362523
7,30,33.448284662134256
7,31,35.00494646742191
7,32,36.77654644960495
7,33,38.47086869301233
7,34,39.8436254285741
7,35,41.317565140214384
7,36,42.88553074212774
7,37,45.15498029631834
7,38,43.98260206464249
7,39,42.69559100653033
7,40,43.162800550335625
7,41,46.03459386796242
7,42,44.96990130300805
7,43,41.47797704002577
7,44,41.65596154501988
7,45,42.52451456096738
7,46,39.2996682229653
7,47,37.46736232497775
7,48,39.270247691743485
7,49,38.466945557715704
7,50,34.70011351847574
7,51,34.63532294925647
7,52,36.78612533706109
7,53,34.30370000972359
7,54,31.19638084821187
7,55,32.62709316745665
7,56,29.477349110125108
7,57,26.68614687285189
7,58,26.770249433142016
7,59,27.197953264925797
7,60,24.234754518036116
7,61,21.87429312811191
7,62,23.122583247701286
7,63,22.667878488187426
7,64,18.977374271458086
7,65,18.42171095613773
7,66,20.321789688301553
7,67,18.506544795715758
7,68,15.019911347064893
7,69,16.546537087387048
7,70,18.14627578297315
7,71,15.149228121741768
7,72,13.291246528150232
7,73,16.590900125560403
7,74,16.811612920564492
7,75,20.161332310415936
7,76,22.22044644103724
7,77,23.176196024071334
7,78,26.576755002443704
7,79,28.365069627303303
7,80,31.695976790786528
8,1,10.638388837811345
8,2,10.592323370517246
8,3,9.212287061986611
8,4,6.395444314069059
8,5,5.124127722476522
8,6,5.330900140244416
8,7,3.8028129966674022
8,9,3.7988335692803363
8,10,5.5349639109771545
8,11,5.402806413072077
8,12,5.753010286008683
8,13,4.879816091026523
8,14,7.737537744792061
8,15,7.0760739423221395
8,16,9.38482262664386
8,17,11.612881975474744
8,18,12.310810177911161
8,19,13.181996895519966
8,20,15.29771057094924
8,21,16.971183904740112
8,22,18.130003359160824
8,23,19.39299731847184
8,24,21.28171789885582
8,25,22.910110506554
8,26,23.82463611737834
8,27,25.255648960649904
8,28,27.177589694727438
8,29,28.869420332877795
8,30,29.853337570939093
8,31,31.308554242935067
8,32,33.06316472443259
8,33,34.85128629924812
8,34,36.21801463565619
8,35,37.60250279604478
8,36,39.18614624761483
8,37,41.52477940874619
8,38,40.414657878514966
8,39,39.13558151306355
8,40,39.73427888453728
8,41,42.55333833767539
8,42,41.462193726665426
8,43,38.02751969650412
8,44,38.23494284472799
8,45,38.97240034044743
8,46,35.70058977481108
8,47,33.9811530266146
8,48,35.7666488077327
8,49,34.83552808277264
8,50,31.082971226372837
8,51,31.159936434058327
8,52,33.259598914535125
8,53,30.68630135333254
8,54,27.663400607116046
8,55,29.28007135736026
8,56,26.277262451027386
8,57,23.328753454957507
8,58,23.579319648363573
8,59,24.27926753418074
8,60,21.299596325440994
8,61,18.845036586715437
8,62,20.489031903472345
8,63,20.26951214874995
8,64,16.517468627972878
8,65,16.10996555126874
8,66,18.538196539979992
8,67,16.93224854984792
8,68,13.466089134282516
8,69,15.474094431443676
8,70,17.490414273732828
8,71,14.778193860706988
8,72,13.289497036792678
8,73,16.949838645741654
8,74,17.48178109814295
8,75,20.409857984614895
8,76,22.52227767059589
8,77,22.93541798873577
8,78,26.228853283707387
8,79,27.613020284403035
8,80,30.773624306243736
9,1,12.450346813806346
9,2,11.449067478270022
9,3,10.428915154674874
9,4,8.788537349418698
9,5,6.59230171713099
9,6,5.1931677170847514
9,7,5.431131026097753
9,8,3.7988335692803363
9,10,3.805172844958998
9,11,5.580197302863831
9,12,5.009102567370495
9,13,6.445817112913514
9,14,8.532822142939054
9,15,8.792896785491724
9,16,9.876757898908883
9,17,12.008160046615144
9,18,13.777822060679306
9,19,14.513677325379483
9,20,15.81730211671107
9,21,17.899316935931996
9,22,19.534126262455153
9,23,20.238698678160965
9,24,21.862100289393343
9,25,24.026444879819966
9,26,24.928179967630978
9,27,25.82572147377481
9,28,27.86537200926296
9,29,29.903444560476352
9,30,30.601020100469636
9,31,31.721604408659154
9,32,33.759120336152264
9,33,35.73064085130647
9,34,36.75491994066379
9,35,38.01288317921346
9,36,39.904667540734444
9,37,42.31649052661785
9,38,41.53272418820592
9,39,40.458861692
9,40,41.37508149528228
9,41,44.13794506026729
9,42,43.04121256645772
9,43,39.7516107960455
9,44,40.038615498063116
9,45,40.45905915328787
9,46,37.086937882079624
9,47,35.65500936189841
9,48,37.29839809494226
9,49,36.01668752336161
9,50,32.346739944691485
9,51,32.65921818925271
9,52,34.44160063460476
9,53,31.579899389327522
9,54,28.834735346372323
9,55,30.753452308794074
9,56,27.935807869009633
9,57,24.958011360292
9,58,25.694020914481555
9,59,26.525571316620915
9,60,23.344889519135254
9,61,21.13661004757009
9,62,23.212950912911438
9,63,22.857516867768826
9,64,19.073510477994436
9,65,19.14853576592351
9,66,21.715998471292867
9,67,19.873861502583374
9,68,16.65274729329114
9,69,18.99782637840703
9,70,20.809825341647958
9,71,17.879003617985784
9,72,16.756474527822462
9,73,20.419698952884502
9,74,20.571265199406497
9,75,23.502680977555556
9,76,25.2696154107833
9,77,25.489355734187228
9,78,28.578001460178804
9,79,29.733967611695928
9,80,33.007858507682485
10,1,14.108788450883456
10,2,12.579328804279251
10,3,10.507486525586865
10,4,9.346802801858862
10,5,8.556740310477558
10,6,5.805641614728083
10,7,4.774750087313746
10,8,5.5349639109771545
10,9,3.805172844958998
10,11,3.815810795591941
10,12,5.592142710817116
10,13,7.890099038763668
10,14,10.87438884053093
10,15,11.712202713214685
10,16,13.3823697155687
10,17,15.096156370184215
10,18,16.667135303457947
10,19,17.854390130728287
10,20,19.258969495518514
10,21,21.001336225988837
10,22,22.752945822180855
10,23,23.744297508450327
10,24,25.213077850536916
10,25,27.246302807227828
10,26,28.370373410748588
10,27,29.343813848407894
10,28,31.196178928046766
10,29,33.2772350473473
10,30,34.15462056677648
10,31,35.22577679073442
10,32,37.13450171815864
10,33,39.19561156647841
10,34,40.323347284785264
10,35,41.47301384095107
10,36,43.286700402267776
10,37,45.79237370530524
10,38,44.933305591901366
10,39,43.70976251841395
10,40,44.55171799919176
10,41,47.23967105700591
10,42,46.035269534818234
10,43,42.71188161974437
10,44,42.77801163174881
10,45,43.24687272703715
10,46,39.989536732262515
10,47,38.36194198740206
10,48,39.83559521462602
10,49,38.68968684635857
10,50,35.01344104303999
10,51,35.01777584184287
10,52,36.73360880127315
10,53,33.98331413555105
10,54,31.11547489129965
10,55,32.74552251036758
10,56,29.704733097030932
10,57,27.02860256762042
10,58,27.769100215123988
10,59,28.137771981486438
10,60,24.813961849132287
10,61,22.93042227709199
10,62,24.711213157596635
10,63,23.85245982135828
10,64,20.08886667691053
10,65,20.386039040889166
10,66,22.429516597201097
10,67,20.114211028555268
10,68,17.061557509921116
10,69,19.35867656216407
10,70,20.559981550272237
10,71,17.222025238771284
10,72,16.28907309958673
10,73,19.728846212372705
10,74,19.272594422328794
10,75,22.389583436322397
10,76,23.815058440838325
10,77,24.271707933367644
10,78,27.306605445359693
10,79,28.67721330604009
10,80,32.15923028431378
11,1,15.451694389782999
11,2,14.732223619078358
11,3,12.406696959738229
11,4,10.225365930931197
11,5,9.991161165410102
11,6,8.334051679196055
11,7,5.663694389562859
11,8,5.402806413072077
11,9,5.580197302863831
11,10,3.815810795591941
11,12,3.8208307554615315
11,13,5.542717800408013
11,14,9.023294467045458
11,15,10.454606852940607
11,16,12.911042951522026
11,17,13.908523788296593
11,18,14.999636226714113
11,19,16.882821633223305
11,20,18.446384329244314
11,21,19.53392645731069
11,22,21.403430347162384
11,23,22.928949381031465
11,24,24.127019966461436
11,25,25.819544413287264
11,26,27.344083273262527
11,27,28.522916860162987
11,28,29.98573709670859
11,29,32.058234591653786
11,30,33.33908193449899
11,31,34.38395834349317
11,32,35.95455545017389
11,33,38.13103673768763
11,34,39.55099445357598
11,35,40.52066539727882
11,36,42.08147342176471
11,37,44.73343735458576
11,38,43.686021587053695
11,39,42.18617891681433
11,40,42.92188686587733
11,41,45.46233839585127
11,42,44.10396882852639
11,43,40.75735817651548
11,44,40.54132160226507
11,45,41.0759027284375
11,46,37.98190146168637
11,47,36.112852014803345
11,48,37.41442527524594
11,49,36.47602217322687
11,50,32.79617830153897
11,51,32.46580756549478
11,52,34.18991522283808
11,53,31.638867830268634
11,54,28.599490379363168
11,55,29.923069350501397
11,56,26.713072892602774
11,57,24.28331266128911
11,58,24.996507827139503
11,59,25.018058448757387
11,60,21.63308424773702
11,61,20.008456096137444
11,62,21.63551522578853
11,63,20.454902654909578
11,64,16.74428645385805
11,65,17.33819248588959
11,66,19.15547260172878
11,67,16.59020028194854
11,68,13.785415802267273
11,69,16.372241407535714
11,70,17.283291923904944
11,71,13.878241058354169
11,72,13.488582604448299
11,73,17.001284988861627
11,74,16.338071660754043
11,75,19.180650654354956
11,76,20.4577655731029
11,77,20.657014983212434
11,78,23.633182561288795
11,79,24.911549722925308
11,80,28.36844734318008
12,1,16.30066544409945
12,2,15.895433107646872
12,3,14.36456302937713
12,4,11.951604955671003
12,5,10.565199110931877
12,6,9.61602055731814
12,7,7.957230883215865
12,8,5.753010286008683
12,9,5.009102567370495
12,10,5.592142710817116
12,11,3.8208307554615315
12,13,3.7949789289606266
12,14,6.02026728509169
12,15,8.270191853774218
12,16,10.119776317480904
12,17,10.644670048865894
12,18,12.347942454623828
12,19,14.34071211093737
12,20,15.342721689257335
12,21,16.475948893613086
12,22,18.724030895542814
12,23,20.01340268119744
12,24,20.912366797226586
12,25,22.872826220869154
12,26,24.511632519121157
12,27,25.3749549119674
12,28,26.78445511985902
12,29,29.089114104469704
12,30,30.30124494482729
12,31,31.10620946689301
12,32,32.753408155742484
12,33,35.08489073690953
12,34,36.36672564209154
12,35,37.19484821458832
12,36,38.8801860258264
12,37,41.617170819787425
12,38,40.75386450874982
12,39,39.34576046125967
12,40,40.32256135788968
12,41,42.786734561988176
12,42,41.40974647192175
12,43,38.183887528954386
12,44,38.03453522221597
12,45,38.319119521772244
12,46,35.14644836670792
12,47,33.50843097643491
12,48,34.73711368083013
12,49,33.53283486893191
12,50,29.90724421503089
12,51,29.816399048115656
12,52,31.357918755839933
12,53,28.59463245366679
12,54,25.758108290917026
12,55,27.4013422279497
12,56,24.429998521967953
12,57,21.83012723004134
12,58,22.92577027739555
12,59,23.287339490855285
12,60,19.82328789764184
12,61,18.227705091699548
12,62,20.428952572557595
12,63,19.468208028357115
12,64,15.738804521670712
12,65,16.668793972086178
12,66,19.042840571250508
12,67,16.69987762373671
12,68,14.07329426738269
12,69,17.106769287047676
12,70,18.3894032274414
12,71,15.340621232723713
12,72,15.271267479709877
12,73,18.993281033910954
12,74,18.639737544053695
12,75,21.074214471814113
12,76,22.348457825110074
12,77,21.988093614890424
12,78,24.758396456567763
12,79,25.53426244027794
12,80,28.804431049930525
13,1,14.854210958064272
13,2,15.333181384536486
13,3,13.99471298426099
13,4,10.845118687384323
13,5,9.699208634083213
13,6,10.070333622603682
13,7,7.995536846276692
13,8,4.879816091026523
13,9,6.445817112913514
13,10,7.890099038763668
13,11,5.542717800408013
13,12,3.7949789289606266
13,14,3.8428376388686756
13,15,5.309725576432505
13,16,8.236319141378289
13,17,8.81477453986846
13,18,9.48208332318996
13,19,11.634097331727697
13,20,13.313707741083523
13,21,14.112847974319662
13,22,15.92785801326817
13,23,17.672690067582117
13,24,18.832681879296768
13,25,20.33458205910265
13,26,21.950152618709733
13,27,23.26768054874074
13,28,24.61680777594087
13,29,26.600708941979146
13,30,28.02731658315528
13,31,29.14431497598597
13,32,30.57180229689828
13,33,32.71524246776898
13,34,34.27485245723964
13,35,35.25000232512883
13,36,36.68159239383762
13,37,39.32528965095134
13,38,38.197542599895606
13,39,36.65404275997827
13,40,37.3855093937216
13,41,39.92346317145625
13,42,38.58495605058818
13,43,35.23836634074802
13,44,35.0978191739807
13,45,35.64465913938223
13,46,32.508330166954465
13,47,30.680954067139396
13,48,32.11081604983401
13,49,31.16940706879942
13,50,27.45421643666921
13,51,27.27279978859289
13,52,29.153383171990427
13,53,26.6071645505275
13,54,23.540119124988426
13,55,25.034716226384976
13,56,21.968142396486844
13,57,19.226617184179865
13,58,19.880147063184182
13,59,20.335251355077844
13,60,17.08167325390663
13,61,15.074614028136265
13,62,17.08474241938396
13,63,16.471174367152532
13,64,12.688385062439462
13,65,13.15953607675734
13,66,15.740651232234695
13,67,13.814659340241999
13,68,10.905728981436662
13,69,13.839398514243273
13,70,15.586768576258585
13,71,12.971387064195815
13,72,12.663777110821652
13,73,16.47378796350112
13,74,16.711569500673793
13,75,18.966639357434932
13,76,20.687673863491124
13,77,20.336541251812857
13,78,23.307227602051594
13,79,24.16698954899223
13,80,27.215264234177333
14,1,16.546120253503744
14,2,17.37678985689815
14,3,16.733576694614754
14,4,13.594946811408958
14,5,11.703685113530986
14,6,12.654050968737069
14,7,11.342207175830575
14,8,7.737537744792061
14,9,8.532822142939054
14,10,10.87438884053093
14,11,9.023294467045458
14,12,6.02026728509169
14,13,3.8428376388686756
14,15,3.8060978573794113
14,16,5.711472571407901
14,17,5.133738272672831
14,18,6.39248355419999
14,19,8.868531708256064
14,20,9.892879236748232
14,21,10.562116133618638
14,22,12.817164601277492
14,23,14.409333838076593
14,24,15.2151842437529
14,25,16.922388494081897
14,26,18.711268565749148
14,27,19.762379136020016
14,28,21.00558589606745
14,29,23.19735154140969
14,30,24.619552966544845
14,31,25.52693354924913
14,32,26.974170219069016
14,33,29.263669764506368
14,34,30.745362537941894
14,35,31.584956147594124
14,36,33.08946698694935
14,37,35.817701757264494
14,38,34.83226432982656
14,39,33.35366147404975
14,40,34.30815775205209
14,41,36.76951257479739
14,42,35.4149727736846
14,43,32.182346732773944
14,44,32.118900127467235
14,45,32.434292514587895
14,46,29.21396284473207
14,47,27.61584908210833
14,48,29.008299800489247
14,49,27.81664641754445
14,50,24.140757186227194
14,51,24.23518279587814
14,52,25.985266757848535
14,53,23.24238287389271
14,54,20.366083054716672
14,55,22.22321427574513
14,56,19.462338759082254
14,57,16.4707035461707
14,58,17.497109072963877
14,59,18.42769404331672
14,60,15.213937455921446
14,61,13.171819959163061
14,62,15.846129051115602
14,63,15.63851253846545
14,64,12.046270500255133
14,65,12.80474795295551
14,66,15.947947853581509
14,67,14.493200352441454
14,68,12.024185777419694
14,69,15.144571829763313
14,70,17.203598266313286
14,71,15.16094264539855
14,72,15.156793833788255
14,73,18.905633504190128
14,74,19.430847845708332
14,75,21.221683186614975
14,76,22.916312679845678
14,77,22.07122565798824
14,78,24.779723024932157
14,79,25.146829503145582
14,80,27.89901588575595
15,1,13.62912155831105
15,2,15.051434521597518
15,3,14.933889690940765
15,4,11.675266730380951
15,5,9.632846801263012
15,6,11.645272292460604
15,7,10.791816806583038
15,8,7.0760739423221395
15,9,8.792896785491724
15,10,11.712202713214685
15,11,10.454606852940607
15,12,8.270191853774218
15,13,5.309725576432505
15,14,3.8060978573794113
15,16,3.811216133877535
15,17,5.331964097071703
15,18,5.2786408053953116
15,19,6.462961788046085
15,20,8.690315789347663
15,21,9.959282299079483
15,22,11.157475594583754
15,23,12.70996416252122
15,24,14.41540710193561
15,25,15.86530543073734
15,26,17.021808249926337
15,27,18.532769328950604
15,28,20.222073729864253
15,29,21.923756865578802
15,30,23.148002254141552
15,31,24.565694031055774
15,32,26.115251045089362
15,33,27.98285711674749
15,34,29.516633984734582
15,35,30.785171095222985
15,36,32.22775472898095
15,37,34.65114872367746
15,38,33.503673817471956
15,39,32.15174238190038
15,40,32.86360892283704
15,41,35.60210265064396
15,42,34.47973264384362
15,43,31.105683725440933
15,44,31.371310234255503
15,45,31.994412309668427
15,46,28.669097259036242
15,47,27.079716717545043
15,48,28.93519821959543
15,49,27.90473102647705
15,50,24.15879924091308
15,51,24.48733288088732
15,52,26.658085996623086
15,53,24.053710722376337
15,54,21.122160957902512
15,55,23.03011481579424
15,56,20.373419329998423
15,57,17.062672263638227
15,58,17.39868168491513
15,59,18.771011866927456
15,60,16.057266626728083
15,61,13.246827382724055
15,62,15.576656714521697
15,63,16.149915642260694
15,64,12.649739636472544
15,65,12.269275886465282
15,66,15.656284286314806
15,67,14.945424518899603
15,68,11.948640123998238
15,69,14.341899185650353
15,70,17.07121944766033
15,71,15.44869890215977
15,72,14.601795348706874
15,73,18.277796777260203
15,74,19.492832808260804
15,75,21.455797278279697
15,76,23.70181411373364
15,77,23.257757577769524
15,78,26.25960290420457
15,79,26.94286529867818
15,80,29.55348617858993
16,1,14.633806154721876
16,2,15.88595474448613
16,3,16.530064805991586
16,4,13.788914693581944
16,5,10.907476596510074
16,6,12.945652441003084
16,7,13.095157533073465
16,8,9.38482262664386
16,9,9.876757898908883
16,10,13.3823697155687
16,11,12.911042951522026
16,12,10.119776317480904
16,13,8.236319141378289
16,14,5.711472571407901
16,15,3.811216133877535
16,17,3.803110065224647
16,18,5.45558280288404
16,19,5.01774717586808
16,20,6.039904938115217
16,21,8.536600143850666
16,22,9.921074660793236
16,23,10.374952762326004
16,24,12.153845518511119
16,25,14.302180787763577
16,26,15.073457470511228
16,27,16.029646301391978
16,28,18.12115220039473
16,29,20.039476983829527
16,30,20.777967210643002
16,31,22.019051358909458
16,32,23.975682932697335
16,33,25.864072177546756
16,34,27.006449040268528
16,35,28.332371477144942
16,36,30.111461366403987
16,37,32.471427604095425
16,38,31.658619102528245
16,39,30.653890613375562
16,40,31.689699127462795
16,41,34.474486629871116
16,42,33.48811097729596
16,43,30.281139235791464
16,44,30.880361151428488
16,45,31.207851984526236
16,46,27.68854777893064
16,47,26.583315822891958
16,48,28.522054322077267
16,49,27.071067861062577
16,50,23.443606406918025
16,51,24.344871020970935
16,52,26.31530040718317
16,53,23.39682801889206
16,54,20.90605069191996
16,55,23.352296276799954
16,56,21.19170118912375
16,57,17.63796672093183
16,58,18.32769849561323
16,59,20.278646190956966
16,60,17.73984658420978
16,61,14.958042583140259
16,62,17.73874706176536
16,63,18.679659915232314
16,64,15.432310781267882
16,65,15.176756552190026
16,66,18.789994092566214
16,67,18.32690917025404
16,68,15.547976957932438
16,69,17.89982219557912
16,70,20.739021054146164
16,71,19.227516593312703
16,72,18.382059073645777
16,73,22.028931086457586
16,74,23.3033535044074
16,75,25.235502191786452
16,76,27.439756775070055
16,77,26.843989035849592
16,78,29.715146410607286
16,79,30.15625971513567
16,80,32.66883834647101
17,1,18.17561101103528
17,2,19.438856030539256
17,3,19.717319849003545
17,4,16.740490970373415
17,5,14.182831511669324
17,6,15.847652975594386
17,7,15.411549551656416
17,8,11.612881975474744
17,9,12.008160046615144
17,10,15.096156370184215
17,11,13.908523788296593
17,12,10.644670048865894
17,13,8.81477453986846
17,14,5.133738272672831
17,15,5.331964097071703
17,16,3.803110065224647
17,18,3.823970981461376
17,19,5.385893622538105
17,20,4.950810832527856
17,21,6.09841841108943
17,22,8.727284839622552
17,23,9.65280080552818
17,24,10.273019900192496
17,25,12.445209729187093
17,26,14.090133497387363
17,27,14.767133456264853
17,28,16.1862560847835
17,29,18.52933528268182
17,30,19.71264906230257
17,31,20.502943237448278
17,32,22.151459480226748
17,33,24.45931979871089
17,34,25.748089046513375
17,35,26.61872993251441
17,36,28.293878470945554
17,37,30.97961902329238
17,38,30.202735992759184
17,39,28.968561261355692
17,40,30.19498257346095
17,41,32.691381137130634
17,42,31.465669227194986
17,43,28.37416826953012
17,44,28.66144686634614
17,45,28.733517822505444
17,46,25.305416236945785
17,47,24.171382745500267
17,48,25.752016992681877
17,49,24.184898584698647
17,50,20.584656198343488
17,51,21.350097324210633
17,52,23.0533141434766
17,53,20.040534768348675
17,54,17.581561956993777
17,55,20.0926831465043
17,56,18.01124308575243
17,57,14.553283725612884
17,58,15.809563377989038
17,59,17.699736586661775
17,60,14.999323998289736
17,61,12.692774455106132
17,62,15.944768222304209
17,63,16.661569276777925
17,64,13.653831782657422
17,65,14.15955606553801
17,66,17.80209799751955
17,67,17.23445737978952
17,68,15.1067795022304
17,69,17.905582808271213
17,70,20.44500947882289
17,71,19.098345008918898
17,72,18.978095787687035
17,73,22.57511182216202
17,74,23.602839496377943
17,75,25.07257850627806
17,76,26.94146134714179
17,77,25.829853651469108
17,78,28.35932186934751
17,79,28.353367502934393
17,80,30.69259706816449
18,1,17.855543732584835
18,2,19.77095033979381
18,3,19.969460314708357
18,4,16.630006663749057
18,5,14.652157557492627
18,6,16.890889581036298
18,7,16.000144401145572
18,8,12.310810177911161
18,9,13.777822060679306
18,10,16.667135303457947
18,11,14.999636226714113
18,12,12.347942454623828
18,13,9.48208332318996
18,14,6.39248355419999
18,15,5.2786408053953116
18,16,5.45558280288404
18,17,3.823970981461376
18,19,3.800541562007826
18,20,5.401808995904819
18,21,5.019167496120346
18,22,6.5312237000544755
18,23,8.808954475383093
18,24,9.874288438180505
18,25,10.897952449712797
18,26,12.644533245897208
18,27,14.244307369188498
18,28,15.404114300118827
18,29,17.161858155351982
18,30,18.81965259726098
18,31,20.105447640472775
18,32,21.290680287192124
18,33,23.321255089073286
18,34,25.103347008267697
18,35,26.13993592031781
18,36,27.363191978242874
18,37,29.941829993019326
18,38,28.72203180658555
18,39,27.19914745240755
18,40,28.015982341173
18,41,30.59595108545987
18,42,29.369960446742763
18,43,26.063554320763096
18,44,26.261723638549697
18,45,26.756992324280407
18,46,23.43355109641788
18,47,21.89772907343681
18,48,23.72441680800971
18,49,22.637531185993215
18,50,18.894590915390957
18,51,19.36773074724913
18,52,21.576124192791486
18,53,18.995487752928312
18,54,16.12428530892015
18,55,18.247346310589133
18,56,15.958721000405415
18,57,12.383471368752648
18,58,12.8855520863251
18,59,14.872266031881294
18,60,12.542583821706362
18,61,9.643998533013065
18,62,12.627681983805221
18,63,13.863211099587943
18,64,11.07256491770746
18,65,10.96495158254682
18,66,14.740637040281454
18,67,14.792882778586009
18,68,12.746294844992496
18,69,15.15682593694302
18,70,17.98016751386794
18,71,17.236408949085487
18,72,17.016226481254506
18,73,20.363980206669353
18,74,21.819025659220973
18,75,22.99708448076149
18,76,25.137980878741516
18,77,24.069899149774027
18,78,26.678067259668207
18,79,26.778668811222932
18,80,28.868937338093378
19,1,16.528015480287262
19,2,18.68562732000646
19,3,19.593567312071006
19,4,16.571081442302418
19,5,14.20205166662053
19,6,16.938658246759132
19,7,16.78851809342283
19,8,13.181996895519966
19,9,14.513677325379483
19,10,17.854390130728287
19,11,16.882821633223305
19,12,14.34071211093737
19,13,11.634097331727697
19,14,8.868531708256064
19,15,6.462961788046085
19,16,5.01774717586808
19,17,5.385893622538105
19,18,3.800541562007826
19,20,3.8056297950861255
19,21,5.385199453057254
19,22,5.21731354390237
19,23,6.4091981402419425
19,24,8.787823783034959
19,25,10.046218276038742
19,26,10.64624861357742
19,27,12.378020840830544
19,28,14.35474016884116
19,29,15.725919106154246
19,30,16.78901397566396
19,31,18.490163691291794
19,32,20.08498814054583
19,33,21.692382801411174
19,34,23.23609326951623
19,35,24.739815109723487
19,36,26.149010411520962
19,37,28.380612883709336
19,38,27.245207422837325
19,39,26.101906586161448
19,40,26.905581831095976
19,41,29.783618780928606
19,42,28.880255472867898
19,43,25.57347700519686
19,44,26.315899790999822
19,45,26.892240225521004
19,46,23.373201745460033
19,47,22.20555198153441
19,48,24.482476670941075
19,49,23.271084948140057
19,50,19.626048332091724
19,51,20.681407902458712
19,52,23.048070645838617
19,53,20.4324109350379
19,54,17.90810311291668
19,55,20.329713754125898
19,56,18.482926234824134
19,57,14.724757821694544
19,58,14.83170145871029
19,59,17.374003666131397
19,60,15.590061955333388
19,61,12.37730719252732
19,62,15.03996804148142
19,63,16.88517047665154
19,64,14.304892558873375
19,65,13.464899325251256
19,66,17.26351792386559
19,67,17.779982892984034
19,68,15.4070730720412
19,69,17.24168652748057
19,70,20.455309905277012
19,71,19.855331850009286
19,72,19.021644822200408
19,73,22.298467673609405
19,74,24.143604878104373
19,75,25.550517450719322
19,76,28.00463408347712
19,77,27.23160184935735
19,78,30.005949178557948
19,79,30.28307924072356
19,80,32.3204701321076
20,1,19.412988668496354
20,2,21.166158504488696
20,3,22.195530243204466
20,4,19.387251786704187
20,5,16.615470197197396
20,6,18.92918826242003
20,7,19.03854682411027
20,8,15.29771057094924
20,9,15.81730211671107
20,10,19.258969495518514
20,11,18.446384329244314
20,12,15.342721689257335
20,13,13.313707741083523
20,14,9.892879236748232
20,15,8.690315789347663
20,16,6.039904938115217
20,17,4.950810832527856
20,18,5.401808995904819
20,19,3.8056297950861255
20,21,3.803303264193038
20,22,5.285412154900963
20,23,4.841176185462418
20,24,6.131911112880793
20,25,8.633376181844797
20,26,9.518015380757975
20,27,10.113124213935356
20,28,12.1004571276031
20,29,14.197281243719607
20,30,14.993544735715355
20,31,16.054886484142216
20,32,17.954389676446464
20,33,19.973751927197313
20,34,21.135909039787922
20,35,22.330971108126686
20,36,24.095989902386606
20,37,26.538109179438173
20,38,25.837275130000773
20,39,24.90827497662558
20,40,26.22922266879248
20,41,28.910075888197124
20,42,27.952424553004022
20,43,24.9332628805875
20,44,25.743303236630265
20,45,25.790341155813767
20,46,22.158261043632816
20,47,21.48607807199043
20,48,23.501728861091287
20,49,21.74896685471873
20,50,18.27915981760347
20,51,19.784017693891922
20,52,21.665765387926143
20,53,18.64986836651491
20,54,16.6472368483829
20,55,19.59069386146904
20,56,18.238600119470867
20,57,14.489377359469994
20,58,15.407101186324105
20,59,18.181472341553107
20,60,16.330774118100393
20,61,13.682800279646385
20,62,16.878295350493318
20,63,18.544281607520468
20,64,16.157000226347048
20,65,16.0258389993519
20,66,19.835167913464225
20,67,20.130392870333033
20,68,18.12282601386055
20,69,20.352218084774325
20,70,23.322501733206717
20,71,22.57932690081371
20,72,22.137879866601253
20,73,25.512356505585114
20,74,27.072557756391053
20,75,28.36799044890497
20,76,30.531092139079654
20,77,29.42129922664702
20,78,31.935544737217395
20,79,31.83648889175875
20,80,33.81864026238641
21,1,21.80685652608294
21,2,23.787716435375305
21,3,24.430701298087982
21,4,21.277096293215777
21,5,18.952227388909485
21,6,21.236119994808078
21,7,20.732996342543657
21,8,16.971183904740112
21,9,17.899316935931996
21,10,21.001336225988837
21,11,19.53392645731069
21,12,16.475948893613086
21,13,14.112847974319662
21,14,10.562116133618638
21,15,9.959282299079483
21,16,8.536600143850666
21,17,6.09841841108943
21,18,5.019167496120346
21,19,5.385199453057254
21,20,3.803303264193038
21,22,3.794366666942204
21,23,5.403238914127859
21,24,5.054395050557003
21,25,6.431499945313681
21,26,8.708199599925816
21,27,9.704612032229745
21,28,10.524940504442547
21,29,12.69599176205193
21,30,14.405441679590302
21,31,15.30196887100534
21,32,16.467909643725434
21,33,18.762892377767265
21,34,20.444374148629258
21,35,21.24891537918696
21,36,22.569863271691233
21,37,25.289806482042877
21,38,24.311952130330194
21,39,22.92299116753565
21,40,24.16034186605844
21,41,26.598765360051118
21,42,25.377720149144153
21,43,22.315067722514055
21,44,22.725966126075043
21,45,22.78757694393158
21,46,19.294129750040412
21,47,18.300872328211888
21,48,20.115367442424464
21,49,18.54241439346298
21,50,14.94288938433302
21,51,16.144592661484097
21,52,18.106797967171406
21,53,15.241489192289935
21,54,12.975498688056884
21,55,15.81054185969656
21,56,14.479011177345335
21,57,10.72263027818
21,58,11.799338486214923
21,59,14.648387946161762
21,60,12.9943553281294
21,61,10.605982355954835
21,62,13.986166884555566
21,63,15.72749718450795
21,64,13.85283103065951
21,65,14.053720333189865
21,66,17.756937869570425
21,67,18.274312956536978
21,68,16.8995182764651
21,69,19.188875562358504
21,70,21.957344885667837
21,71,21.621312247440557
21,72,21.66589730990479
21,73,24.82302690954471
21,74,26.348311784957456
21,75,27.152150998787487
21,76,29.147096347534053
21,77,27.687338164373227
21,78,29.932003727893186
21,79,29.536241660035635
21,80,31.222816467490052
22,1,21.169996996589365
22,2,23.628873057776985
22,3,24.58567903443027
22,4,21.45021054691192
22,5,19.315555112142512
22,6,22.113812400788913
22,7,21.740273699053194
22,8,18.130003359160824
22,9,19.534126262455153
22,10,22.752945822180855
22,11,21.403430347162384
