1,2,3.8236979045929615
1,3,6.591975684618884
1,4,9.432399295655866
1,5,12.141061759448014
1,6,15.178784377053068
1,7,17.388585985828403
1,8,20.564719363713742
1,9,20.188210709516248
1,10,20.579885091575754
1,11,23.8576444937117
1,12,25.307568973950797
1,13,25.809197464599013
1,14,27.132144461059795
1,15,27.834819448576166
1,16,27.484151303914892
1,17,29.853500895663608
1,18,31.425077734096316
1,19,30.017629331205537
1,20,33.19761400134132
1,21,31.33538104137433
1,22,31.206833804368976
1,23,27.826636749927964
1,24,26.85437714706072
1,25,25.08286007451691
1,26,24.095229806705056
1,27,22.489854977789395
1,28,21.095923028184238
1,29,21.046051630512455
1,30,18.70893769118287
1,31,20.177012714495262
1,32,17.47371377643337
1,33,14.817141877570219
1,34,12.675961909378074
1,35,10.414653358514013
1,36,8.903572826881897
1,37,8.930422476191895
1,38,12.624027216886988
1,39,13.994466433306172
1,40,16.9750558621264
1,41,19.55326546114409
1,42,23.28505680602827
1,43,26.22296502911783
1,44,29.815843771164673
1,45,32.28010655301273
1,46,33.4567296025524
1,47,30.48555888034952
1,48,27.748569922224448
1,49,25.920679060635745
1,50,25.28899447092661
1,51,22.62835106566247
1,52,24.412195036687663
1,53,22.00541026319513
1,54,21.61391511932964
1,55,19.20051550208905
1,56,20.224233950914115
1,57,17.171315549397022
1,58,14.660826080468894
1,59,11.374423671547708
1,60,12.92843213763552
1,61,11.387584333021797
1,62,13.19073966644457
1,63,12.845529051906924
1,64,14.805715181760025
1,65,17.72857517337505
1,66,17.53237918658682
1,67,16.34492706578922
1,68,17.967821944412673
1,69,19.65723064336873
1,70,19.475208860223464
1,71,21.75493724116032
1,72,22.602328982378
1,73,25.56749646765415
1,74,27.277204926010373
1,75,30.147666281154017
1,76,33.65627212963073
1,77,34.79816386000984
1,78,33.623098616084434
1,79,29.86415203785209
1,80,27.737532514967192
1,81,24.494494380975652
1,82,22.02600274492759
1,83,19.27375943541382
1,84,18.49048411354561
1,85,22.014605012142226
1,86,23.300163199090434
1,87,25.553014121241347
1,88,28.027115185135116
1,89,30.44865347529044
1,90,30.68740998667746
1,91,33.74854208695761
1,92,33.14693475122981
1,93,36.270174756568814
2,1,3.8236979045929615
2,3,3.777922857192822
2,4,6.52727044670118
2,5,8.58407098493361
2,6,11.751495744960975
2,7,14.160654751230659
2,8,17.135539366141728
2,9,16.492488671439997
2,10,16.96234303804151
2,11,20.263950416052516
2,12,21.904097217423498
2,13,22.436474214988205
2,14,24.030113534142473
2,15,24.823113159771925
2,16,24.844616898800776
2,17,27.378513498380126
2,18,29.29557097075018
2,19,28.087325021074516
2,20,31.469915671557047
2,21,29.98693922205111
2,22,29.89202647595005
2,23,26.330787692788597
2,24,24.9119992687107
2,25,22.86010324936496
2,26,21.42189814230922
2,27,19.4986238993067
2,28,17.765092684694753
2,29,17.446620063810148
2,30,14.948464897304705
2,31,16.356596560950905
2,32,13.709087274968025
2,33,11.227192360655554
2,34,9.119056893036637
2,35,7.001345005561983
2,36,5.137143362360857
2,37,5.928520855558533
2,38,9.671745480439537
2,39,11.509763688417348
2,40,14.733075377216533
2,41,17.737743099828485
2,42,21.486618520171998
2,43,24.59146115309286
2,44,28.246845906296386
2,45,30.46667440419587
2,46,31.862833387398968
2,47,29.18596270810119
2,48,26.26460481413348
2,49,24.903309439303975
2,50,24.468619096045803
2,51,21.61825200871391
2,52,23.364240704961748
2,53,20.734053765799157
2,54,20.800491438515888
2,55,18.219036911861995
2,56,19.39824398032158
2,57,16.042076312185802
2,58,14.056953963125775
2,59,10.444298069823946
2,60,10.887264881339028
2,61,8.637046708617138
2,62,9.861925113897628
2,63,9.927690193705018
2,64,11.85302243800573
2,65,14.88322528834127
2,66,14.704159090780646
2,67,13.50712983802717
2,68,14.931548910321705
2,69,17.10180029611414
2,70,17.23754441919976
2,71,19.987302031043765
2,72,21.117677755545234
2,73,24.33564877821063
2,74,25.916534500464493
2,75,29.00186730197462
2,76,32.31330341419998
2,77,33.1734634009943
2,78,31.696313091260254
2,79,27.912879855986564
2,80,25.484075923403044
2,81,22.129387283761844
2,82,19.445253689605124
2,83,16.382978643213825
2,84,15.51524187051703
2,85,18.986102847401128
2,86,20.114098708718597
2,87,22.62927231972376
2,88,25.192710127292816
2,89,27.886235287800208
2,90,28.387434130415855
2,91,31.658108715753002
2,92,31.388188871509428
2,93,34.66588637404998
3,1,6.591975684618884
3,2,3.777922857192822
3,4,3.7940973879440616
3,5,6.250436482483666
3,6,8.726597656294777
3,7,11.234286792933544
3,8,14.206139769629223
3,9,14.158043241766645
3,10,15.15154999090553
3,11,18.752770911476308
3,12,20.847506003580047
3,13,21.936578324885268
3,14,23.68392757626979
3,15,24.08494667416363
3,16,24.313409686923535
3,17,27.225919636442452
3,18,29.431004981052524
3,19,28.69965712309711
3,20,32.219885912060015
3,21,30.965895378246632
3,22,30.51542553052559
3,23,26.8377547597775
3,24,25.032730609075045
3,25,23.14606828621721
3,26,21.361492998406604
3,27,19.46891866830091
3,28,17.18055392205486
3,29,16.77279573438244
3,30,13.846775172028538
3,31,14.915320845592811
3,32,11.9187933795456
3,33,9.814034996911177
3,34,8.987337483698981
3,35,7.922705696746595
3,36,5.190909547979379
3,37,6.043451091869908
3,38,8.939419421545749
3,39,9.916644818420838
3,40,13.562647254807167
3,41,16.40973205831274
3,42,20.13775476780738
3,43,22.98446205380539
3,44,26.731320274451406
3,45,28.60587730216417
3,46,29.783072400178938
3,47,27.24276850069277
3,48,24.053120132244675
3,49,22.806547793658087
3,50,22.89796123001906
3,51,20.32454048533463
3,52,22.506177533301035
3,53,20.200618110074892
3,54,20.934252314712474
3,55,18.780592048468005
3,56,20.576027341575426
3,57,17.3765219619402
3,58,15.326481909111854
3,59,12.027855472223083
3,60,11.98035860183079
3,61,9.839746312535585
3,62,10.57981941049169
3,63,11.589838501252489
3,64,13.18093562082294
3,65,16.335668647276908
3,66,16.153073574250357
3,67,14.702315585270762
3,68,15.332056186433867
3,69,17.82667503995043
3,70,17.69636880663204
3,71,20.615527048543647
3,72,21.407635894931495
3,73,24.507380090728706
3,74,25.563436428063923
3,75,28.50603823400986
3,76,31.69337499785038
3,77,32.153753515364414
3,78,30.3497592988819
3,79,26.554542193700357
3,80,23.83804716674969
3,81,20.720121984492433
3,82,17.621629853423737
3,83,14.715986968920104
3,84,13.089661305487027
3,85,16.282139316216394
3,86,17.937792586353392
3,87,20.656324707617905
3,88,23.592676236419067
3,89,26.379766144048226
3,90,27.328447931920806
3,91,30.69188169216697
3,92,30.802381009192416
3,93,34.27552803412652
4,1,9.432399295655866
4,2,6.52727044670118
4,3,3.7940973879440616
4,5,3.8071957419570714
4,6,6.4314957347241855
4,7,7.99408811178525
4,8,11.383942596847229
4,9,11.67144848729973
4,10,12.23635022508862
4,11,15.83794177029321
4,12,17.84622702764016
4,13,19.34787392081463
4,14,20.863268670474323
4,15,20.878252952153545
4,16,21.040872368364365
4,17,24.13350115383596
4,18,26.439489421713326
4,19,26.05044393188153
4,20,29.621985170822857
4,21,28.54093230867878
4,22,27.82617598380225
4,23,24.098111902169013
4,24,22.04674562518958
4,25,20.35142540886252
4,26,18.474879157308113
4,27,16.866669644449562
4,28,14.477776019400109
4,29,14.558395028554619
4,30,11.884299409880562
4,31,13.479224262610277
4,32,11.021392107358103
4,33,10.141994285812205
4,34,9.740711108077589
4,35,9.016090053648519
4,36,5.409000637264535
4,37,4.65104623348845
4,38,6.042558007821998
4,39,6.31450991815286
4,40,10.05994336473365
4,41,12.911556280428687
4,42,16.577788023576865
4,43,19.425099839613402
4,44,23.171915337933957
4,45,24.936459693696797
4,46,26.22131049389213
4,47,23.832435363465713
4,48,20.61902822566866
4,49,19.685995565870357
4,50,19.821004814263716
4,51,17.168514368211856
4,52,19.341033248247236
4,53,17.07828589472415
4,54,18.26731993926083
4,55,16.363131465963736
4,56,18.567161121606407
4,57,15.574046470813135
4,58,13.712665860448366
4,59,10.882322688486319
4,60,10.29274194809128
4,61,8.790905812682459
4,62,9.736127174294824
4,63,11.929998452648721
4,64,13.977244210037671
4,65,16.589938148854355
4,66,15.7349433573318
4,67,13.6117429869496
4,68,13.33025430972398
4,69,15.699574434386843
4,70,15.154034466049547
4,71,18.075984658506012
4,72,18.61726501533582
4,73,21.634418654499548
4,74,22.383448783867607
4,75,25.306975243053994
4,76,28.35729465919432
4,77,28.620818001387466
4,78,26.683730761578026
4,79,22.897653734452994
4,80,20.09207510089474
4,81,17.027483746306185
4,82,13.85016523054655
4,83,11.044932827643708
4,84,9.376116157152667
4,85,12.695604748535922
4,86,14.344004130481547
4,87,16.931227750560858
4,88,19.90406558562342
4,89,22.653614392610866
4,90,23.71740324088283
4,91,27.104029221146902
4,92,27.390679267001307
4,93,30.948277642187893
5,1,12.141061759448014
5,2,8.58407098493361
5,3,6.250436482483666
5,4,3.8071957419570714
5,6,3.791228626848887
5,7,5.938607585274781
5,8,8.654222678583082
5,9,8.146774254998272
5,10,8.916299465529308
5,11,12.577119176957098
5,12,14.933210487704793
5,13,16.3642074957388
5,14,18.341768885216265
5,15,18.62829131495154
5,16,19.412775270523113
5,17,22.578018418315974
5,18,25.273721098686593
5,19,25.02892780486107
5,20,28.73761963851849
5,21,28.124994570983166
5,22,27.616891528441418
5,23,23.816072417878672
5,24,21.329302627457807
5,25,19.217304783606654
5,26,16.762062037502627
5,27,14.634904926308558
5,28,11.743604563442382
5,29,11.23091994907629
5,30,8.242459993481638
5,31,9.69862186374653
5,32,7.498333006858858
5,33,7.463388284315983
5,34,7.59465097892991
5,35,7.775881767512666
5,36,4.887296807825039
5,37,5.487579311345853
5,38,5.491369583036207
5,39,6.7645430531441075
5,40,10.156287257422843
5,41,13.447640053623275
5,42,16.82380532468263
5,43,19.826516632072344
5,44,23.4721566262848
5,45,24.903395131992784
5,46,26.522732279168192
5,47,24.59610724355282
5,48,21.31994884472631
5,49,21.057077545815265
5,50,21.31908119920368
5,51,18.5198485725289
5,52,20.370136302875935
5,53,17.851856013991593
5,54,19.347534075733815
5,55,17.228947643777328
5,56,19.231208441005805
5,57,16.063269177218135
5,58,15.068487855222333
5,59,12.227027823720773
5,60,10.406726101070557
5,61,8.266227490460494
5,62,7.817971699864387
5,63,10.456148391202008
5,64,12.041441932054616
5,65,14.405678377137507
5,66,13.679515411284623
5,67,11.825660789608442
5,68,11.23018564747393
5,69,14.202482169336264
5,70,14.304970644632734
5,71,17.683063789967555
5,72,18.712350497019123
5,73,21.949325109093056
5,74,22.663126120410276
5,75,25.809680935356905
5,76,28.536398127242354
5,77,28.526499358368383
5,78,26.293269265337027
5,79,22.587932873279822
5,80,19.469583137566975
5,81,16.288000340571006
5,82,12.972067379368037
5,83,9.651860534114908
5,84,7.97904923117122
5,85,11.005536045499651
5,86,12.160141594021061
5,87,15.233347696466717
5,88,18.22677097744155
5,89,21.3811237039511
5,90,22.737866096633915
5,91,26.340931213933256
5,92,26.998276460977536
5,93,30.623067064459057
6,1,15.178784377053068
6,2,11.751495744960975
6,3,8.726597656294777
6,4,6.4314957347241855
6,5,3.791228626848887
6,7,3.7997527496733206
6,8,5.585355318093791
6,9,6.064318063637951
6,10,8.18338026925187
6,11,11.968632309316808
6,12,14.991036564386789
6,13,16.94884069088457
6,14,19.190201511048247
6,15,19.1416714607043
6,16,20.347172807433438
6,17,23.775893370994464
6,18,26.76277557299647
6,19,26.98321055829582
6,20,30.731462282341678
6,21,30.42838202201163
6,22,29.695954058063904
6,23,25.902560066085112
6,24,23.08081315006448
6,25,21.11351235296241
6,26,18.317731514056998
6,27,16.201200121015976
6,28,12.81741850884202
6,29,11.913656969951688
6,30,8.614562091596405
6,31,8.96853230884763
6,32,6.598596083464016
6,33,7.625841746351229
6,34,9.422608339435335
6,35,10.56160501952736
6,36,8.36659130386099
6,37,9.227096164317029
6,38,8.512711706461369
6,39,8.63345025492679
6,40,11.726995488703839
6,41,14.529764218335373
6,42,17.531354347405873
6,43,20.097584192810352
6,44,23.67748208102578
6,45,24.555159339341877
6,46,25.954489260734565
6,47,24.37244770884582
6,48,20.853042309696168
6,49,20.92446108091811
6,50,21.821090602395262
6,51,19.440259355886376
6,52,21.58865471853921
6,53,19.484561298934437
6,54,21.54220623724358
6,55,19.846912035537436
6,56,22.152611097664487
6,57,19.211742218340966
6,58,18.294358081479768
6,59,15.755158659905826
6,60,13.808437359203287
6,61,11.847629035135443
6,62,10.853286027625396
6,63,13.47279000376222
6,64,14.36571460825865
6,65,16.70807334234938
6,66,16.289504741489942
6,67,14.680007669815586
6,68,13.582386619515116
6,69,16.692216805605813
6,70,16.75777648484181
6,71,20.12685540582858
6,72,20.918175154498595
6,73,23.939535323420852
6,74,24.13622978760578
6,75,27.07620780578798
6,76,29.532823013769452
6,77,29.04051918567511
6,78,26.421532274473606
6,79,22.844556034464915
6,80,19.405421592479968
6,81,16.66781332777855
6,82,12.998984420014624
6,83,10.124289768185275
6,84,7.352276763568516
6,85,9.250836279261089
6,86,11.073376297961776
6,87,14.519144706328184
6,88,17.901071647652074
6,89,21.194785063748615
6,90,23.139358496690654
6,91,26.79204016584346
6,92,27.936260444079267
6,93,31.679991950633255
7,1,17.388585985828403
7,2,14.160654751230659
7,3,11.234286792933544
7,4,7.99408811178525
7,5,5.938607585274781
7,6,3.7997527496733206
7,8,3.8351110864780504
7,9,5.767474204318693
7,10,6.814859580141509
7,11,10.354665327417349
7,12,13.145027939455009
7,13,15.757786261930343
7,14,17.506960018165294
7,15,16.79054989884792
7,16,17.816761406017765
7,17,21.43056302911368
7,18,24.433144560832872
7,19,25.08965678104235
7,20,28.78396187749657
7,21,28.608924624933643
7,22,27.523549603955924
7,23,23.794708669769445
7,24,20.80615063450935
7,25,19.252635644957774
7,26,16.515353014085758
7,27,14.99525976759087
7,28,11.714207737259384
7,29,11.698638790817432
7,30,9.258571475565695
7,31,10.356651211244513
7,32,9.223095499594253
7,33,11.083655728558425
7,34,12.565039675492205
7,35,13.410974794999909
7,36,10.78055298626787
7,37,10.41156624064529
7,38,8.36758460464797
7,39,7.23954372848877
7,40,9.510212634082555
7,41,11.792455746946931
7,42,14.389857046436076
7,43,16.728979541149272
7,44,20.21163122431818
7,45,20.882247606724885
7,46,22.323737795743934
7,47,20.950234270269103
7,48,17.45247727582584
7,49,17.92698479301353
7,50,18.935620836380114
7,51,16.681410784080565
7,52,18.793356344926742
7,53,16.97304544805679
7,54,19.502919331405202
7,55,18.293356611776076
7,56,20.952089450010945
7,57,18.471480534320833
7,58,17.691739509451935
7,59,15.853411467365534
7,60,13.815887508916306
7,61,12.793718427680012
7,62,12.316477813903022
7,63,15.551534745599097
7,64,16.939973047554464
7,65,18.72653751617873
7,66,17.640400633532625
7,67,15.423951049639065
7,68,13.443407628452503
7,69,16.043538958115114
7,70,15.503972574536622
7,71,18.57580717933338
7,72,18.914940682274935
7,73,21.625283575999045
7,74,21.36781624978297
7,75,24.124686712473768
7,76,26.378700174094185
7,77,25.63248519257313
7,78,22.870435292983455
7,79,19.3646746057635
7,80,15.834819310891541
7,81,13.367047484784981
7,82,9.589881213271012
7,83,7.268813648283465
7,84,3.916400798864767
7,85,5.50758474892183
7,86,7.7276556305323485
7,87,11.001768607690426
7,88,14.541520646100732
7,89,17.71408650453443
7,90,19.859819935819658
7,91,23.462475218685977
7,92,24.818168172752475
7,93,28.610744789091708
8,1,20.564719363713742
8,2,17.135539366141728
8,3,14.206139769629223
8,4,11.383942596847229
8,5,8.654222678583082
8,6,5.585355318093791
8,7,3.8351110864780504
8,9,3.8051835622415022
8,10,6.138333241909021
8,11,9.124394201888295
8,12,12.525216112766765
8,13,15.26397674573374
8,14,17.45672407926069
8,15,16.804393141129182
8,16,18.541540375007525
8,17,22.16579816780835
8,18,25.49408580577715
8,19,26.43439000427138
8,20,30.139981343195924
8,21,30.416900903034936
8,22,29.422173507238018
8,23,25.755976072691713
8,24,22.45502251591514
8,25,20.733815242762265
8,26,17.580130074589484
8,27,15.780751928908368
8,28,12.17348284300987
8,29,11.441141730327779
8,30,9.052122609583144
8,31,9.06247226205195
8,32,8.626309504140725
8,33,11.419588515373198
8,34,13.66407763295602
8,35,15.17393147517899
8,36,13.281466200841678
8,37,13.584763996759897
8,38,11.472931528663132
8,39,10.815600478660226
8,40,12.542928181117128
8,41,14.635423215954013
8,42,16.656818016376057
8,43,18.718001539073576
8,44,21.899371671617335
8,45,21.994919073838425
8,46,23.498077189035058
8,47,22.697128296371936
8,48,19.210964046129575
8,49,20.248918551333432
8,50,21.57178830711114
8,51,19.527521309418887
8,52,21.464983575406205
8,53,19.73669802768157
8,54,22.479886008684414
8,55,21.29613801892363
8,56,23.809553644027353
8,57,21.341391634915645
8,58,20.999184678216505
8,59,19.162468421268883
8,60,16.702659645765447
8,61,15.387964935201415
8,62,14.111541389720745
8,63,17.19253864766076
8,64,17.93255731589137
8,65,19.483035594216798
8,66,18.723847370345453
8,67,16.975007818393973
8,68,14.833037951095667
8,69,17.675194975354103
8,70,17.60843306553375
8,71,20.790591778616268
8,72,21.354266288482545
8,73,24.020426414756493
8,74,23.563768799758943
8,75,26.280543249904532
8,76,28.130749675832398
8,77,26.983357173226654
8,78,23.89441306274223
8,79,20.67716890456769
8,80,16.941734036567077
8,81,14.849356018932493
8,82,11.24914543238391
8,83,9.274458547640322
8,84,6.394373099775098
8,85,5.74991833052274
8,86,7.5036055603411995
8,87,11.143432133711432
8,88,14.654945012784363
8,89,18.074638097501513
8,90,20.70304495883789
8,91,24.35128733354821
8,92,26.186261007317096
8,93,29.973360094701402
9,1,20.188210709516248
9,2,16.492488671439997
9,3,14.158043241766645
9,4,11.67144848729973
9,5,8.146774254998272
9,6,6.064318063637951
9,7,5.767474204318693
9,8,3.8051835622415022
9,10,3.818835981112937
9,11,6.866097241951832
9,12,10.485154031495233
9,13,12.561264783245523
9,14,15.287863351346996
9,15,15.411347161862436
9,16,17.57642479833002
9,17,20.944463421602883
9,18,24.38955556720124
9,19,24.996370894212713
9,20,28.755566074198992
9,21,29.201265977968664
9,22,28.668197340379663
9,23,24.980508188123792
9,24,21.646240095068414
9,25,19.368866561574265
9,26,15.945466924955086
9,27,13.5051767579631
9,28,9.725269468569198
9,29,8.13760946785305
9,30,5.543556596364238
9,31,5.413883938650889
9,32,5.999881021833329
9,33,9.405050419054062
9,34,11.363320776360565
9,35,13.091339176992483
9,36,11.929855771041026
9,37,12.765075889869486
9,38,10.738615008264357
9,39,11.345754708902627
9,40,13.002429320336647
9,41,15.749341359384747
9,42,17.885301597653246
9,43,20.44392099502375
9,44,23.56943038823462
9,45,23.920607166854936
9,46,25.86467881997595
9,47,25.081023841669936
9,48,21.8014206574732
9,49,22.89044241629737
9,50,23.72501929099231
9,51,21.225558665763867
9,52,22.685192026822786
9,53,20.405428391570396
9,54,22.772734183748742
9,55,21.04293637751163
9,56,23.044600328862046
9,57,20.28178318630347
9,58,20.458338273837374
9,59,18.356140078664634
9,60,15.405159725402514
9,61,13.638575668915626
9,62,11.635339223384824
9,63,14.54257019368933
9,64,14.97559361957147
9,65,16.17208897678967
9,66,15.55271236341139
9,67,14.22537710366779
9,68,12.290669430206167
9,69,15.497284292897412
9,70,16.18904817747994
9,71,19.678260835075253
9,72,20.903386074930182
9,73,23.91708401096502
9,74,23.955876784083753
9,75,27.02877738627929
9,76,28.859582005593893
9,77,27.95978427197811
9,78,25.015380426042327
9,79,21.8007817707425
9,80,18.167110792944307
9,81,15.585007445100274
9,82,12.341807055812748
9,83,9.560158633279098
9,84,7.879518434536063
9,85,8.147654349208867
9,86,8.24433965811377
9,87,12.005200042204516
9,88,14.99810949489183
9,89,18.689061157070604
9,90,21.00320434265098
9,91,24.7719831861374
9,92,26.46814604909026
9,93,30.157428163517995
10,1,20.579885091575754
10,2,16.96234303804151
10,3,15.15154999090553
10,4,12.23635022508862
10,5,8.916299465529308
10,6,8.18338026925187
10,7,6.814859580141509
10,8,6.138333241909021
10,9,3.818835981112937
10,11,3.8068079108318407
10,12,6.95961219125697
10,13,9.263002723396163
10,14,11.636311448826694
10,15,11.696735626444756
10,16,13.815539387444971
10,17,17.138191655950305
10,18,20.586687257776898
10,19,21.222060663811202
10,20,24.970405808224655
10,21,25.517755863063243
10,22,25.02411502955056
10,23,21.380696775723205
10,24,17.974397612399404
10,25,15.651809252245268
10,26,12.176491385222896
10,27,9.902834415601232
10,28,6.1870323260684605
10,29,5.619136439999697
10,30,4.733923723234278
10,31,6.786093658475566
10,32,8.456832454431467
10,33,11.600512447350054
10,34,12.479360483218487
10,35,13.59721246417732
10,36,12.206739775009641
10,37,12.192751376820187
10,38,9.349767080851503
10,39,10.131240641099973
10,40,10.815768839899828
10,41,13.597291684087942
10,42,15.433438905168332
10,43,18.25152793350886
10,44,21.197470715616305
10,45,21.765684435596185
10,46,24.128397192331484
10,47,23.41319267002791
10,48,20.469511901284758
10,49,21.79527079389761
10,50,22.133968635008806
10,51,19.344511535038478
10,52,20.256050845717784
10,53,17.73053846831777
10,54,20.02491327030835
10,55,18.251349838704684
10,56,20.08957868175282
10,57,17.54899564673113
10,58,18.216808670864825
10,59,16.577453791238245
10,60,13.323513867238992
10,61,12.229108233888258
10,62,10.595826504446794
10,63,13.954646775867852
10,64,15.061366199488916
10,65,15.52953988881009
10,66,14.076815336841223
10,67,12.180805275618798
10,68,9.516763130385195
10,69,12.304900340479538
10,70,12.89922584590089
10,71,16.289702487016243
10,72,17.63114885791242
10,73,20.643657362274435
10,74,20.79566021822796
10,75,24.00575517577664
10,76,25.724907737893027
10,77,24.967917492828626
10,78,22.174636356335988
10,79,18.998598107342392
10,80,15.53361112700331
10,81,12.684974914485178
10,82,9.94321818647309
10,83,7.012940128829729
10,84,6.902332185173652
10,85,7.573466483016077
10,86,6.0723587669875405
10,87,9.470371586047069
10,88,11.972787869823607
10,89,15.701776689871734
10,90,17.705753791938132
10,91,21.49877363513035
10,92,23.084669861595113
10,93,26.703247508849188
11,1,23.8576444937117
11,2,20.263950416052516
11,3,18.752770911476308
11,4,15.83794177029321
11,5,12.577119176957098
11,6,11.968632309316808
11,7,10.354665327417349
11,8,9.124394201888295
11,9,6.866097241951832
11,10,3.8068079108318407
11,12,3.7949874649910775
11,13,6.397724711263405
11,14,8.87489657568115
11,15,9.04895485995795
11,16,11.931008515521881
11,17,14.998063117468664
11,18,18.678461630160697
11,19,19.599560078822552
11,20,23.237779704571793
11,21,24.31962674706981
11,22,23.978474611998042
11,23,20.556266682066234
11,24,16.93236932822834
11,25,14.518219064458076
11,26,10.805170179067566
11,27,8.649305050381601
11,28,5.4656819253647635
11,29,5.255561709032098
11,30,6.649646147773492
11,31,8.512092004361378
11,32,11.27177117449972
11,33,14.619156416548558
11,34,15.288721108235238
11,35,16.391575669571235
11,36,15.3822362868322
11,37,15.223553970534665
11,38,12.138935528884591
11,39,12.987947337558339
11,40,12.73541574838023
11,41,15.124681612195097
11,42,16.208610732099217
11,43,18.892586609949777
11,44,21.344877915100994
11,45,21.65527638719272
11,46,24.385102694718114
11,47,24.157916582697815
11,48,21.58321150204611
11,49,23.41594761251038
11,50,23.56974590757203
11,51,20.7783019538869
11,52,21.11490466608837
11,53,18.572491249272012
11,54,20.876238967956866
11,55,19.18575172756461
11,56,20.697572260129675
11,57,18.498285048687613
11,58,19.832262886529374
11,59,18.6384442716754
11,60,15.130916161260412
11,61,14.44342743774331
11,62,12.702968764562225
11,63,15.901932252046162
11,64,16.89622981529835
11,65,16.540802689391427
11,66,14.810321910496404
11,67,13.079844710244682
11,68,10.00436480251688
11,69,12.191804950717856
11,70,13.0845946949713
11,71,16.174250577465813
11,72,17.728286732801855
11,73,20.550774322016153
11,74,20.633761731384844
11,75,23.83299871452494
11,76,25.06727623872844
11,77,24.13352391027958
11,78,21.293426225948505
11,79,18.522139944280873
11,80,15.24154415126812
11,81,12.676794134861082
11,82,10.862817313286051
11,83,8.685485558595179
11,84,9.655091015687569
11,85,9.500343290753726
11,86,6.6268435811179005
11,87,9.069314067462791
11,88,10.56392521328677
11,89,14.317840579147013
11,90,16.326406202680975
11,91,20.04388321315518
11,92,21.90410421594109
11,93,25.350421769405546
12,1,25.307568973950797
12,2,21.904097217423498
12,3,20.847506003580047
12,4,17.84622702764016
12,5,14.933210487704793
12,6,14.991036564386789
12,7,13.145027939455009
12,8,12.525216112766765
12,9,10.485154031495233
12,10,6.95961219125697
12,11,3.7949874649910775
12,13,3.7621754227098205
12,14,5.201318091863571
12,15,5.465150184691249
12,16,8.677547534870756
12,17,11.418623861684273
12,18,15.150228554935671
12,19,16.15199074339402
12,20,19.703796184621805
12,21,21.059849904138375
12,22,20.85750937888987
12,23,17.627594162464487
12,24,13.960882382180772
12,25,11.490424059478935
12,26,7.787065086555733
12,27,6.208405578077232
12,28,4.635865077310865
12,29,6.235644515015569
12,30,9.083949674042819
12,31,11.585548882242666
12,32,14.46130945165264
12,33,17.5190080680287
12,34,17.5405199348735
12,35,18.185535683393702
12,36,17.153925761342983
12,37,16.44653046677421
12,38,13.12675434458394
12,39,14.058889166642853
12,40,12.871030491816484
12,41,14.945712927889474
12,42,15.474584244350265
12,43,18.232846866026435
12,44,20.266286986665783
12,45,20.770244903564386
12,46,23.894921983850857
12,47,23.805785839772188
12,48,21.72527409977052
12,49,23.738735809099907
12,50,23.384026576461668
12,51,20.43129602692995
12,52,20.07642204768611
12,53,17.381657085158302
12,54,19.43852334801271
12,55,17.771906480454287
12,56,18.901003037579
12,57,17.130472665960447
12,58,19.061306254464775
12,59,18.449816516203352
12,60,14.898782252872305
12,61,14.93963343291277
12,62,13.668085348300227
12,63,16.834786338148767
12,64,18.251151640009457
12,65,17.22767162691066
12,66,14.857923070506471
12,67,12.831021962686222
12,68,9.375947789235692
12,69,10.449270493859457
12,70,11.289895522378538
12,71,13.899197444095917
12,72,15.627011443403699
12,73,18.286023148782803
12,74,18.529953293525764
12,75,21.795356026776457
12,76,22.765328536685114
12,77,22.01164696343603
12,78,19.450505727912006
12,79,16.945032459135565
12,80,14.155521308623442
12,81,11.584823278549358
12,82,10.931162310052724
12,83,9.296402351013176
12,84,11.503703524172842
12,85,11.594104308287104
12,86,8.026779427831778
12,87,8.984457040263596
12,88,9.088389606883048
12,89,12.513466658873673
12,90,13.926955514747666
12,91,17.51384978266573
12,92,19.229680320343356
12,93,22.46233555904026
13,1,25.809197464599013
13,2,22.436474214988205
13,3,21.936578324885268
13,4,19.34787392081463
13,5,16.3642074957388
13,6,16.94884069088457
13,7,15.757786261930343
13,8,15.26397674573374
13,9,12.561264783245523
13,10,9.263002723396163
13,11,6.397724711263405
13,12,3.7621754227098205
13,14,3.825343243525572
13,15,6.5611255677761475
13,16,9.707677744938604
13,17,11.42004362939763
13,18,14.952671404192296
13,19,15.285736821541605
13,20,18.747552885328048
13,21,20.28950545435664
13,22,20.773451096799047
13,23,17.711928067365974
13,24,14.345161810172469
13,25,11.225710393817813
13,26,7.6415022713268
13,27,5.165182102500271
13,28,4.996389358707477
13,29,5.851536334619988
13,30,9.553490174430568
13,31,12.040783729871208
13,32,15.23883611813829
13,33,17.99555291491318
13,34,17.479920607956164
13,35,17.995492094181927
13,36,17.618793455884887
13,37,17.214149285872306
13,38,14.333692660210655
13,39,16.070018298047657
13,40,15.018325250709252
13,41,17.430336783804865
13,42,18.13626054800939
13,43,21.138409940555473
13,44,23.08772184871841
13,45,23.870714714878222
13,46,27.144300545353445
13,47,26.949828642633356
13,48,25.021689598347354
13,49,26.86407818303042
13,50,26.183068502729725
13,51,22.99029556914872
13,52,22.313491686909526
13,53,19.26297587850932
13,54,20.723882107071677
13,55,18.56567971184997
13,56,18.96087845752499
13,57,17.026980083920357
13,58,19.47968556745874
13,59,18.732794262918205
13,60,15.014987858916585
13,61,14.8395740897506
13,62,13.230856343998546
13,63,15.828937042704952
13,64,17.038439178832053
13,65,15.295754715068224
13,66,12.857165409602343
13,67,11.408081871297094
13,68,8.469705789691007
13,69,9.325561998176948
13,70,11.270318964599216
13,71,13.880080293389094
13,72,16.36212712577113
13,73,19.233879758675787
13,74,20.10102186271065
13,75,23.56154653125181
13,76,24.53171457088217
13,77,24.166172246296888
13,78,21.974048313015203
13,79,19.60003783463292
13,80,17.19185262512925
13,81,14.426624053861621
13,82,14.08052440829977
13,83,12.053649572063694
13,84,14.437898240496734
13,85,15.038536908080088
13,86,11.631726396983467
13,87,12.590021254600282
13,88,12.259447131636872
13,89,15.32537587880934
13,90,16.082363484667468
13,91,19.440384361257735
13,92,20.755538093652714
13,93,23.662213572175023
14,1,27.132144461059795
14,2,24.030113534142473
14,3,23.68392757626979
14,4,20.863268670474323
14,5,18.341768885216265
14,6,19.190201511048247
14,7,17.506960018165294
14,8,17.45672407926069
14,9,15.287863351346996
14,10,11.636311448826694
14,11,8.87489657568115
14,12,5.201318091863571
14,13,3.825343243525572
14,15,3.797784739150941
14,16,6.4960161789464195
14,17,7.65573273772848
14,18,11.191972183109181
14,19,11.800389495128352
14,20,15.182126652567845
14,21,16.94310164066179
14,22,17.328408988959552
14,23,14.500087164450377
14,24,11.128070969558152
14,25,8.282706999502464
14,26,5.174643465004568
14,27,4.783062818042157
14,28,6.676547641610966
14,29,9.032206205847737
14,30,12.619954686544496
14,31,15.500093339147346
14,32,18.423181784593492
14,33,21.03134716053404
14,34,20.24686080480301
14,35,20.354751856241897
14,36,19.55984115535163
14,37,18.463390488660686
14,38,15.320240475796718
14,39,16.639707839664357
14,40,14.75519694184818
14,41,16.571574839544926
14,42,16.656431642173015
14,43,19.52251062593734
14,44,21.024152242974452
14,45,21.964459914010302
14,46,25.464859235348968
14,47,25.376871815962208
14,48,23.930940343841545
14,49,25.90429682035683
14,50,24.834589423827957
14,51,21.656087931822107
14,52,20.406463043655748
14,53,17.43868408625944
14,54,18.745300837765395
14,55,16.895174015005527
14,56,17.110912571593232
14,57,15.873270224670721
14,58,18.65899052516216
14,59,18.67082409364369
14,60,15.232392911524645
14,61,15.977069847330272
14,62,15.190104248179692
14,63,17.923400537206636
14,64,19.68334355652777
14,65,17.811199127856764
14,66,14.84027703748449
14,67,12.807726436236067
14,68,9.605579175354649
14,69,8.912395213083748
14,70,10.05010945644881
14,71,11.740802836341903
14,72,14.023243546622995
14,73,16.493844042821866
14,74,17.346664339182357
14,75,20.714967274664936
14,76,21.417748953395705
14,77,21.210348569885777
14,78,19.342128693825565
14,79,17.270358483701873
14,80,15.444798816683038
14,81,12.911398683796868
14,82,13.589157363842629
14,83,12.332806913144497
14,84,15.391245023834232
14,85,16.00090818676174
14,86,12.354557183778514
14,87,12.173816576945132
14,88,10.804578967848041
14,89,13.187915597211521
14,90,13.25509656633223
14,91,16.334761984031264
14,92,17.44459390499433
14,93,20.13434517864282
15,1,27.834819448576166
15,2,24.823113159771925
15,3,24.08494667416363
15,4,20.878252952153545
15,5,18.62829131495154
15,6,19.1416714607043
15,7,16.79054989884792
15,8,16.804393141129182
15,9,15.411347161862436
15,10,11.696735626444756
15,11,9.04895485995795
15,12,5.465150184691249
15,13,6.5611255677761475
15,14,3.797784739150941
15,16,3.840483928166165
15,17,6.225660107631719
15,18,10.022503484260358
15,19,11.707027122851061
15,20,15.002045569352356
15,21,16.70669897547133
15,22,16.26454141071253
15,23,13.452814312132668
15,24,9.734304075208193
15,25,8.038504102229536
15,26,5.3910987877442516
15,27,6.746258069380185
15,28,7.969597700101722
15,29,10.903257511331285
15,30,13.97291564830939
15,31,16.88106361696979
15,32,19.521606590656802
15,33,22.299654693955848
15,34,21.850143456915813
15,35,21.954797356330896
15,36,20.556258269607795
15,37,19.002272821509845
15,38,15.464535992645303
15,39,15.893509299162023
15,40,13.470611970668632
15,41,14.529644201044087
15,42,13.949093683662774
15,43,16.420040358070747
15,44,17.64441743977264
15,45,18.341973570877922
15,46,21.882773898711424
15,47,22.0397099530722
15,48,20.779179965478008
15,49,23.045740783377415
15,50,22.074725261718243
15,51,19.173227206404057
15,52,17.86519032161794
15,53,15.352186514565807
15,54,17.196905132037703
15,55,16.06363444259176
15,56,16.913932464447214
15,57,16.203282396125
15,58,18.618682949598362
15,59,19.09231514046043
15,60,15.96130795201998
15,61,17.191294779345636
15,62,16.892141312572587
15,63,20.059608646986465
15,64,22.081839357805343
15,65,20.673115717774674
15,66,17.64933199415766
15,67,15.10649814292578
15,68,11.511265229827574
15,69,10.645878068319357
15,70,10.43286946171304
15,71,11.577253972482195
15,72,12.860922395311135
15,73,14.787824794862336
15,74,14.888611340819626
15,75,17.975093012601526
15,76,18.43025978625421
15,77,17.834877545703453
15,78,15.723984589144397
15,79,13.772744636109136
15,80,11.979523198753954
15,81,9.926677016257266
15,82,11.175026763077014
15,83,10.928296962615581
15,84,14.096841603723547
15,85,14.210525607722282
15,86,10.479376315297907
15,87,9.313293224789234
15,88,7.263826235578051
15,89,9.414262494676827
15,90,9.71288811222306
15,91,12.928879161993788
15,92,14.478246181570373
15,93,17.415454323201235
16,1,27.484151303914892
16,2,24.844616898800776
16,3,24.313409686923535
16,4,21.040872368364365
16,5,19.412775270523113
16,6,20.347172807433438
16,7,17.816761406017765
16,8,18.541540375007525
16,9,17.57642479833002
16,10,13.815539387444971
16,11,11.931008515521881
16,12,8.677547534870756
16,13,9.707677744938604
16,14,6.4960161789464195
16,15,3.840483928166165
16,17,3.7749928523457705
16,18,7.1020220571329835
16,19,9.062995775988927
16,20,12.332664646735589
16,21,13.628755513204228
16,22,12.716078135181759
16,23,9.87787506081948
16,24,6.110857279604573
16,25,5.497101389274222
16,26,4.643747166646566
16,27,7.826883833072286
16,28,9.818977837036135
16,29,13.337045917301388
16,30,16.132226740406455
16,31,19.4134647004347
16,32,21.607048950324234
16,33,24.033418113970207
16,34,23.248043260532192
16,35,22.912306219286585
16,36,21.116102363913534
16,37,18.94005114502574
16,38,15.415646489689662
16,39,15.455191017574327
16,40,12.391432395702777
16,41,12.78967731726734
16,42,11.736209204427212
16,43,14.183007143617289
16,44,15.125602797005735
16,45,16.373191988906388
16,46,20.021241733690562
16,47,19.924824479469315
16,48,19.125646124125325
16,49,21.20620697306323
16,50,19.71747171138007
16,51,16.76909731095894
16,52,14.908683827393439
16,53,12.437503723977144
16,54,14.037505867215428
16,55,13.295409496262627
16,56,14.149638132177879
16,57,14.165950958485901
16,58,16.590320270110308
16,59,17.78022964183109
16,60,15.177686698254918
16,61,17.204795045232714
16,62,17.730979153144105
16,63,20.939688311435944
16,64,23.472412361316263
16,65,22.17159194716424
16,66,18.8068116075634
16,67,15.784245353932166
16,68,12.280353597090738
16,69,10.43204175332834
16,70,9.03511903231338
16,71,9.020457927502001
16,72,9.647740764305711
16,73,11.126999676385422
16,74,11.25174194105015
16,75,14.378184462008726
16,76,14.937781358252467
16,77,14.799640932360536
16,78,13.222251341890036
16,79,11.252429705437276
16,80,10.270358793112283
16,81,8.26793507840618
16,82,10.583486102123507
16,83,11.002797273700551
16,84,14.580777161028546
16,85,15.12185489235953
16,86,11.767727143617016
16,87,9.819902339634286
16,88,7.281367752552873
16,89,8.205914977987517
16,90,7.134471463301355
16,91,10.169686815579041
16,92,11.060617061099641
16,93,14.032452092594063
17,1,29.853500895663608
17,2,27.378513498380126
17,3,27.225919636442452
17,4,24.13350115383596
17,5,22.578018418315974
17,6,23.775893370994464
17,7,21.43056302911368
17,8,22.16579816780835
17,9,20.944463421602883
17,10,17.138191655950305
17,11,14.998063117468664
17,12,11.418623861684273
17,13,11.42004362939763
17,14,7.65573273772848
17,15,6.225660107631719
17,16,3.7749928523457705
17,18,3.8077770212545086
17,19,6.095559710487359
17,20,8.990341768306063
17,21,10.966842409136898
17,22,10.562556312672513
17,23,8.512188008549808
17,24,5.505076107071718
17,25,5.336198452209316
17,26,6.240831509133435
17,27,9.582537397288453
17,28,12.425840198646167
17,29,15.784046073258668
17,30,18.92801785457904
17,31,22.23190659325285
17,32,24.608120282526624
17,33,26.916162740177157
17,34,25.813419161913536
17,35,25.304849658899283
17,36,23.769143512291276
17,37,21.577378425785636
17,38,18.29197633721574
17,39,18.644372683691394
17,40,15.519642001310755
17,41,15.813129421233617
17,42,14.55362399565367
17,43,16.785627008540363
17,44,17.168550106962826
17,45,18.55002865108038
17,46,22.29465182968235
17,47,22.313489680975927
17,48,21.99559255019318
17,49,24.031817182113514
17,50,22.168565513180067
17,51,19.252901206119187
17,52,16.82777435416225
17,53,14.403598118848224
17,54,15.260328570135275
17,55,14.498634417448697
17,56,14.497340797968231
17,57,15.06826603069882
17,58,17.99504035251396
17,59,19.538357221885995
17,60,17.10885389863371
17,61,19.333986925021538
17,62,19.938814680546493
17,63,22.7982056922211
17,64,25.352041844830328
17,65,23.592654153056223
17,66,20.07945213368668
17,67,17.28756939972609
17,68,14.171563607213708
17,69,11.612901108312531
17,70,10.549107616148216
17,71,9.543549650613432
17,72,10.44694203058655
17,73,11.359495204683986
17,74,11.985842763494501
17,75,14.874170247171554
17,76,14.960491619809146
17,77,15.28833619249924
17,78,14.463561501093238
17,79,13.225596357966104
17,80,13.138780618133605
17,81,11.5685828080573
17,82,14.214666427402337
17,83,14.593064988273321
17,84,18.246479183893186
17,85,18.895083692498922
17,86,15.507210279243798
17,87,13.503925579090401
17,88,10.626481788924611
17,89,10.705522072725529
17,90,8.64338752641392
17,91,10.525564387656166
17,92,10.733451089863197
17,93,12.845006486611755
18,1,31.425077734096316
18,2,29.29557097075018
18,3,29.431004981052524
18,4,26.439489421713326
18,5,25.273721098686593
18,6,26.76277557299647
18,7,24.433144560832872
18,8,25.49408580577715
18,9,24.38955556720124
18,10,20.586687257776898
18,11,18.678461630160697
18,12,15.150228554935671
18,13,14.952671404192296
18,14,11.191972183109181
18,15,10.022503484260358
18,16,7.1020220571329835
18,17,3.8077770212545086
18,19,3.8016424210636006
18,20,5.6463990168175116
18,21,7.7603516836637985
18,22,7.285056265416615
18,23,6.362764058643436
18,24,5.079263397501906
18,25,6.526994990453063
18,26,9.03863314627914
18,27,12.550238981915006
18,28,15.694602196297959
18,29,19.131613464454624
18,30,22.210637519392748
18,31,25.65223216608673
18,32,27.86103841485217
18,33,29.926852489619183
18,34,28.53872281990681
18,35,27.731795462373096
18,36,26.117473958799373
18,37,23.634796167905588
18,38,20.569003015194824
18,39,20.82994714277141
18,40,17.497053019758862
18,41,17.36081881625838
18,42,15.820283991741546
18,43,17.76758931989506
18,44,17.645104011374872
18,45,19.386537760736317
18,46,23.08072621182243
18,47,22.98969726471314
18,48,23.218782944688552
18,49,25.04537054169618
18,50,22.718704665256503
18,51,19.91895967538828
18,52,16.94253695388062
18,53,14.765111232599345
18,54,14.908481447014553
18,55,14.502414264527598
18,56,13.955310683303253
18,57,15.387867940710656
18,58,18.40076106935247
18,59,20.526157369697852
18,60,18.632818268646766
18,61,21.296062004606085
18,62,22.35717245370006
18,63,25.016994433528872
18,64,27.80523165434203
18,65,25.953804757964203
18,66,22.290293979381655
18,67,19.44244454645238
18,68,16.685219974805133
18,69,13.568149933857102
18,70,12.114554559091314
18,71,9.926350774180701
18,72,10.313933303698743
18,73,10.250045161070576
18,74,11.216980220136191
18,75,13.689198025158069
18,76,13.515561923159696
18,77,14.563007638547884
18,78,14.706054224075793
18,79,13.988819216567457
18,80,14.851346535305352
18,81,13.646976197996016
18,82,16.711637546313998
18,83,17.352445316472007
18,84,21.082119199353098
18,85,21.94770115242718
18,86,18.779550890849023
18,87,16.524830673355932
18,88,13.546234699319857
18,89,12.795364910270516
18,90,9.80767600769577
18,91,10.472393494262564
18,92,9.4959611393516
18,93,10.667078213188368
19,1,30.017629331205537
19,2,28.087325021074516
19,3,28.69965712309711
19,4,26.05044393188153
19,5,25.02892780486107
19,6,26.98321055829582
19,7,25.08965678104235
19,8,26.43439000427138
19,9,24.996370894212713
19,10,21.222060663811202
19,11,19.599560078822552
19,12,16.15199074339402
