1,2,3.873434606428464
1,3,6.682002727687063
1,4,9.496590221458803
1,5,12.211323217292609
1,6,15.234683957904057
1,7,17.45283838786691
1,8,20.645122112189643
1,9,20.17760909704513
1,10,20.642934693524644
1,11,23.974395212403973
1,12,25.27698842428929
1,13,25.718175245635532
1,14,27.108469350172207
1,15,27.729833364193233
1,16,27.397294480669807
1,17,29.893801972518293
1,18,31.149600554465565
1,19,29.860405997476878
1,20,32.999673933220265
1,21,31.366147131389706
1,22,30.9432360595416
1,23,27.57284891260575
1,24,26.636745767118146
1,25,24.948152000234
1,26,23.957666322821805
1,27,22.520050164723926
1,28,21.14034803888639
1,29,21.21745380881098
1,30,18.74448173238164
1,31,20.16358003692823
1,32,17.512270162145096
1,33,14.806602834261168
1,34,12.710689129610165
1,35,10.380747418676693
1,36,8.918925759613577
1,37,8.857844790446304
1,38,12.572882004598336
1,39,13.925722238351797
1,40,16.784197626286225
1,41,19.468510471016625
1,42,23.24820832388529
1,43,26.156956091823897
1,44,29.719518791727737
1,45,32.10695542134013
1,46,33.19571081632872
1,47,30.4256380203493
1,48,27.687658299039207
1,49,26.001490462669363
1,50,25.224931124678903
1,51,22.570158097996575
1,52,24.24146750553305
1,53,21.965612791523323
1,54,21.56024252748632
1,55,18.983728713775882
1,56,20.01655566990318
1,57,17.040656560661816
1,58,14.599847231969566
1,59,11.303210771296712
1,60,12.90680018409082
1,61,11.336234716734173
1,62,13.142389715026452
1,63,12.91150043643319
1,64,14.870767420444805
1,65,17.920431697413747
1,66,17.65745613276164
1,67,16.313297265656594
1,68,17.866342478168665
1,69,19.417728928775162
1,70,19.244693840159137
1,71,21.462845219275327
1,72,22.35989424357693
1,73,25.37995855635744
1,74,27.10588685131659
1,75,30.02687537631311
1,76,33.537159444098165
1,77,34.69389837048769
1,78,33.60715250833632
1,79,29.857271781467926
1,80,27.702102632134956
1,81,24.432826245141673
1,82,22.07018762319823
1,83,19.365799827762913
1,84,18.455138771847967
1,85,22.000566706857864
1,86,23.404278904442695
1,87,25.552780161930574
1,88,27.91421963879016
1,89,30.430693863915057
1,90,30.574281092134527
1,91,33.573249071097024
1,92,33.03482159246707
1,93,36.07987143600091
1,94,36.94917857256303
2,1,3.873434606428464
2,3,3.771474850714279
2,4,6.467864268481315
2,5,8.570864545742243
2,6,11.695293873831405
2,7,14.107606029693422
2,8,17.10667486267494
2,9,16.401744209819817
2,10,16.972228250622187
2,11,20.346232601348778
2,12,21.8590228286293
2,13,22.362558112558137
2,14,24.038163187755455
2,15,24.724504507404085
2,16,24.761803928009872
2,17,27.45254385267714
2,18,29.07905573315432
2,19,28.02069054031911
2,20,31.379607883691772
2,21,30.148609475558153
2,22,29.731310257693604
2,23,26.16236915708016
2,24,24.758353631852863
2,25,22.79349254428033
2,26,21.333144284087425
2,27,19.569234415526875
2,28,17.81832971265246
2,29,17.612693177970353
2,30,14.963780089017307
2,31,16.302900436718204
2,32,13.679633382752993
2,33,11.147180334851933
2,34,9.13022908447969
2,35,6.990021524239628
2,36,5.1312502752606495
2,37,5.847919237310474
2,38,9.58319978947342
2,39,11.353583643201304
2,40,14.510451930704235
2,41,17.613567437382425
2,42,21.40078596479965
2,43,24.49072782435879
2,44,28.141930691081416
2,45,30.24934200716585
2,46,31.508371581332963
2,47,29.06003897793672
2,48,26.13392757705267
2,49,24.910862833056868
2,50,24.357781228318803
2,51,21.530129613740865
2,52,23.2043617976134
2,53,20.69613478127814
2,54,20.78578863244349
2,55,18.055226671088597
2,56,19.261580539947484
2,57,15.983532512948537
2,58,14.093345627592576
2,59,10.439070096860107
2,60,10.92052150623392
2,61,8.632001571235525
2,62,9.84745660527042
2,63,10.053103127068912
2,64,11.995790959300813
2,65,15.126212557268518
2,66,14.88213272309155
2,67,13.551445937689339
2,68,14.865731654359166
2,69,16.91820187323577
2,70,17.050041235051843
2,71,19.757289611352952
2,72,20.93033427093205
2,73,24.192000856405382
2,74,25.77831780894173
2,75,28.900462267515618
2,76,32.20914863870782
2,77,33.08463380347075
2,78,31.67452828507477
2,79,27.88417582334797
2,80,25.405590131602004
2,81,22.041703221841786
2,82,19.441264764119737
2,83,16.42934067553554
2,84,15.391906472457416
2,85,18.873558674593827
2,86,20.149484752487005
2,87,22.581367964368845
2,88,25.06095075151234
2,89,27.842791077357692
2,90,28.259468257722162
2,91,31.478797167625146
2,92,31.28089460292402
2,93,34.486019740350855
2,94,35.7187681349221
3,1,6.682002727687063
3,2,3.771474850714279
3,4,3.8164430092527915
3,5,6.369262661871099
3,6,8.750629417353979
3,7,11.300490126038097
3,8,14.271622063055508
3,9,14.165697081059033
3,10,15.27492121053302
3,11,18.922143747310898
3,12,20.923651688961638
3,13,21.994051088195285
3,14,23.871685812146758
3,15,24.165868267606232
3,16,24.362217121335195
3,17,27.409108023161288
3,18,29.351515280409213
3,19,28.77525748990496
3,20,32.2571216696951
3,21,31.262960921775694
3,22,30.493555152078784
3,23,26.813685194264448
3,24,25.027399574250722
3,25,23.23026984008319
3,26,21.428745143520903
3,27,19.68828119675304
3,28,17.395640082560316
3,29,17.035610483877065
3,30,13.970619765840633
3,31,14.978017360553942
3,32,11.969330167318565
3,33,9.790578358109482
3,34,9.084151180781598
3,35,8.00114143899755
3,36,5.297959824432684
3,37,6.0865209820599295
3,38,8.977205761447248
3,39,9.830445688511878
3,40,13.453023634353256
3,41,16.41402389759334
3,42,20.151097665516662
3,43,22.9944482496534
3,44,26.733898379363186
3,45,28.49338750367908
3,46,29.486895096542746
3,47,27.216034911014283
3,48,24.017775302170392
3,49,22.89831622518427
3,50,22.87631234965882
3,51,20.338506463735833
3,52,22.469726734274534
3,53,20.279006567398653
3,54,21.028721755886664
3,55,18.706907259516445
3,56,20.525969302083812
3,57,17.44095182510488
3,58,15.51111342028252
3,59,12.107277111967328
3,60,12.116712787257885
3,61,9.91520944649743
3,62,10.653955274306867
3,63,11.754935440141388
3,64,13.392881080805319
3,65,16.590864402510334
3,66,16.369174100535517
3,67,14.86838404828051
3,68,15.403328568310707
3,69,17.770415035679626
3,70,17.635874061892086
3,71,20.511599718968174
3,72,21.351135602006934
3,73,24.488516747608095
3,74,25.55160838174043
3,75,28.52883499959931
3,76,31.71366408066382
3,77,32.1787915622512
3,78,30.44325352656534
3,79,26.64291948854818
3,80,23.8996401534159
3,81,20.783215534053245
3,82,17.754985952594247
3,83,14.899884092261184
3,84,13.104122354557777
3,85,16.28988123777128
3,86,18.09668379757392
3,87,20.735243819582696
3,88,23.602781342511737
3,89,26.43648131333098
3,90,27.311883064768676
3,91,30.606961772659915
3,92,30.798419091886295
3,93,34.21252026489312
3,94,35.59511069785094
4,1,9.496590221458803
4,2,6.467864268481315
4,3,3.8164430092527915
4,5,3.7985924141135996
4,6,6.368948425440612
4,7,8.000176518518465
4,8,11.384858344987691
4,9,11.617180407464108
4,10,12.296207451607302
4,11,15.926676253680423
4,12,17.86530476241226
4,13,19.347926937032437
4,14,21.03610901115279
4,15,20.944213790312798
4,16,21.053313905892455
4,17,24.25986728967429
4,18,26.329462552424232
4,19,26.099737693092955
4,20,29.62493653171563
4,21,28.821352041643877
4,22,27.799572775104124
4,23,24.06839237790832
4,24,22.02624205686012
4,25,20.41096277611165
4,26,18.509878256820397
4,27,17.043213673767916
4,28,14.6592492499728
4,29,14.739514514351947
4,30,11.901679664425483
4,31,13.458463155101448
4,32,10.968256384737652
4,33,10.019556355935697
4,34,9.689836561165237
4,35,8.978220671374105
4,36,5.387950279790432
4,37,4.637777544488134
4,38,6.040651723413309
4,39,6.19455295355747
4,40,9.937477581307133
4,41,12.918166247294899
4,42,16.5799817207827
4,43,19.44392851510186
4,44,23.190670947623055
4,45,24.826536545930864
4,46,25.92879213809282
4,47,23.819367722369126
4,48,20.602323871685417
4,49,19.80806334317917
4,50,19.832895763223643
4,51,17.20928472083223
4,52,19.3339313586457
4,53,17.157845033495917
4,54,18.365527270243238
4,55,16.273663678511785
4,56,18.4846396067356
4,57,15.622564397315799
4,58,13.919090195430082
4,59,10.919964550613694
4,60,10.367146114142862
4,61,8.762157972667984
4,62,9.703339423180884
4,63,11.975715065988291
4,64,14.10133212336057
4,65,16.741536421455837
4,66,15.855948343958863
4,67,13.73841394612781
4,68,13.368738084025217
4,69,15.602382903130774
4,70,15.058719481939036
4,71,17.947345346467397
4,72,18.552792581273106
4,73,21.60965277266574
4,74,22.373619728040964
4,75,25.336305676511703
4,76,28.377330837101404
4,77,28.645399801681318
4,78,26.76951874431274
4,79,22.976002203180173
4,80,20.139895938198382
4,81,17.077095446279415
4,82,13.962697795966973
4,83,11.196679741160215
4,84,9.353349387365737
4,85,12.660702215893906
4,86,14.460557472961822
4,87,16.97295185839101
4,88,19.878440668102378
4,89,22.676414651784338
4,90,23.670794611089
4,91,26.988925575670233
4,92,27.361342192278524
4,93,30.865064366106484
4,94,32.384704079412536
5,1,12.211323217292609
5,2,8.570864545742243
5,3,6.369262661871099
5,4,3.7985924141135996
5,6,3.793003593163538
5,7,5.877709958067522
5,8,8.646187410935864
5,9,8.084502786822034
5,10,8.914369599120217
5,11,12.603692135008542
5,12,14.851148492370736
5,13,16.275401556211317
5,14,18.39394211017547
5,15,18.55376327235521
5,16,19.267582713045137
5,17,22.56571148433573
5,18,25.030464221968103
5,19,24.95107798869904
5,20,28.629219994365315
5,21,28.295147853327116
5,22,27.472533609670162
5,23,23.657145174526086
5,24,21.18100065272295
5,25,19.14813573100907
5,26,16.678251638803935
5,27,14.692535059124866
5,28,11.816945808795207
5,29,11.336231635566897
5,30,8.239287679463947
5,31,9.703088230800521
5,32,7.504264915947653
5,33,7.443086353603427
5,34,7.589957785139943
5,35,7.79286508129389
5,36,4.886216192359338
5,37,5.452327935468698
5,38,5.341187262630753
5,39,6.506207015971543
5,40,9.927896311038388
5,41,13.320185347620448
5,42,16.678391439280418
5,43,19.741395516424937
5,44,23.4127324600684
5,45,24.699470068028234
5,46,26.11408237164402
5,47,24.478816237316753
5,48,21.22610935512187
5,49,21.096733990137167
5,50,21.23654095679673
5,51,18.453711652552506
5,52,20.258896580437547
5,53,17.784147967269654
5,54,19.303935949089965
5,55,17.015078812598393
5,56,19.005215118285488
5,57,15.947574976656572
5,58,15.1269957468982
5,59,12.13786597142608
5,60,10.341674927389425
5,61,8.148667709856955
5,62,7.732896841959758
5,63,10.447371042068182
5,64,12.190509923287427
5,65,14.49897962183783
5,66,13.699085678247354
5,67,11.861683377330566
5,68,11.148517595184876
5,69,13.979315389585079
5,70,14.066921104968458
5,71,17.416232154898733
5,72,18.511683164652382
5,73,21.774101184027877
5,74,22.524082446542884
5,75,25.700047128621044
5,76,28.416401342915815
5,77,28.44910485370602
5,78,26.27550124836195
5,79,22.541800225495074
5,80,19.382208478764795
5,81,16.205360007214935
5,82,12.96514564351624
5,83,9.67284412107279
5,84,7.8545156764013235
5,85,10.894021918804862
5,86,12.180191079022658
5,87,15.183830710577327
5,88,18.11044976657286
5,89,21.29709330237307
5,90,22.552329692461846
5,91,26.100917199973512
5,92,26.818935374669188
5,93,30.375648850383566
5,94,32.2959142175515
6,1,15.234683957904057
6,2,11.695293873831405
6,3,8.750629417353979
6,4,6.368948425440612
6,5,3.793003593163538
6,7,3.796862830108372
6,8,5.617463912232716
6,9,6.039586850837522
6,10,8.213726387746895
6,11,11.992417106874457
6,12,14.956257975198586
6,13,16.92351969854309
6,14,19.340649485455916
6,15,19.17438185625759
6,16,20.25732688235381
6,17,23.798327802271906
6,18,26.593775228823457
6,19,26.978551979399615
6,20,30.690783777150543
6,21,30.66463640913372
6,22,29.627951466351195
6,23,25.821424792737304
6,24,23.014898464102064
6,25,21.121932934190546
6,26,18.319753609680852
6,27,16.31876094436164
6,28,12.960920124812422
6,29,12.007174804711532
6,30,8.647636319691156
6,31,9.046053313438335
6,32,6.6208780180531
6,33,7.607051589326736
6,34,9.427786570551614
6,35,10.57757987662098
6,36,8.345015783885405
6,37,9.193320919497507
6,38,8.417495075499907
6,39,8.391635811532057
6,40,11.562143198976942
6,41,14.464368106636192
6,42,17.413387228651047
6,43,20.065346172988857
6,44,23.67484122176986
6,45,24.405351933335197
6,46,25.543101444095118
6,47,24.301973100523398
6,48,20.806760916295495
6,49,20.99445505954362
6,50,21.77480130085304
6,51,19.415657415391856
6,52,21.543042023050095
6,53,19.460989418422972
6,54,21.537138856761473
6,55,19.66614696787369
6,56,21.957285288627457
6,57,19.13865100550388
6,58,18.397432618433225
6,59,15.681372406299246
6,60,13.765690330907143
6,61,11.748337005449352
6,62,10.78433180931323
6,63,13.441422972722206
6,64,14.50193565427145
6,65,16.742510563984805
6,66,16.269997198478155
6,67,14.734068422658195
6,68,13.54783955648265
6,69,16.52946840866271
6,70,16.582095478326394
6,71,19.923649449327975
6,72,20.78288300576794
6,73,23.82246199064479
6,74,24.060994204545086
6,75,27.027531510135237
6,76,29.474607281613714
6,77,29.021663071787415
6,78,26.4605550981583
6,79,22.850384189489485
6,80,19.39474604570021
6,81,16.673229944254597
6,82,13.060688067319033
6,83,10.195634253765446
6,84,7.323135353644568
6,85,9.209777334378405
6,86,11.14438161532344
6,87,14.538534677783698
6,88,17.87788379920294
6,89,21.143744090110484
6,90,22.99743630694422
6,91,26.584467070888927
6,92,27.79384060042628
6,93,31.482680110258354
6,94,33.6006893973041
7,1,17.45283838786691
7,2,14.107606029693422
7,3,11.300490126038097
7,4,8.000176518518465
7,5,5.877709958067522
7,6,3.796862830108372
7,8,3.833704165232151
7,9,5.695674172714899
7,10,6.735877244304322
7,11,10.229272438157297
7,12,13.01004150132718
7,13,15.632419537731286
7,14,17.612760022586816
7,15,16.79016707982491
7,16,17.65429109151742
7,17,21.341365119835526
7,18,24.192820242118085
7,19,25.011248148556643
7,20,28.655340416258266
7,21,28.771627838347367
7,22,27.409381868844306
7,23,23.671661115795935
7,24,20.688947623478686
7,25,19.193439304666573
7,26,16.44313986002701
7,27,15.01999672008918
7,28,11.78375390609538
7,29,11.65339258473415
7,30,9.135415421516269
7,31,10.328654348960534
7,32,9.152518916675957
7,33,11.009817178780384
7,34,12.473607232501656
7,35,13.353501467601012
7,36,10.718965377461346
7,37,10.360487328915605
7,38,8.253862554806672
7,39,7.028567141136649
7,40,9.354313464002301
7,41,11.74193251014353
7,42,14.257691458703238
7,43,16.719354371328965
7,44,20.23190732924924
7,45,20.750222163713012
7,46,21.94395957882014
7,47,20.924326920391863
7,48,17.46823206511984
7,49,18.068939338920895
7,50,18.95152685213576
7,51,16.70052202611754
7,52,18.781365344680765
7,53,16.937139460872842
7,54,19.479524566926152
7,55,18.077931117800198
7,56,20.70053721965676
7,57,18.361410729510368
7,58,17.786675956485794
7,59,15.738360859211861
7,60,13.699823027050526
7,61,12.61328788870658
7,62,12.155297004668942
7,63,15.429999663778249
7,64,16.985897531232492
7,65,18.664726094932153
7,66,17.5234138762467
7,67,15.41337719027658
7,68,13.353071147762746
7,69,15.814297474380849
7,70,15.2690887521304
7,71,18.320304714715633
7,72,18.746416813882647
7,73,21.4778753790435
7,74,21.27482619180083
7,75,24.068795987404126
7,76,26.30465528846519
7,77,25.597298876783622
7,78,22.890214556227466
7,79,19.35171082702748
7,80,15.813340988696451
7,81,13.354652273323596
7,82,9.628767092086806
7,83,7.272479204061564
7,84,3.894779875897523
7,85,5.456819073119444
7,86,7.74394162492841
7,87,10.971628821326751
7,88,14.462659484633358
7,89,17.60199315891424
7,90,19.661066051036762
7,91,23.1954842571493
7,92,24.62245003887951
7,93,28.36943394785242
7,94,30.56209781930843
8,1,20.645122112189643
8,2,17.10667486267494
8,3,14.271622063055508
8,4,11.384858344987691
8,5,8.646187410935864
8,6,5.617463912232716
8,7,3.833704165232151
8,9,3.8031248356538816
8,10,6.087505259385857
8,11,8.99771269132322
8,12,12.43175003213443
8,13,15.207284628296424
8,14,17.624358210175966
8,15,16.860840531850897
8,16,18.410740790149603
8,17,22.112623890806326
8,18,25.32347620980718
8,19,26.428443175232132
8,20,30.094086824173765
8,21,30.65509141246446
8,22,29.385175020477355
8,23,25.70445022447458
8,24,22.41302326162882
8,25,20.74741825816796
8,26,17.589781803894486
8,27,15.859363047795322
8,28,12.290179775473659
8,29,11.398517984368867
8,30,9.003366326951296
8,31,9.125616032677316
8,32,8.609401894998356
8,33,11.406645792910462
8,34,13.63021543896718
8,35,15.179377807358646
8,36,13.266637928449555
8,37,13.586648388772169
8,38,11.414950398453806
8,39,10.656669155318616
8,40,12.46146688464465
8,41,14.612964039662453
8,42,16.53082306422893
8,43,18.72903035181066
8,44,21.959499592826234
8,45,21.886811679002623
8,46,23.08619397784828
8,47,22.665648813717066
8,48,19.228629841052822
8,49,20.36739075578495
8,50,21.585797909572264
8,51,19.555435770188407
8,52,21.49126046776697
8,53,19.72329044827535
8,54,22.486113726426346
8,55,21.135518184663425
8,56,23.60769577399473
8,57,21.26934592696082
8,58,21.12373539839278
8,59,19.08886595064605
8,60,16.63779238115985
8,61,15.27568737187599
8,62,14.022565767188624
8,63,17.107226991423758
8,64,18.02590949546527
8,65,19.420913199578454
8,66,18.614368171420008
8,67,17.009750850498577
8,68,14.797758730915195
8,69,17.52243884186949
8,70,17.445866470221702
8,71,20.60684419096146
8,72,21.248394724490172
8,73,23.91690916744451
8,74,23.51889228091332
8,75,26.255306419363365
8,76,28.08616008000361
8,77,26.99274046801652
8,78,23.948434821592482
8,79,20.683742200704465
8,80,16.940876267413017
8,81,14.880118858947926
8,82,11.311446461836058
8,83,9.298555070119006
8,84,6.431150874472375
8,85,5.7360341414643505
8,86,7.520424095363728
8,87,11.159911951602759
8,88,14.655834453830284
8,89,17.986742561969947
8,90,20.529289764170688
8,91,24.113883843956508
8,92,26.0110551323699
8,93,29.751190714680497
8,94,32.2648105751263
9,1,20.17760909704513
9,2,16.401744209819817
9,3,14.165697081059033
9,4,11.617180407464108
9,5,8.084502786822034
9,6,6.039586850837522
9,7,5.695674172714899
9,8,3.8031248356538816
9,10,3.8312132610228575
9,11,6.891491252044781
9,12,10.469816305582512
9,13,12.562336018518469
9,14,15.467300796383332
9,15,15.474957155894568
9,16,17.507644226742034
9,17,20.99830010548909
9,18,24.295067608456847
9,19,25.055050229924426
9,20,28.801425498646648
9,21,29.51630532311828
9,22,28.701037812897138
9,23,24.983725972061535
9,24,21.666606239069957
9,25,19.436162475999556
9,26,16.009507248428434
9,27,13.61902681429232
9,28,9.851811699286232
9,29,8.120629607079447
9,30,5.502966741639646
9,31,5.440003136011261
9,32,5.891403352640001
9,33,9.302400937249187
9,34,11.231310601909565
9,35,13.028814483520483
9,36,11.856792130857196
9,37,12.749746916334423
9,38,10.666875160941556
9,39,11.206345748030582
9,40,12.9628859496881
9,41,15.74845753661744
9,42,17.82588900727672
9,43,20.518430730479093
9,44,23.7207241868794
9,45,23.899110658163877
9,46,25.552604317636057
9,47,25.095460938087957
9,48,21.863968320746896
9,49,23.037287186990593
9,50,23.772107356358575
9,51,21.2873064550758
9,52,22.752061646379662
9,53,20.434407721286675
9,54,22.818979489464088
9,55,20.93567842554493
9,56,22.882152999390236
9,57,20.199546298346576
9,58,20.555302411409773
9,59,18.2722017382859
9,60,15.337162785761059
9,61,13.51839071311506
9,62,11.525391797863257
9,63,14.393839400782836
9,64,15.00257706087521
9,65,16.04694211698013
9,66,15.392681506534501
9,67,14.229056646295662
9,68,12.241131379253865
9,69,15.364938947369842
9,70,16.05880631209761
9,71,19.537982107456482
9,72,20.84405285466276
9,73,23.860544356967523
9,74,23.975907283779666
9,75,27.060124214770646
9,76,28.8836023379484
9,77,28.07687974221794
9,78,25.177396335193713
9,79,21.895034445574694
9,80,18.215280213723478
9,81,15.658488953289437
9,82,12.45443481940046
9,83,9.631510447277906
9,84,7.892798053251225
9,85,8.155902158296952
9,86,8.340651110410487
9,87,12.12073035499885
9,88,15.098633916259145
9,89,18.744246989517368
9,90,20.935374054793872
9,91,24.66816626865264
9,92,26.392863921851617
9,93,30.010726756909595
9,94,32.67129454873863
10,1,20.642934693524644
10,2,16.972228250622187
10,3,15.27492121053302
10,4,12.296207451607302
10,5,8.914369599120217
10,6,8.213726387746895
10,7,6.735877244304322
10,8,6.087505259385857
10,9,3.8312132610228575
10,11,3.8063256813515767
10,12,6.905576364518525
10,13,9.241777990399337
10,14,11.812001231068702
10,15,11.716302421184695
10,16,13.725010015441915
10,17,17.17773855777257
10,18,20.484576093708846
10,19,21.290087986411944
10,20,25.023484998535505
10,21,25.855587274069073
10,22,25.08236469161515
10,23,21.411482547067024
10,24,18.011040933422134
10,25,15.737862342368178
10,26,12.253191323586682
10,27,10.034305798299393
10,28,6.348117133982832
10,29,5.613359134256657
10,30,4.661468399654114
10,31,6.761190422238551
10,32,8.390961881122111
10,33,11.554036691027305
10,34,12.382346406302979
10,35,13.597514282280226
10,36,12.223570032785078
10,37,12.286748167873979
10,38,9.38565499937577
10,39,10.128762951081102
10,40,10.874062447136518
10,41,13.62636931206604
10,42,15.395980699978221
10,43,18.336832788161974
10,44,21.366571424076934
10,45,21.731614755952997
10,46,23.839282365231725
10,47,23.415917623012973
10,48,20.531105606409138
10,49,21.95394976783328
10,50,22.21222197023126
10,51,19.443588621368917
10,52,20.36072998631116
10,53,17.79104858638095
10,54,20.117299583032732
10,55,18.219321876468666
10,56,19.98608073903153
10,57,17.52739227937754
10,58,18.37659915892197
10,59,16.57042694992607
10,60,13.319768027591723
10,61,12.189567238026164
10,62,10.564264057259406
10,63,13.876512802951687
10,64,15.147294331250752
10,65,15.488540648213023
10,66,13.99250996227746
10,67,12.273693944294209
10,68,9.55461102213538
10,69,12.238653598525648
10,70,12.828736161961476
10,71,16.20178734124248
10,72,17.619114914514903
10,73,20.616049535638183
10,74,20.839092666909735
10,75,24.045910627648105
10,76,25.74323229647517
10,77,25.08558091393308
10,78,22.32316352301775
10,79,19.080464265874436
10,80,15.533255629102904
10,81,12.729767050150185
10,82,10.033299051887909
10,83,7.077929801110573
10,84,6.895460771551088
10,85,7.5072986452417645
10,86,6.104055263709224
10,87,9.535832799165265
10,88,12.013185639597118
10,89,15.744604270001968
10,90,17.62034372277384
10,91,21.39140648269087
10,92,23.005258454702446
10,93,26.53995419390132
10,94,29.283605761655675
11,1,23.974395212403973
11,2,20.346232601348778
11,3,18.922143747310898
11,4,15.926676253680423
11,5,12.603692135008542
11,6,11.992417106874457
11,7,10.229272438157297
11,8,8.99771269132322
11,9,6.891491252044781
11,10,3.8063256813515767
11,12,3.808215593609508
11,13,6.546102514858975
11,14,9.16814532451563
11,15,9.088983670542987
11,16,11.851317752442569
11,17,15.069867677322515
11,18,18.65169816720817
11,19,19.76696096593666
11,20,23.397821925462917
11,21,24.75487651573385
11,22,24.129424640006572
11,23,20.675387997438854
11,24,17.051300568259624
11,25,14.704627671035627
11,26,11.002504845583953
11,27,8.892500967185002
11,28,5.727363167547107
11,29,5.337137641742408
11,30,6.696382844385584
11,31,8.564949520754675
11,32,11.269432499428913
11,33,14.6504623945414
11,34,15.27883359486388
11,35,16.493901804295557
11,36,15.479946088013254
11,37,15.394973694326314
11,38,12.24559814461645
11,39,13.035415489893158
11,40,12.84835817791278
11,41,15.133469801483797
11,42,16.132289799405108
11,43,18.928359536469394
11,44,21.488107189123
11,45,21.558476726838737
11,46,24.02430352684905
11,47,24.070554897137235
11,48,21.562855729099752
11,49,23.48828527356783
11,50,23.599764580866033
11,51,20.845617935239257
11,52,21.220008187655413
11,53,18.627616367357458
11,54,20.99308891335708
11,55,19.237921744571057
11,56,20.684999584398174
11,57,18.562811574780575
11,58,20.04726538452549
11,59,18.71259262436076
11,60,15.21655646950124
11,61,14.52446242544081
11,62,12.813537003188232
11,63,15.948554360593729
11,64,17.10221527749095
11,65,16.62980119467275
11,66,14.863899092366145
11,67,13.325329704009551
11,68,10.214438009200627
11,69,12.310741195581754
11,70,13.152163964102844
11,71,16.208704596208158
11,72,17.796371627009858
11,73,20.56444884571146
11,74,20.69986577810543
11,75,23.862310885608863
11,76,25.063325337123164
11,77,24.239179446022888
11,78,21.400029216941114
11,79,18.546702874381687
11,80,15.144631709964058
11,81,12.665160139784993
11,82,10.863062039545541
11,83,8.677784551316861
11,84,9.592230849870948
11,85,9.324811289236493
11,86,6.490956759892092
11,87,9.037940248409852
11,88,10.561667231310391
11,89,14.319996392409541
11,90,16.21147912474243
11,91,19.92803276064067
11,92,21.80946041728001
11,93,25.164935530604946
11,94,28.223277274072824
12,1,25.27698842428929
12,2,21.8590228286293
12,3,20.923651688961638
12,4,17.86530476241226
12,5,14.851148492370736
12,6,14.956257975198586
12,7,13.01004150132718
12,8,12.43175003213443
12,9,10.469816305582512
12,10,6.905576364518525
12,11,3.808215593609508
12,13,3.804919624436445
12,14,5.480450122674023
12,15,5.469290266666814
12,16,8.612331077731692
12,17,11.507079111471297
12,18,15.137775606113177
12,19,16.292691540912067
12,20,19.85062578373011
12,21,21.46592444390237
12,22,21.019944235805045
12,23,17.746337437751002
12,24,14.089624810795002
12,25,11.640406149961391
12,26,7.943370014868768
12,27,6.295881352475925
12,28,4.653354556241134
12,29,6.1004236563629215
12,30,8.934088318276299
12,31,11.465030059379282
12,32,14.332740144185511
12,33,17.405020687681034
12,34,17.338118932032426
12,35,18.096512890518216
12,36,17.103282174790106
12,37,16.5016739315577
12,38,13.147490445900035
12,39,14.1181627065662
12,40,13.008915163211242
12,41,14.975506927593967
12,42,15.478201913346211
12,43,18.36724156517113
12,44,20.543276438562675
12,45,20.82694522875974
12,46,23.73789559039614
12,47,23.83053976642543
12,48,21.819256504421567
12,49,23.895077980509974
12,50,23.49467794352745
12,51,20.55460660075597
12,52,20.240014073162108
12,53,17.452290470664074
12,54,19.546408343306904
12,55,17.81443336225245
12,56,18.833797003041326
12,57,17.091566908366023
12,58,19.164221521879046
12,59,18.407353408394236
12,60,14.844203145313294
12,61,14.866154440749057
12,62,13.596427089474869
12,63,16.679363884706508
12,64,18.233178987474027
12,65,17.119637970229526
12,66,14.715167967687984
12,67,12.88837302294634
12,68,9.439237404487558
12,69,10.473688242297516
12,70,11.303097333102981
12,71,13.90436130662991
12,72,15.692930738167828
12,73,18.308458234062236
12,74,18.649478362330125
12,75,21.882857542521123
12,76,22.837896623870378
12,77,22.248299033322322
12,78,19.69491331782018
12,79,17.081375972972126
12,80,14.135560058256129
12,81,11.612010317553967
12,82,10.95868711149215
12,83,9.253694343622033
12,84,11.437554298550435
12,85,11.492989872913613
12,86,7.971893593267088
12,87,9.053616736702246
12,88,9.187094017846139
12,89,12.695191037393784
12,90,13.934462001002856
12,91,17.549504961451618
12,92,19.229116783616234
12,93,22.345609871863665
12,94,25.514627945448723
13,1,25.718175245635532
13,2,22.362558112558137
13,3,21.994051088195285
13,4,19.347926937032437
13,5,16.275401556211317
13,6,16.92351969854309
13,7,15.632419537731286
13,8,15.207284628296424
13,9,12.562336018518469
13,10,9.241777990399337
13,11,6.546102514858975
13,12,3.804919624436445
13,14,3.8061752064281134
13,15,6.35094707858885
13,16,9.615607177559312
13,17,11.540687020245926
13,18,14.918809766804488
13,19,15.382180581876405
13,20,18.892525883639024
13,21,20.66559115886335
13,22,20.903496378638557
13,23,17.780972726143535
13,24,14.426670169019319
13,25,11.3101231901252
13,26,7.717416164589225
13,27,5.106964407629269
13,28,4.820860180876854
13,29,5.701676076966059
13,30,9.417700215751848
13,31,11.899642191157207
13,32,15.113231527853246
13,33,17.87167428614987
13,34,17.23698598834
13,35,17.865165105477583
13,36,17.53957609483166
13,37,17.246489233964017
13,38,14.325616800817993
13,39,16.11870897743975
13,40,15.127856314281019
13,41,17.428702608853946
13,42,18.14282153569859
13,43,21.263485601292345
13,44,23.363852761429076
13,45,23.941684434892466
13,46,27.03056594810532
13,47,26.97346737823576
13,48,25.114717038958734
13,49,27.015975723219096
13,50,26.27904893204262
13,51,23.09179863899415
13,52,22.441258874072798
13,53,19.30440663813942
13,54,20.79710640398533
13,55,18.59656624097637
13,56,18.868145655192883
13,57,16.90681108709167
13,58,19.490988040425073
13,59,18.646521289940342
13,60,14.915697779347024
13,61,14.743632022342343
13,62,13.134187277760132
13,63,15.611573663591345
13,64,16.947061827212757
13,65,15.11552179732625
13,66,12.626513233664244
13,67,11.367961024985572
13,68,8.441063457815549
13,69,9.299326110009142
13,70,11.242261367417266
13,71,13.848279284106596
13,72,16.386994789427423
13,73,19.216435133834967
13,74,20.1938002971513
13,75,23.620227402547638
13,76,24.5855263346759
13,77,24.415203876250253
13,78,22.23092932338296
13,79,19.737795157929444
13,80,17.15707776425741
13,81,14.417588015222515
13,82,14.099662799024108
13,83,12.014412401656868
13,84,14.362058048648038
13,85,14.960577905801376
13,86,11.617386765829346
13,87,12.672494012499355
13,88,12.353275771533733
13,89,15.553336950738876
13,90,16.11907981708704
13,91,19.53358596505516
13,92,20.77555378206158
13,93,23.538831528700676
13,94,26.682485359905463
14,1,27.108469350172207
14,2,24.038163187755455
14,3,23.871685812146758
14,4,21.03610901115279
14,5,18.39394211017547
14,6,19.340649485455916
14,7,17.612760022586816
14,8,17.624358210175966
14,9,15.467300796383332
14,10,11.812001231068702
14,11,9.16814532451563
14,12,5.480450122674023
14,13,3.8061752064281134
14,15,3.797250920957697
14,16,6.653371235027616
14,17,7.8856403125214705
14,18,11.219695491805952
14,19,11.872277924152268
14,20,15.278368942746248
14,21,17.29129145982926
14,22,17.530287742092128
14,23,14.667659356640579
14,24,11.353346022838057
14,25,8.43802504913414
14,26,5.37177044663606
14,27,4.695034939010536
14,28,6.651429686061303
14,29,8.979283160203874
14,30,12.555897072308694
14,31,15.425418409478628
14,32,18.384910205870494
14,33,20.967926069709065
14,34,20.026339570937093
14,35,20.233660337371532
14,36,19.555462741559477
14,37,18.602389931848005
14,38,15.478286290982581
14,39,16.947215523141367
14,40,15.139236627279766
14,41,16.84536656906962
14,42,16.978440177764288
14,43,19.96563362236878
14,44,21.626874208546734
14,45,22.377437613956097
14,46,25.744967556834045
14,47,25.72363870671147
14,48,24.35590498896169
14,49,26.36548161242791
14,50,25.23645949272676
14,51,22.043527425811806
14,52,20.809730243499022
14,53,17.71459313649047
14,54,18.99965286259306
14,55,17.09370686764373
14,56,17.096730374866407
14,57,15.811918545294702
14,58,18.750677586035213
14,59,18.658184658859536
14,60,15.190573283875585
14,61,15.919761257602827
14,62,15.106164457070191
14,63,17.67856295332571
14,64,19.526837635231065
14,65,17.555150402302836
14,66,14.543617373713818
14,67,12.730441034445928
14,68,9.626719002656394
14,69,8.917210442093426
14,70,10.14940364641185
14,71,11.826888655137815
14,72,14.221296841087204
14,73,16.649305355574356
14,74,17.673175064102246
14,75,21.005463178857024
14,76,21.701356467075833
14,77,21.73859632029548
14,78,19.898458546937494
14,79,17.715442140494332
14,80,15.715209798329687
14,81,13.194334458410124
14,82,13.892368242345164
14,83,12.538898421973492
14,84,15.575514757560812
14,85,16.209936549140473
14,86,12.629353181403417
14,87,12.566784639166055
14,88,11.203430354269337
14,89,13.770959011483093
14,90,13.603460359196248
14,91,16.726145328909467
14,92,17.700244632101022
14,93,20.19145110738868
14,94,23.364802277239377
15,1,27.729833364193233
15,2,24.724504507404085
15,3,24.165868267606232
15,4,20.944213790312798
15,5,18.55376327235521
15,6,19.17438185625759
15,7,16.79016707982491
15,8,16.860840531850897
15,9,15.474957155894568
15,10,11.716302421184695
15,11,9.088983670542987
15,12,5.469290266666814
15,13,6.35094707858885
15,14,3.797250920957697
15,16,3.8272470865012744
15,17,6.185879118247993
15,18,9.936166091335853
15,19,11.672465059366433
15,20,14.973090902189337
15,21,16.9495642514634
15,22,16.391611347077486
15,23,13.541232995399339
15,24,9.859443325008092
15,25,8.036950570120256
15,26,5.347459930482727
15,27,6.498740166070618
15,28,7.8215360900548525
15,29,10.692766799060154
15,30,13.758109154054338
15,31,16.712128280805295
15,32,19.375521955007873
15,33,22.13493167490034
15,34,21.538584311462277
15,35,21.733885555868603
15,36,20.436399254839387
15,37,19.009772764586724
15,38,15.492068985393486
15,39,16.092479402853535
15,40,13.756729466060104
15,41,14.72703558803481
15,42,14.201701374930535
15,43,16.8308486746923
15,44,18.236836631326767
15,45,18.752140534159864
15,46,22.158473904722246
15,47,22.364161637246173
15,48,21.178464886063644
15,49,23.460375594518275
15,50,22.437307502230034
15,51,19.506125765984212
15,52,18.231493008267858
15,53,15.540967731195268
15,54,17.353430981464857
15,55,16.13063588510325
15,56,16.766818370094786
15,57,16.050218119632145
15,58,18.62955097166801
15,59,18.95668478613505
15,60,15.780153175771904
15,61,16.989062054032757
15,62,16.675123015597727
15,63,19.73137389623926
15,64,21.86433496753745
15,65,20.369155999356853
15,66,17.302361023983813
15,67,14.954477595313666
15,68,11.41863667402345
15,69,10.50107666524317
15,70,10.371012655713805
15,71,11.525695321348765
15,72,12.955565388940895
15,73,14.862488692309528
15,74,15.160246721269292
15,75,18.227997550992164
15,76,18.68586838605055
15,77,18.345035987229664
15,78,16.271873387427227
15,79,14.195182434920971
15,80,12.223009367721463
15,81,10.15846212100886
15,82,11.377490246547051
15,83,10.980022388032792
15,84,14.181844377550705
15,85,14.331077610496028
15,86,10.633016507273561
15,87,9.631331271057094
15,88,7.639386959718417
15,89,9.996662629876777
15,90,10.025890637233733
15,91,13.268262994262088
15,92,14.666611202190664
15,93,17.425432700470097
15,94,20.726729437110034
16,1,27.397294480669807
16,2,24.761803928009872
16,3,24.362217121335195
16,4,21.053313905892455
16,5,19.267582713045137
16,6,20.25732688235381
16,7,17.65429109151742
16,8,18.410740790149603
16,9,17.507644226742034
16,10,13.725010015441915
16,11,11.851317752442569
16,12,8.612331077731692
16,13,9.615607177559312
16,14,6.653371235027616
16,15,3.8272470865012744
16,17,3.7865184719757803
16,18,7.097968908545968
16,19,9.205325100924014
16,20,12.430463702816677
16,21,14.0235321169532
16,22,12.951655799584726
16,23,10.090353820431684
16,24,6.339193237742668
16,25,5.644186538268563
16,26,4.67794449420093
16,27,7.747688856091624
16,28,9.742441460470388
16,29,13.220491608127125
16,30,15.90870764227232
16,31,19.21887873532393
16,32,21.42005205231762
16,33,23.846678489132746
16,34,22.968561913564173
16,35,22.735086804996634
16,36,21.00769680881056
16,37,18.942487092157037
16,38,15.426122273798166
16,39,15.593690522253018
16,40,12.585650048607521
16,41,12.834762913769534
16,42,11.826631421796911
16,43,14.366686785913735
16,44,15.487462564719435
16,45,16.50204679592773
16,46,20.073843827500248
16,47,19.993715686147212
16,48,19.251815231388917
16,49,21.381893299348302
16,50,19.89550247184063
16,51,16.944726296821067
16,52,15.155384377348653
16,53,12.544342576336131
16,54,14.182427907660266
16,55,13.41564526648897
16,56,14.11265593316326
16,57,14.150835541933908
16,58,16.665971530055565
16,59,17.70756877568227
16,60,15.063767793649241
16,61,17.06852275222833
16,62,17.58887989421175
16,63,20.747680665052844
16,64,23.377948969127164
16,65,22.083104018651998
16,66,18.69725184254039
16,67,15.814035554308482
16,68,12.341214397800725
16,69,10.479695492564503
16,70,9.106657871404579
16,71,9.116679434598167
16,72,9.815401876607774
16,73,11.238524405581227
16,74,11.478931325972336
16,75,14.548707144827121
16,76,15.089936979948073
16,77,15.13550625574708
16,78,13.531557232560889
16,79,11.445415501713665
16,80,10.204467776320863
16,81,8.216441028604828
16,82,10.50718752767104
16,83,10.865425921953417
16,84,14.463795392431466
16,85,14.975784121090427
16,86,11.655414790755868
16,87,9.75992946646857
16,88,7.181408435653638
16,89,8.472195107137107
16,90,7.2665374776911795
16,91,10.35682585779256
16,92,11.17568512885852
16,93,13.993838250245787
16,94,17.121442779737038
17,1,29.893801972518293
17,2,27.45254385267714
17,3,27.409108023161288
17,4,24.25986728967429
17,5,22.56571148433573
17,6,23.798327802271906
17,7,21.341365119835526
17,8,22.112623890806326
17,9,20.99830010548909
17,10,17.17773855777257
17,11,15.069867677322515
17,12,11.507079111471297
17,13,11.540687020245926
17,14,7.8856403125214705
17,15,6.185879118247993
17,16,3.7865184719757803
17,18,3.7908820121588773
17,19,6.348739650334989
17,20,9.144833541364095
17,21,11.39241211682665
17,22,10.790789891701843
17,23,8.736887221944508
17,24,5.728087133682591
17,25,5.593222030322293
17,26,6.419230022532641
17,27,9.68312262013225
17,28,12.499306973369299
17,29,15.87440274795235
17,30,18.896913915516908
17,31,22.210034294854797
17,32,24.591795672794557
17,33,26.9091548322701
17,34,25.72592888216576
17,35,25.322640471293465
17,36,23.83146682308679
17,37,21.728257709727604
17,38,18.43420598482797
17,39,18.86431261566693
17,40,15.744992696381317
17,41,15.809353357782689
17,42,14.546242964007087
17,43,16.798401312868908
17,44,17.318329712051625
17,45,18.468761582643925
17,46,22.194569133818444
17,47,22.183095517100003
17,48,21.957977960730503
17,49,24.05859183267766
17,50,22.20700346005885
17,51,19.31290759956887
17,52,16.9347312386118
17,53,14.42083018882308
17,54,15.352345735350015
17,55,14.691323106862876
17,56,14.571734575342512
17,57,15.17278198643585
17,58,18.124600634674827
17,59,19.60017332585627
17,60,17.15682094625645
17,61,19.397588688259884
17,62,20.016801342680303
17,63,22.835597875406947
17,64,25.479344720670927
17,65,23.76667010914087
17,66,20.236630250097328
17,67,17.54533355909309
17,68,14.451952696120232
17,69,11.923334860781685
17,70,10.81334494540594
17,71,9.805443933637903
17,72,10.641485941160001
17,73,11.404571710320543
17,74,12.06308717469598
17,75,14.83987651079118
17,76,14.867070912170393
17,77,15.38087757742452
17,78,14.503527168151098
17,79,13.17709381140425
17,80,12.879264463277504
17,81,11.394403586134956
17,82,14.092810419117015
17,83,14.505852823794298
17,84,18.16828591842289
17,85,18.758960612510993
17,86,15.416088597340147
17,87,13.39141671698547
17,88,10.424828983772189
17,89,10.77628944381677
17,90,8.569956329534023
17,91,10.533533273706185
17,92,10.643135803028324
17,93,12.565289434057052
17,94,15.735699860167752
18,1,31.149600554465565
18,2,29.07905573315432
18,3,29.351515280409213
18,4,26.329462552424232
18,5,25.030464221968103
18,6,26.593775228823457
18,7,24.192820242118085
18,8,25.32347620980718
18,9,24.295067608456847
18,10,20.484576093708846
18,11,18.65169816720817
18,12,15.137775606113177
18,13,14.918809766804488
18,14,11.219695491805952
18,15,9.936166091335853
18,16,7.097968908545968
18,17,3.7908820121588773
18,19,3.814980441255414
18,20,5.6850480117606805
18,21,7.995013880038749
18,22,7.436091984636902
18,23,6.397111041728332
18,24,5.0331850121314226
18,25,6.391217640584752
18,26,8.905607270392485
18,27,12.391409883641483
18,28,15.557355263039131
18,29,19.045948467960446
18,30,21.978880908485515
18,31,25.441162842706547
18,32,27.64296629507488
18,33,29.682722793297533
18,34,28.18294032896295
18,35,27.45478289101454
18,36,25.901315336551207
18,37,23.50220872569212
18,38,20.461380940640232
18,39,20.854451579511885
18,40,17.521345867318825
18,41,17.202756833401214
18,42,15.752655319350982
18,43,17.74446454263802
18,44,17.809543712980428
18,45,19.396481937618486
18,46,23.133765329769744
18,47,22.882022583662195
18,48,23.166139969441776
18,49,25.0106684507658
18,50,22.68851473130172
18,51,19.86604002325266
18,52,16.938306325632297
18,53,14.620536145358216
18,54,14.788260183646273
18,55,14.461739285157801
18,56,13.760650718662726
18,57,15.18022340218501
18,58,18.19757341560798
18,59,20.278016602212357
18,60,18.37180562262746
18,61,21.060149110094542
18,62,22.14960798560044
18,63,24.761903629858306
18,64,27.635699377786644
18,65,25.86790897219322
18,66,22.1829085152656
18,67,19.393960182156704
18,68,16.682517845703902
18,69,13.572774717093607
18,70,12.086630435764913
18,71,9.90982067357596
18,72,10.27600451733524
18,73,10.138318567421077
18,74,11.216416190763047
18,75,13.635382856616658
18,76,13.493023831065516
18,77,14.780929687499313
18,78,14.862029826995181
18,79,13.995438050043424
18,80,14.620841098279131
18,81,13.40671391843383
18,82,16.490754752251114
18,83,17.11576923745908
18,84,20.858339183150342
18,85,21.730653572133246
18,86,18.629338966659965
18,87,16.387941162420145
18,88,13.369101014626548
