1,2,3.7983362651429102
1,3,6.803468087981266
1,4,9.625529807165696
1,5,12.215724645630566
1,6,15.308343440463572
1,7,17.558600422162336
1,8,20.682757653157367
1,9,20.160490677157394
1,10,20.578769215444556
1,11,23.829724569737483
1,12,25.220082767325355
1,13,25.884641284598843
1,14,27.082853583019638
1,15,27.9008029099481
1,16,27.469073110734634
1,17,29.982352056095845
1,18,31.138277565097855
1,19,29.688670325677727
1,20,32.88204250391285
1,21,31.288978797314265
1,22,30.91422487580509
1,23,27.493232434302957
1,24,26.66464267291955
1,25,24.98373332146121
1,26,24.062514949864607
1,27,22.486030001816577
1,28,21.171120454032234
1,29,20.841355017428935
1,30,18.641280043535836
1,31,20.0339067193765
1,32,17.362195747943407
1,33,14.700220193798435
1,34,12.38872982145262
1,35,10.031551966701672
1,36,8.733347777199684
1,37,8.92289599967057
1,38,12.620821809806241
1,39,14.201962499511584
1,40,16.88655153224826
1,41,19.449082773888755
1,42,23.220351828437504
1,43,26.090945762748802
1,44,29.703303377028348
1,45,31.989780511762927
1,46,33.13770827041471
1,47,30.49813022293789
1,48,27.595621977874085
1,49,25.902053115567135
1,50,25.094290677721798
1,51,22.488308653358207
1,52,24.225393062162098
1,53,21.92369477105273
1,54,21.43416369672874
1,55,18.82429859571091
1,56,19.87773998182316
1,57,16.925170513699637
1,58,14.45257883432529
1,59,11.082105445160128
1,60,12.703528832660261
1,61,11.090392056791869
1,62,12.882756433595823
1,63,12.420290598304957
1,64,14.38287946782137
1,65,17.442405232863184
1,66,17.120764701817418
1,67,15.929438479924258
1,68,17.682615219528834
1,69,19.425959083014813
1,70,19.2460161640464
1,71,21.46794805454767
1,72,22.32122879956889
1,73,25.269444810922117
1,74,27.039576514493785
1,75,29.87412687879985
1,76,33.408886497079585
1,77,34.738502054682414
1,78,33.66513781097821
1,79,29.915940507191074
1,80,27.808201358489487
1,81,24.655010795286756
1,82,22.104400332573345
1,83,19.512120289434517
1,84,18.611482764152182
1,85,22.180557991609113
1,86,23.603827236038367
1,87,25.971773329618287
1,88,28.269750786991285
1,89,31.000039565401035
1,90,31.096569634586654
1,91,33.86296574635263
1,92,33.00191330396816
1,93,36.094573698291924
1,94,37.106813503122254
2,1,3.7983362651429102
2,3,3.7795223326803455
2,4,6.488468550369735
2,5,8.553824766844382
2,6,11.702929669869965
2,7,14.123034168373742
2,8,17.078077960578444
2,9,16.40097539511101
2,10,16.95149969355369
2,11,20.273529800051293
2,12,21.904401933528344
2,13,22.694826069360403
2,14,24.17449107074736
2,15,25.014459637779925
2,16,24.935789095562882
2,17,27.67065348417701
2,18,29.20409878819314
2,19,28.00023431285511
2,20,31.407220351739223
2,21,30.204957773043553
2,22,29.769302493360897
2,23,26.168126290752777
2,24,24.86648572848698
2,25,22.9484120518436
2,26,21.562823742154745
2,27,19.702775460003803
2,28,17.98922787143463
2,29,17.41617451514756
2,30,14.991162935998656
2,31,16.29876769259761
2,32,13.617680822099473
2,33,11.15276710774879
2,34,9.01004371257051
2,35,6.898409051303499
2,36,5.072315728381577
2,37,5.968763432904554
2,38,9.671424149523537
2,39,11.544630949038547
2,40,14.56820286468144
2,41,17.521831464649477
2,42,21.309329984227094
2,43,24.333921510319637
2,44,28.031806303913523
2,45,30.007764343972735
2,46,31.27474894723635
2,47,28.956117139115367
2,48,25.856600774477602
2,49,24.597652428076387
2,50,24.053872389776195
2,51,21.316629271048406
2,52,23.095430489536774
2,53,20.63044665018048
2,54,20.6677040133276
2,55,17.929463267275516
2,56,19.199050761060032
2,57,15.986055439764646
2,58,14.027116754646721
2,59,10.290496064158496
2,60,10.884201793274238
2,61,8.597518769127669
2,62,9.816917939673836
2,63,9.906833339041457
2,64,11.856904343734127
2,65,14.977126076147083
2,66,14.704727168820394
2,67,13.44229914670669
2,68,14.891780904791496
2,69,17.123357217351643
2,70,17.18022042717151
2,71,19.86423560149196
2,72,20.950147051822103
2,73,24.131881035707377
2,74,25.728541211501266
2,75,28.76365299679446
2,76,32.11089979070553
2,77,33.13058605214386
2,78,31.730598069948474
2,79,27.931545934914798
2,80,25.49382670557737
2,81,22.248471490846104
2,82,19.43523833925428
2,83,16.560423221291533
2,84,15.44042830409079
2,85,18.944159221354962
2,86,20.362544554043726
2,87,23.00586872998551
2,88,25.449253725115103
2,89,28.408704447366805
2,90,28.78982394282529
2,91,31.799565474922858
2,92,31.2874709683822
2,93,34.540349357228884
2,94,35.8936708105607
3,1,6.803468087981266
3,2,3.7795223326803455
3,4,3.84774763346196
3,5,6.3597474885798935
3,6,8.769393048607833
3,7,11.319932412809212
3,8,14.248848590974792
3,9,14.179085212281302
3,10,15.269988096393218
3,11,18.890708381853802
3,12,20.94578474453512
3,13,22.29442630105065
3,14,23.96172238725057
3,15,24.4194742587133
3,16,24.51356285789505
3,17,27.5936029817795
3,18,29.453649586061033
3,19,28.724565970198743
3,20,32.27559668032667
3,21,31.29256175520421
3,22,30.490385224458908
3,23,26.787278720924405
3,24,25.08706789449023
3,25,23.336254464433097
3,26,21.61497966762737
3,27,19.793850972645604
3,28,17.56119744515108
3,29,16.910751470157543
3,30,14.01974981722268
3,31,14.998162639792158
3,32,11.943996145972795
3,33,9.822971069109661
3,34,8.988795222679611
3,35,7.968216986616003
3,36,5.253569338452032
3,37,6.172155310186522
3,38,9.03842610999354
3,39,9.988031898415347
3,40,13.530157645362783
3,41,16.33584530766206
3,42,20.07065180022824
3,43,22.846262267144787
3,44,26.615949025686053
3,45,28.240790528105403
3,46,29.228996125784423
3,47,27.06451462632304
3,48,23.72289897634868
3,49,22.56301050570088
3,50,22.560620997582152
3,51,20.126662948177362
3,52,22.349579103571426
3,53,20.22457299493368
3,54,20.931056417796253
3,55,18.58017853904232
3,56,20.455366635354622
3,57,17.45501299337118
3,58,15.508445399607986
3,59,11.903520623374462
3,60,12.116376627083532
3,61,9.912719154739758
3,62,10.644103548371303
3,63,11.676333401207586
3,64,13.320149905377967
3,65,16.462090692781047
3,66,16.261705707759813
3,67,14.762291871202184
3,68,15.421069301660273
3,69,17.971029210768943
3,70,17.763371905861963
3,71,20.591866709466814
3,72,21.363167313655534
3,73,24.42306031789941
3,74,25.49659313498906
3,75,28.405201051927435
3,76,31.628855683011576
3,77,32.24829218805663
3,78,30.51310054675325
3,79,26.679022317918296
3,80,23.96689034138996
3,81,20.96881311850008
3,82,17.76380073930535
3,83,15.046016467741785
3,84,13.188247016119522
3,85,16.374888589714484
3,86,18.34685940717963
3,87,21.092415024725433
3,88,23.93281646730091
3,89,26.91189080960397
3,90,27.745838070799053
3,91,30.919411038832145
3,92,30.79802425507084
3,93,34.247861909488726
3,94,35.732025242706364
4,1,9.625529807165696
4,2,6.488468550369735
4,3,3.84774763346196
4,5,3.835146837127575
4,6,6.410436977984266
4,7,8.015268827337573
4,8,11.378864625879363
4,9,11.64206499826592
4,10,12.287662824390438
4,11,15.904015224113717
4,12,17.829178633189816
4,13,19.55604535849562
4,14,21.024006047411724
4,15,21.114723467348405
4,16,21.13952371738203
4,17,24.36890509453028
4,18,26.36820862545596
4,19,25.98033837710483
4,20,29.593964516295916
4,21,28.789289480679734
4,22,27.728115423632055
4,23,23.981988424894734
4,24,22.012885491667895
4,25,20.433950726647506
4,26,18.614614873886435
4,27,17.06660145277513
4,28,14.770771469499344
4,29,14.609856779679342
4,30,11.942654034127075
4,31,13.48652637350674
4,32,10.961116799313558
4,33,10.085202807232815
4,34,9.65797423618929
4,35,8.990007325447221
4,36,5.3578021771643165
4,37,4.6282291853490705
4,38,6.029631175307989
4,39,6.296695841787458
4,40,9.986399061301222
4,41,12.826677747733767
4,42,16.485621407414598
4,43,19.293515830639038
4,44,23.06530882102162
4,45,24.554552799837968
4,46,25.6574572434578
4,47,23.673446430585496
4,48,20.309965666518703
4,49,19.49673969699427
4,50,19.540273658414467
4,51,17.009098741133496
4,52,19.20403188424589
4,53,17.09836298330156
4,54,18.27150357854422
4,55,16.125015376665726
4,56,18.37336911183983
4,57,15.609086291810103
4,58,13.938125976310147
4,59,10.661224032677374
4,60,10.365440517235713
4,61,8.754895044262643
4,62,9.674770365356292
4,63,11.907790482521488
4,64,14.056112815355405
4,65,16.584345535628472
4,66,15.739459417133547
4,67,13.570637791727302
4,68,13.311480724015984
4,69,15.748551354748
4,70,15.139133057387628
4,71,17.96446589794416
4,72,18.525328719105914
4,73,21.518556334905664
4,74,22.301201378335538
4,75,25.22148650011508
4,76,28.296105765564484
4,77,28.711607165541103
4,78,26.829671436822913
4,79,22.99757796699662
4,80,20.18293432479345
4,81,17.22397815640358
4,82,13.94068811556331
4,83,11.308842350905367
4,84,9.422138931377804
4,85,12.727979038531991
4,86,14.650098170928617
4,87,17.27612326239404
4,88,20.14560123607475
4,89,23.097037825468306
4,90,24.037167134199994
4,91,27.26830005085911
4,92,27.33309031109322
4,93,30.865131578666226
4,94,32.48380632549565
5,1,12.215724645630566
5,2,8.553824766844382
5,3,6.3597474885798935
5,4,3.835146837127575
5,6,3.789416912356644
5,7,5.917376639498808
5,8,8.631555626206964
5,9,8.090777598505833
5,10,8.919460113546988
5,11,12.590659938099563
5,12,14.884227310175477
5,13,16.546723028144644
5,14,18.48701534817959
5,15,18.85805959987319
5,16,19.50644956123139
5,17,22.830282196738068
5,18,25.228205465740714
5,19,24.955721911630445
5,20,28.69733453118466
5,21,28.374619838037173
5,22,27.50662307254204
5,23,23.700467325340053
5,24,21.303130800104874
5,25,19.28075695669818
5,26,16.87738219158898
5,27,14.800687736350497
5,28,11.983634578741782
5,29,11.25286361946451
5,30,8.264889387578101
5,31,9.680668769168392
5,32,7.415532702007925
5,33,7.407469614436134
5,34,7.512863844967752
5,35,7.776283816813902
5,36,4.853719105300433
5,37,5.434972780411163
5,38,5.438839691958849
5,39,6.686889036371796
5,40,10.108602083128233
5,41,13.42017472366113
5,42,16.782186697437872
5,43,19.806848104814254
5,44,23.492851575150592
5,45,24.59622164856092
5,46,25.999516815808146
5,47,24.52246876168329
5,48,21.11811994390215
5,49,20.979681566949075
5,50,21.15269035202118
5,51,18.45964503697196
5,52,20.3167358458676
5,53,17.922256206040025
5,54,19.390472136528576
5,55,17.014410451153328
5,56,18.989654363328636
5,57,15.997521724513893
5,58,15.217217528581527
5,59,11.998773463060314
5,60,10.433690985012978
5,61,8.196356167088306
5,62,7.705861367218066
5,63,10.401382961796598
5,64,12.121214153276856
5,65,14.29638659679032
5,66,13.629006236223654
5,67,11.738472971713874
5,68,11.16067793093586
5,69,14.17548481966092
5,70,14.226654377972539
5,71,17.5275491318097
5,72,18.6223832808984
5,73,21.862450868215525
5,74,22.658240609291006
5,75,25.827407756134182
5,76,28.584998479642284
5,77,28.744640727524235
5,78,26.578962821943463
5,79,22.81207817141883
5,80,19.668256172242813
5,81,16.537887664560767
5,82,13.117176950715251
5,83,9.904693545539077
5,84,7.904781688781018
5,85,10.98580780405374
5,86,12.550632299324947
5,87,15.724695688195439
5,88,18.60509428345392
5,89,21.927676068512092
5,90,23.116546295396294
5,91,26.588961081015064
5,92,27.00149662853274
5,93,30.569857889342167
5,94,32.588746998123966
6,1,15.308343440463572
6,2,11.702929669869965
6,3,8.769393048607833
6,4,6.410436977984266
6,5,3.789416912356644
6,7,3.815865510838638
6,8,5.572448758425503
6,9,6.026852918825544
6,10,8.195933916806263
6,11,11.98901815560238
6,12,14.923263990344976
6,13,17.113089631545556
6,14,19.358930593401556
6,15,19.40172163449373
6,16,20.43883666919038
6,17,23.99836618512171
6,18,26.741442703124996
6,19,26.928112265089755
6,20,30.712762745667806
6,21,30.68859682937134
6,22,29.59112174289328
6,23,25.805660708150764
6,24,23.057497800172634
6,25,21.170727459576103
6,26,18.427282735161665
6,27,16.36190338796775
6,28,13.064789961430604
6,29,12.007703170310059
6,30,8.660510086042256
6,31,9.027568405597941
6,32,6.587308725661
6,33,7.605198998454377
6,34,9.395825824678974
6,35,10.605831563491627
6,36,8.343178274324716
6,37,9.160287854598769
6,38,8.437401815537637
6,39,8.452399763479358
6,40,11.717143695805522
6,41,14.56786644135149
6,42,17.521024154754
6,43,20.14488685256153
6,44,23.74430734240352
6,45,24.28661220786905
6,46,25.399514097795834
6,47,24.295234543818783
6,48,20.69459400804752
6,49,20.876039757144188
6,50,21.693561646200056
6,51,19.427836320776844
6,52,21.578589427510693
6,53,19.59028403187507
6,54,21.618880806966896
6,55,19.641586985722363
6,56,21.907892382239037
6,57,19.162218366552498
6,58,18.492832139174507
6,59,15.510367953305305
6,60,13.844119917528767
6,61,11.790006554700742
6,62,10.76703806873688
6,63,13.446941688595157
6,64,14.490854193771268
6,65,16.56916727038912
6,66,16.259636944886847
6,67,14.621293683209473
6,68,13.534810722600858
6,69,16.669539076892832
6,70,16.689239958916776
6,71,19.97236677389849
6,72,20.853114943886894
6,73,23.882132898874914
6,74,24.17196627726465
6,75,27.15960062404914
6,76,29.650809943376235
6,77,29.333086502581637
6,78,26.778327150231565
6,79,23.107090068971644
6,80,19.656211035748655
6,81,16.95034305179135
6,82,13.219534151871073
6,83,10.393030424315528
6,84,7.359207669627013
6,85,9.277432346234864
6,86,11.578742468186466
6,87,14.979527422578935
6,88,18.286993314768395
6,89,21.6407278000078
6,90,23.42182122077385
6,91,27.04257661759768
6,92,27.953629347902403
6,93,31.63766417836555
6,94,33.834650400585545
7,1,17.558600422162336
7,2,14.123034168373742
7,3,11.319932412809212
7,4,8.015268827337573
7,5,5.917376639498808
7,6,3.815865510838638
7,8,3.8342263010733726
7,9,5.703213806231004
7,10,6.727079845083355
7,11,10.269148620472116
7,12,12.893227060544081
7,13,15.685802961227997
7,14,17.49569172887978
7,15,16.90000000284695
7,16,17.759150581250964
7,17,21.453258272828855
7,18,24.277126792478885
7,19,24.90379221068032
7,20,28.64913305338283
7,21,28.753309576792745
7,22,27.32602851556525
7,23,23.614651862055695
7,24,20.66419626012004
7,25,19.1605400083849
7,26,16.457287272884443
7,27,14.966217995319829
7,28,11.81330775455285
7,29,11.663210683627888
7,30,9.13707491137449
7,31,10.31915226243716
7,32,9.1393075882404
7,33,11.030772951958856
7,34,12.481795134818677
7,35,13.397897236343548
7,36,10.721610795019778
7,37,10.292114676023107
7,38,8.210901853446783
7,39,6.99240658755356
7,40,9.502759221783904
7,41,11.877893617186649
7,42,14.3886467555001
7,43,16.83134041803813
7,44,20.31700265941383
7,45,20.631830022817375
7,46,21.804085438415616
7,47,20.94148390594155
7,48,17.38852314344048
7,49,18.009088272077236
7,50,18.92960414993507
7,51,16.76457157058753
7,52,18.836983983978882
7,53,17.09187309834216
7,54,19.59489534003519
7,55,18.065830693910755
7,56,20.645501145984007
7,57,18.39055466000639
7,58,17.92904660118509
7,59,15.56174786069771
7,60,13.792950173016376
7,61,12.66019307817613
7,62,12.133487311543565
7,63,15.435705873638923
7,64,16.988597002249147
7,65,18.48181961338239
7,66,17.50041686712367
7,67,15.259616747449785
7,68,13.267608243203348
7,69,15.905629740971763
7,70,15.343513637068021
7,71,18.32462007858658
7,72,18.800426448295564
7,73,21.53446504715247
7,74,21.388856139792804
7,75,24.230921357888903
7,76,26.49999226185362
7,77,25.921059406513727
7,78,23.210091430662928
7,79,19.60526075153292
7,80,16.058367512050072
7,81,13.594475186497528
7,82,9.787898597975573
7,83,7.440398534487744
7,84,3.9330944628648776
7,85,5.512703812812015
7,86,8.103576069589762
7,87,11.314160344395525
7,88,14.769992173185635
7,89,18.012257650455922
7,90,19.988775678076493
7,91,23.621578505688216
7,92,24.764625217204596
7,93,28.49771940564506
7,94,30.76492998099137
8,1,20.682757653157367
8,2,17.078077960578444
8,3,14.248848590974792
8,4,11.378864625879363
8,5,8.631555626206964
8,6,5.572448758425503
8,7,3.8342263010733726
8,9,3.782082363484244
8,10,6.107036268049431
8,11,9.098915293391421
8,12,12.37027725948693
8,13,15.278765599942856
8,14,17.58051023296018
8,15,17.057783810371365
8,16,18.6213889622101
8,17,22.327134413860875
8,18,25.514000194349368
8,19,26.397944264327755
8,20,30.146780989948905
8,21,30.694146148025236
8,22,29.351839142077782
8,23,25.716122891898337
8,24,22.458516732907214
8,25,20.76579319858661
8,26,17.64098874150907
8,27,15.852926939113935
8,28,12.334301646303178
8,29,11.523094761388725
8,30,8.984872840485364
8,31,9.078000134787672
8,32,8.563735567107173
8,33,11.356173197714252
8,34,13.604826207010932
8,35,15.191714925297967
8,36,13.243723955773403
8,37,13.500015193355644
8,38,11.390500364985312
8,39,10.628164519403098
8,40,12.645516425985138
8,41,14.845066278770265
8,42,16.79293022077837
8,43,19.00005609375465
8,44,22.19490362267909
8,45,21.917205140046406
8,46,23.074752204824797
8,47,22.79840367815718
8,48,19.2928656611835
8,49,20.431746875008677
8,50,21.68638049068066
8,51,19.73096655631369
8,52,21.647006527600485
8,53,19.97780563252843
8,54,22.68457136227092
8,55,21.182343000544954
8,56,23.58566426378957
8,57,21.307762796841523
8,58,21.26962211940074
8,59,18.93429392440589
8,60,16.741308883612465
8,61,15.31720771614376
8,62,13.990806746387934
8,63,17.120818874182017
8,64,18.01803387269978
8,65,19.223664759507255
8,66,18.637732646670205
8,67,16.891748531401966
8,68,14.756063166267424
8,69,17.6163692198198
8,70,17.54229157982631
8,71,20.646132682266792
8,72,21.367738214655155
8,73,24.072184971948875
8,74,23.757394540633285
8,75,26.576990433444454
8,76,28.46229342721966
8,77,27.498296383677786
8,78,24.47169371987189
8,79,21.123145963863113
8,80,17.37148759206911
8,81,15.229000480760025
8,82,11.611614375377155
8,83,9.512761796682325
8,84,6.434002983664165
8,85,5.819394866632092
8,86,8.137254332085085
8,87,11.655173686384897
8,88,15.121253608651894
8,89,18.498826396802166
8,90,20.94291346141002
8,91,24.693047360512814
8,92,26.307371988591367
8,93,30.013651011461416
8,94,32.583085699338675
9,1,20.160490677157394
9,2,16.40097539511101
9,3,14.179085212281302
9,4,11.64206499826592
9,5,8.090777598505833
9,6,6.026852918825544
9,7,5.703213806231004
9,8,3.782082363484244
9,10,3.84484140192632
9,11,6.9188965321662375
9,12,10.490674289003753
9,13,12.74520575387657
9,14,15.54969644599017
9,15,15.795883900683833
9,16,17.800606300695595
9,17,21.306874971398962
9,18,24.55451411442776
9,19,25.07571977441298
9,20,28.861176496065145
9,21,29.581641186834457
9,22,28.688407243476536
9,23,25.028527919524144
9,24,21.77351482247181
9,25,19.518432291275925
9,26,16.12990136788018
9,27,13.690912773051815
9,28,9.946803871023292
9,29,8.287423754291632
9,30,5.507866337753558
9,31,5.416277466526208
9,32,5.875084527613548
9,33,9.296729133086266
9,34,11.278469654206667
9,35,13.092630718897617
9,36,11.884486139692834
9,37,12.686224644227952
9,38,10.695387521447067
9,39,11.223155512640986
9,40,13.128766063848174
9,41,15.960705518352619
9,42,18.071478377162194
9,43,20.770411398438544
9,44,23.955233788525863
9,45,23.915117201426153
9,46,25.530059553260553
9,47,25.24907955643065
9,48,21.908148328376324
9,49,23.080485570870906
9,50,23.853114762705893
9,51,21.440266343085266
9,52,22.90533122171718
9,53,20.68657625414273
9,54,23.008453801364283
9,55,20.988090335295
9,56,22.85638081475012
9,57,20.219036142631737
9,58,20.654448362537337
9,59,18.167098786527607
9,60,15.451132973689209
9,61,13.586786035069501
9,62,11.530854421519942
9,63,14.467175496078708
9,64,15.047516812386574
9,65,15.886780257623085
9,66,15.478373221653708
9,67,14.173210827299211
9,68,12.267171593853263
9,69,15.475588957362762
9,70,16.163077045184387
9,71,19.598045724460178
9,72,20.97618459922729
9,73,24.03829128067242
9,74,24.23994653218613
9,75,27.398194319250607
9,76,29.284729137679456
9,77,28.583538521307787
9,78,25.72171232717146
9,79,22.384554059625014
9,80,18.712163812023963
9,81,16.059353668299234
9,82,12.740527452413772
9,83,9.841853437698603
9,84,7.772528719621118
9,85,8.14842770129578
9,86,8.978854170513696
9,87,12.82277927202071
9,88,15.743855826801033
9,89,19.429721273925175
9,90,21.508171714189725
9,91,25.296799889273107
9,92,26.72968660455921
9,93,30.315682251364095
9,94,33.04265020721137
10,1,20.578769215444556
10,2,16.95149969355369
10,3,15.269988096393218
10,4,12.287662824390438
10,5,8.919460113546988
10,6,8.195933916806263
10,7,6.727079845083355
10,8,6.107036268049431
10,9,3.84484140192632
10,11,3.814260266175557
10,12,6.901830819204445
10,13,9.344124878110671
10,14,11.835369885007806
10,15,12.036722165617155
10,16,14.027339982877859
10,17,17.48579338516865
10,18,20.74208143177037
10,19,21.294206544945954
10,20,25.066753929282378
10,21,25.903576637855505
10,22,25.056843307185584
10,23,21.451215518074125
10,24,18.117835658387797
10,25,15.797020381380666
10,26,12.341958126048883
10,27,10.043049974061189
10,28,6.37438027999383
10,29,5.707295992842352
10,30,4.6062661663628175
10,31,6.7234504744804395
10,32,8.341603270787772
10,33,11.54494008144966
10,34,12.433344611963342
10,35,13.641157022235372
10,36,12.230146041393912
10,37,12.174955801694095
10,38,9.372070468821445
10,39,10.106454251136377
10,40,11.004684613420922
10,41,13.850912812449996
10,42,15.661981194223983
10,43,18.6179775055022
10,44,21.639193982568266
10,45,21.77259993935515
10,46,23.853508475933292
10,47,23.646198734182576
10,48,20.61697565980286
10,49,22.05136355424715
10,50,22.343967756350153
10,51,19.631671255055863
10,52,20.544989056005043
10,53,18.06723751530873
10,54,20.325913177015032
10,55,18.281219867164033
10,56,19.943596081670538
10,57,17.519755347917652
10,58,18.458401538209216
10,59,16.472471591926166
10,60,13.41832372119508
10,61,12.233304005243939
10,62,10.53225556760371
10,63,13.9104435196049
10,64,15.15974194071458
10,65,15.28100705401248
10,66,14.018170888440148
10,67,12.15565824759609
10,68,9.50020568508276
10,69,12.288913409721227
10,70,12.894471241233989
10,71,16.233293897313672
10,72,17.748327114293605
10,73,20.81363206740223
10,74,21.137853812221636
10,75,24.429741331174853
10,76,26.18699925527216
10,77,25.613158193176716
10,78,22.897481962806932
10,79,19.629095887222
10,80,16.099433277799893
10,81,13.173379030109897
10,82,10.322542785743831
10,83,7.2501702391096385
10,84,6.671290971838531
10,85,7.452746399840229
10,86,6.665174356885333
10,87,10.389532165292607
10,88,12.766932095624398
10,89,16.55960310250968
10,90,18.292609380758677
10,91,22.052621625387655
10,92,23.37350465273619
10,93,26.871969135367287
10,94,29.690272478065086
11,1,23.829724569737483
11,2,20.273529800051293
11,3,18.890708381853802
11,4,15.904015224113717
11,5,12.590659938099563
11,6,11.98901815560238
11,7,10.269148620472116
11,8,9.098915293391421
11,9,6.9188965321662375
11,10,3.814260266175557
11,12,3.7849961055841876
11,13,6.401168485201217
11,14,9.112986269583569
11,15,9.451084403488714
11,16,12.21829430601342
11,17,15.419853790666634
11,18,18.947865812221384
11,19,19.754947664638205
11,20,23.405415416848832
11,21,24.76847842549567
11,22,24.084871369956915
11,23,20.718649785325802
11,24,17.169088655725858
11,25,14.71443452899878
11,26,11.002977428382112
11,27,8.768510408843122
11,28,5.539315011621659
11,29,5.35286472048676
11,30,6.527143739138277
11,31,8.448556746701083
11,32,11.177147508099075
11,33,14.5828137032733
11,34,15.267552049459326
11,35,16.456177969227443
11,36,15.43098043286837
11,37,15.230059103661471
11,38,12.193578282092536
11,39,13.004979615489674
11,40,12.972583136368705
11,41,15.437554552502183
11,42,16.52156838698589
11,43,19.37854971023506
11,44,21.94083337312305
11,45,21.7894102468275
11,46,24.231755090155918
11,47,24.503092581532382
11,48,21.842616227846268
11,49,23.768683010776833
11,50,23.897653989202443
11,51,21.16432605103003
11,52,21.515450884767887
11,53,18.987014699769517
11,54,21.259147881648037
11,55,19.319600372934385
11,56,20.607051223814274
11,57,18.48343560727772
11,58,20.079023296083427
11,59,18.59790868613296
11,60,15.248878223669664
11,61,14.48547221254297
11,62,12.681887673394023
11,63,15.881324623540195
11,64,17.00683837981255
11,65,16.28802110567314
11,66,14.772747541290494
11,67,13.10090310794545
11,68,10.034646524847584
11,69,12.196200840217728
11,70,13.12320051344554
11,71,16.179420070289382
11,72,17.93211905834458
11,73,20.826957177379967
11,74,21.113763442879346
11,75,24.409088488183638
11,76,25.692565435678773
11,77,24.94433016445318
11,78,22.187060161827496
11,79,19.311577885322748
11,80,15.932769945247765
11,81,13.218198599095977
11,82,11.252148826732014
11,83,8.824730919929456
11,84,9.40920602549073
11,85,9.339363760341985
11,86,7.066848674493445
11,87,10.12754456502564
11,88,11.573873301515535
11,89,15.364775852248005
11,90,17.052103227818353
11,91,20.749583938789254
11,92,22.330500669551366
11,93,25.62483165677068
11,94,28.746768637152854
12,1,25.220082767325355
12,2,21.904401933528344
12,3,20.94578474453512
12,4,17.829178633189816
12,5,14.884227310175477
12,6,14.923263990344976
12,7,12.893227060544081
12,8,12.37027725948693
12,9,10.490674289003753
12,10,6.901830819204445
12,11,3.7849961055841876
12,13,3.7716610156612287
12,14,5.496930236340602
12,15,5.784751427003679
12,16,8.867948271965354
12,17,11.807272461992769
12,18,15.393649383388349
12,19,16.31295796397603
12,20,19.871757468076872
12,21,21.488725646610767
12,22,20.904462618487514
12,23,17.737797430659036
12,24,14.13341766485397
12,25,11.645907614817563
12,26,7.938141358004717
12,27,6.305512893746893
12,28,4.607133292558658
12,29,6.399317608327145
12,30,9.037772246249705
12,31,11.60944391854343
12,32,14.412091651227758
12,33,17.54070771881251
12,34,17.590898090639772
12,35,18.30539220543575
12,36,17.209045667116193
12,37,16.412425089902527
12,38,13.110668664526376
12,39,13.960371474954936
12,40,12.91828462068462
12,41,15.014097507388394
12,42,15.542511202859604
12,43,18.45340977304769
12,44,20.631269426943803
12,45,20.638531554744137
12,46,23.520772388950448
12,47,23.906403541102478
12,48,21.71052157977814
12,49,23.83677052290718
12,50,23.490498543654468
12,51,20.59624002064557
12,52,20.280467269593448
12,53,17.60560361382662
12,54,19.68436277216795
12,55,17.85009306346409
12,56,18.76548751236018
12,57,17.074305491366008
12,58,19.21525417269968
12,59,18.402182971156982
12,60,14.989705269849944
12,61,15.008928569441718
12,62,13.730562114921252
12,63,16.92487632345705
12,64,18.497936968618255
12,65,17.204491582498182
12,66,15.004259047596731
12,67,12.986609242072921
12,68,9.498062210012995
12,69,10.516298845280703
12,70,11.305278923185535
12,71,13.86896472674855
12,72,15.743822192754116
12,73,18.459335330200677
12,74,18.873237559175994
12,75,22.211630909472472
12,76,23.22546707400439
12,77,22.618577591733697
12,78,20.11345017685073
12,79,17.5150543826554
12,80,14.558976660051517
12,81,11.817263940591436
12,82,10.944464145626958
12,83,9.084076654871135
12,84,11.004525403187197
12,85,11.140577730657192
12,86,7.852229822477496
12,87,9.70444495083424
12,88,9.871089982593183
12,89,13.464607782812706
12,90,14.562755117681869
12,91,18.072776930701597
12,92,19.520184123374783
12,93,22.59781768901456
12,94,25.840307047851027
13,1,25.884641284598843
13,2,22.694826069360403
13,3,22.29442630105065
13,4,19.55604535849562
13,5,16.546723028144644
13,6,17.113089631545556
13,7,15.685802961227997
13,8,15.278765599942856
13,9,12.74520575387657
13,10,9.344124878110671
13,11,6.401168485201217
13,12,3.7716610156612287
13,14,3.8174338380384927
13,15,6.464986701507663
13,16,9.675376517499425
13,17,11.664427489667336
13,18,14.997066797187728
13,19,15.275102557202977
13,20,18.700853172414543
13,21,20.55880486645535
13,22,20.64757883884529
13,23,17.67142022578666
13,24,14.381856642057292
13,25,11.262027713481169
13,26,7.6641273422578955
13,27,5.2226756619014285
13,28,4.900846570381911
13,29,6.144213898154092
13,30,9.75376584200383
13,31,12.28509060547733
13,32,15.453155178338307
13,33,18.311220209513316
13,34,17.82954221462547
13,35,18.397965755994782
13,36,17.94136023939714
13,37,17.40976846214557
13,38,14.51360138617883
13,39,16.150889552699766
13,40,15.103847900784595
13,41,17.46720208152572
13,42,18.13442008589139
13,43,21.25298809732264
13,44,23.326356253441546
13,45,23.611255292530895
13,46,26.702761252124493
13,47,26.98693305538719
13,48,24.95551843344661
13,49,26.9419765315634
13,50,26.247029618495002
13,51,23.110210538085294
13,52,22.433171687258447
13,53,19.40916474067601
13,54,20.90036761302739
13,55,18.659234778876492
13,56,18.81715379138815
13,57,16.94127394120286
13,58,19.596462421529555
13,59,18.863867307638657
13,60,15.22366173420111
13,61,15.127637258026605
13,62,13.5631587118223
13,63,16.1908686727575
13,64,17.561410082877355
13,65,15.552920084133122
13,66,13.24876857960871
13,67,11.785973901448562
13,68,8.764387515410839
13,69,9.412498816576274
13,70,11.260805140301347
13,71,13.798419604163309
13,72,16.388263926265886
13,73,19.28534990092803
13,74,20.30433460206098
13,75,23.805975827878946
13,76,24.78640616065752
13,77,24.551967123981463
13,78,22.42427531509865
13,79,20.00898401048448
13,80,17.44356577042671
13,81,14.534629830903405
13,82,14.049963405523211
13,83,11.913374238992484
13,84,14.04237422924296
13,85,14.68712801311557
13,86,11.52534541440041
13,87,13.246290830366998
13,88,12.874061431432757
13,89,16.179851004596117
13,90,16.63128021607556
13,91,19.810631397135896
13,92,20.859902183359043
13,93,23.580188885453992
13,94,26.83886842594613
14,1,27.082853583019638
14,2,24.17449107074736
14,3,23.96172238725057
14,4,21.024006047411724
14,5,18.48701534817959
14,6,19.358930593401556
14,7,17.49569172887978
14,8,17.58051023296018
14,9,15.54969644599017
14,10,11.835369885007806
14,11,9.112986269583569
14,12,5.496930236340602
14,13,3.8174338380384927
14,15,3.760459161239372
14,16,6.544348501206181
14,17,7.939106887175898
14,18,11.242331944408777
14,19,11.735078414855943
14,20,15.081864020737271
14,21,17.129485736399097
14,22,17.165463814765115
14,23,14.438636037232094
14,24,11.168120561487543
14,25,8.255427479016811
14,26,5.140313473105719
14,27,4.707866349505416
14,28,6.632167045353765
14,29,9.245559658856928
14,30,12.77722810069342
14,31,15.7202997869388
14,32,18.59396471902697
14,33,21.26691308088744
14,34,20.466923845253554
14,35,20.606104388375034
14,36,19.770895279841135
14,37,18.565503412652536
14,38,15.454094265382132
14,39,16.747024759760595
14,40,14.863829605878582
14,41,16.64064318172511
14,42,16.728602949839146
14,43,19.722484741758993
14,44,21.378818834457604
14,45,21.85389112366226
14,46,25.22871021227554
14,47,25.552484517405016
14,48,23.98670818199991
14,49,26.079304172599855
14,50,24.990270902062598
14,51,21.835605372974147
14,52,20.583234498977767
14,53,17.596935897870814
14,54,18.90876261894516
14,55,16.984779550706154
14,56,16.899778529496512
14,57,15.709500041282642
14,58,18.689037174101138
14,59,18.71565754982195
14,60,15.33635454901237
14,61,16.142089972911982
14,62,15.388578076057515
14,63,18.113240408842465
14,64,20.025895083475042
14,65,17.938532394613866
14,66,15.058599352596545
14,67,13.032743435188005
14,68,9.796640638764138
14,69,8.934930009086424
14,70,10.010279759130375
14,71,11.618614954011097
14,72,14.041873816188254
14,73,16.556984632160038
14,74,17.605122341418102
14,75,21.021840356971037
14,76,21.74600126253288
14,77,21.681322082926272
14,78,19.89017534765177
14,79,17.78935273472303
14,80,15.787880437249433
14,81,13.063773742549017
14,82,13.591433186041774
14,83,12.203193250113788
14,84,15.092311649517542
14,85,15.789177993046094
14,86,12.23388555781174
14,87,12.899149955688404
14,88,11.523194858069632
14,89,14.28166444366648
14,90,14.0133953045931
14,91,16.837164951134454
14,92,17.64128276209753
14,93,20.118721601994295
14,94,23.40348795534579
15,1,27.9008029099481
15,2,25.014459637779925
15,3,24.4194742587133
15,4,21.114723467348405
15,5,18.85805959987319
15,6,19.40172163449373
15,7,16.90000000284695
15,8,17.057783810371365
15,9,15.795883900683833
15,10,12.036722165617155
15,11,9.451084403488714
15,12,5.784751427003679
15,13,6.464986701507663
15,14,3.760459161239372
15,16,3.8252056786772077
15,17,6.220701250273184
15,18,9.963664204347273
15,19,11.565658676069718
15,20,14.850718903134803
15,21,16.82584880792013
15,22,16.063931042311218
15,23,13.385401101887577
15,24,9.725100333885736
15,25,7.945221883935781
15,26,5.315441644955047
15,27,6.694880356471673
15,28,8.086587293131686
15,29,11.202794809405116
15,30,14.191340720445128
15,31,17.184356152979028
15,32,19.763932790889033
15,33,22.58851889347964
15,34,22.10623181929458
15,35,22.240574986707404
15,36,20.811174050084514
15,37,19.151117755481764
15,38,15.65945707668411
15,39,16.074173964965773
15,40,13.704178223692937
15,41,14.73477172571732
15,42,14.133048983239165
15,43,16.744590770845562
15,44,18.10257404013817
15,45,18.319818707321357
15,46,21.737887216802434
15,47,22.310909423400858
15,48,20.9614492571619
15,49,23.34490481247184
15,50,22.36224324560323
15,51,19.480810984707997
15,52,18.15368748913417
15,53,15.605770901441725
15,54,17.44688412304658
15,55,16.206485287534157
15,56,16.736088234983402
15,57,16.154708580101012
15,58,18.80004763524458
15,59,19.154453289307153
15,60,16.131188347940416
15,61,17.388740737068243
15,62,17.1112086748756
15,63,20.264427612669177
15,64,22.44756558521208
15,65,20.80150667957046
15,66,17.865919428218533
15,67,15.336093162003914
15,68,11.726042462140144
15,69,10.736532273720208
15,70,10.482145018924946
15,71,11.487451632338425
15,72,12.943468236384728
15,73,14.903167468957953
15,74,15.216592202797882
15,75,18.37156094098695
15,76,18.824809522012753
15,77,18.371041342080023
15,78,16.341147147418205
15,79,14.373822962680656
15,80,12.414769121426296
15,81,10.151640502911846
15,82,11.276010642567396
15,83,10.876572264206539
15,84,13.965363889705095
15,85,14.13735368322613
15,86,10.34747113722152
15,87,10.040325951811342
15,88,8.029976741865742
15,89,10.559910721221609
15,90,10.434506487053287
15,91,13.42168908924179
15,92,14.662822079516062
15,93,17.367920749845034
15,94,20.76603776781278
16,1,27.469073110734634
16,2,24.935789095562882
16,3,24.51356285789505
16,4,21.13952371738203
16,5,19.50644956123139
16,6,20.43883666919038
16,7,17.759150581250964
16,8,18.6213889622101
16,9,17.800606300695595
16,10,14.027339982877859
16,11,12.21829430601342
16,12,8.867948271965354
16,13,9.675376517499425
16,14,6.544348501206181
16,15,3.8252056786772077
16,17,3.7813690414528995
16,18,7.099167667027165
16,19,9.061031832357026
16,20,12.351750408206343
16,21,13.879037327948824
16,22,12.614678640605302
16,23,9.902675088338981
16,24,6.157238109876687
16,25,5.49024640721692
16,26,4.641211104690412
16,27,7.829388567074956
16,28,9.941936511070013
16,29,13.550142700301715
16,30,16.251006294387462
16,31,19.595991537347533
16,32,21.70862062287196
16,33,24.190582936102594
16,34,23.392753827092076
16,35,23.097201660496776
16,36,21.262287809960927
16,37,18.99149997901821
16,38,15.512201629787585
16,39,15.535715341279525
16,40,12.494231770346293
16,41,12.825256012512515
16,42,11.757617771013514
16,43,14.294625976231618
16,44,15.397086134629953
16,45,16.155226803118993
16,46,19.756332648273403
16,47,20.032429449668232
16,48,19.094238974256772
16,49,21.313156022790174
16,50,19.852466585924045
16,51,16.92875494232596
16,52,15.087734609301195
16,53,12.593012590734018
16,54,14.255895611837367
16,55,13.463046270603416
16,56,14.039402373074967
16,57,14.211628452843737
16,58,16.792035812618536
16,59,17.823285076340472
16,60,15.325799271914534
16,61,17.35395758729503
16,62,17.894303296898297
16,63,21.10318419766358
16,64,23.782783197759986
16,65,22.343934574382853
16,66,19.047670219565482
16,67,16.02325091063493
16,68,12.495709097843005
16,69,10.64212474820577
16,70,9.181025231313784
16,71,9.033857522984533
16,72,9.772753925590404
16,73,11.266031847885358
16,74,11.542601215267908
16,75,14.70470521425581
16,76,15.241124636077974
16,77,15.175642453890942
16,78,13.610537463345882
16,79,11.652847358896326
16,80,10.418918171064643
16,81,8.22567304148948
16,82,10.403773140164283
16,83,10.765753586900797
16,84,14.316576603449663
16,85,14.882412963474177
16,86,11.32991964503294
16,87,10.134504881283886
16,88,7.55929092958184
16,89,9.203922036013687
16,90,7.893440858483809
16,91,10.570573963656253
16,92,11.198947579520864
16,93,13.978695281509701
16,94,17.207157872472962
17,1,29.982352056095845
17,2,27.67065348417701
17,3,27.5936029817795
17,4,24.36890509453028
17,5,22.830282196738068
17,6,23.99836618512171
17,7,21.453258272828855
17,8,22.327134413860875
17,9,21.306874971398962
17,10,17.48579338516865
17,11,15.419853790666634
17,12,11.807272461992769
17,13,11.664427489667336
17,14,7.939106887175898
17,15,6.220701250273184
17,16,3.7813690414528995
17,18,3.792046744325184
17,19,6.2863005140532255
17,20,9.069982056627481
17,21,11.241530299014785
17,22,10.387437096678497
17,23,8.555435289645485
17,24,5.590964146586322
17,25,5.556732498429991
17,26,6.489626687447873
17,27,9.859441457941381
17,28,12.731951735078809
17,29,16.22876220449807
17,30,19.276293997964068
17,31,22.63295054973302
17,32,24.920252032513737
17,33,27.304372047102603
17,34,26.217467568067722
17,35,25.746944087136846
17,36,24.134774737438356
17,37,21.81953377283769
17,38,18.55620707411693
17,39,18.83094331592592
17,40,15.645419823639356
17,41,15.766152076003245
17,42,14.424411308321915
17,43,16.658664673196967
17,44,17.154333122342994
17,45,18.066877337746156
17,46,21.824087510620185
17,47,22.183117336380132
17,48,21.7595951432895
17,49,23.953881007754312
17,50,22.12607269591089
17,51,19.254913488021767
17,52,16.825306540050168
17,53,14.419515107715588
17,54,15.395963606483601
17,55,14.762557909012882
17,56,14.53615976580741
17,57,15.270422905111666
17,58,18.251822427513858
17,59,19.796999335698946
17,60,17.452572624765818
17,61,19.73245984049519
17,62,20.386175770221143
17,63,23.26980806604133
17,64,25.971962959250664
17,65,24.1461732266034
17,66,20.68298563300935
17,67,17.860348738027408
17,68,14.686021152401134
17,69,12.134910347248024
17,70,10.91772683450761
17,71,9.769894164309523
17,72,10.597328145169763
17,73,11.417403190984956
17,74,12.075278674207075
17,75,14.92856765314523
17,76,14.930849018890534
17,77,15.258238138796944
17,78,14.433550252383363
17,79,13.282410592717799
17,80,13.001062656243995
17,81,11.345156815254692
17,82,13.964690214081964
17,83,14.408438007176768
17,84,18.024703403737306
17,85,18.65898873328101
17,86,15.086300737951555
17,87,13.694081217940496
17,88,10.687132194927065
17,89,11.380988575860805
17,90,9.1199178104256
17,91,10.568224500848855
17,92,10.5695047252172
17,93,12.459873176772664
17,94,15.75351987257367
18,1,31.138277565097855
18,2,29.20409878819314
18,3,29.453649586061033
18,4,26.36820862545596
18,5,25.228205465740714
18,6,26.741442703124996
18,7,24.277126792478885
18,8,25.514000194349368
18,9,24.55451411442776
18,10,20.74208143177037
18,11,18.947865812221384
18,12,15.393649383388349
18,13,14.997066797187728
18,14,11.242331944408777
18,15,9.963664204347273
18,16,7.099167667027165
18,17,3.792046744325184
18,19,3.8027649832072927
18,20,5.681194748268843
18,21,7.814746127283214
18,22,6.993281908630626
18,23,6.220390527181763
18,24,4.974530781605348
18,25,6.379228470148433
18,26,8.961327366490805
18,27,12.488723489709145
18,28,15.720903774166386
18,29,19.266780767231875
18,30,22.27416720600206
18,31,25.780646922697233
18,32,27.884665992830655
18,33,29.987393334007432
18,34,28.565538695632835
18,35,27.764936357996856
18,36,26.10818973637278
18,37,23.51953896630497
18,38,20.5177492071028
18,39,20.794041154442823
18,40,17.386125228767053
18,41,17.134041849247676
18,42,15.62962848610173
18,43,17.617516153208314
18,44,17.695306026176407
18,45,19.098620141896813
18,46,22.871695987436325
18,47,22.97076263124226
18,48,23.023064657274176
18,49,24.945948543271385
18,50,22.63721489004806
18,51,19.811398783072594
18,52,16.847294523291275
18,53,14.587895768612624
18,54,14.793932178102626
18,55,14.504930542411882
18,56,13.691522633760119
18,57,15.217867202548128
18,58,18.248904186071925
18,59,20.42393015626765
18,60,18.56935973122252
18,61,21.291003560094627
18,62,22.41183437585969
18,63,25.0611756400209
18,64,27.99494135148208
18,65,26.128857992083443
18,66,22.47155225295608
18,67,19.58864597106501
18,68,16.80680121951477
18,69,13.688469431079946
18,70,12.124521570828138
18,71,9.844085378385476
18,72,10.202345273803267
18,73,10.142356569858709
18,74,11.234202058947826
18,75,13.724320170843825
18,76,13.558727496616608
18,77,14.639820367519889
18,78,14.782697501765877
18,79,14.10477014743133
18,80,14.739357199792687
18,81,13.372501959370359
18,82,16.359036327555202
18,83,17.007785125021204
18,84,20.730136682939968
18,85,21.66424396699381
18,86,18.287048333216454
18,87,16.66537907602021
18,88,13.603842490760883
18,89,13.60027706555435
