1,2,3.8090514541179687
1,3,7.260520325914458
1,4,9.178000994595191
1,5,11.891751505411447
1,6,13.35209670599685
1,7,14.609971667890672
1,8,18.03709783416324
1,9,19.846844520360044
1,10,22.49639998458061
1,11,25.575461512109708
1,12,27.957698074284572
1,13,28.4758723272058
1,14,27.59122742423431
1,15,24.407897656572253
1,16,22.737285900646704
1,17,24.390058960530975
1,18,25.429197139870688
1,19,28.418118975519523
1,20,27.965388852687386
1,21,26.972820321028742
1,22,25.154563158998872
1,23,21.826718726357242
1,24,19.46056769725768
1,25,18.201343769542387
1,26,19.769360816129335
1,27,17.954093446299094
1,28,20.59970900139315
1,29,18.43103079694289
1,30,18.649047719120922
1,31,21.82311015957253
1,32,23.85551469278073
1,33,23.007781521539464
1,34,19.24272232246763
1,35,19.94034400723251
1,36,19.016443350189068
1,37,16.423279233057265
1,38,16.05127814035844
1,39,15.502936255904679
1,40,14.303322699639251
1,41,15.961677673215279
1,42,13.800717993426824
1,43,14.892832584576162
1,44,22.169751680910164
1,45,19.628372996330192
1,46,16.646052075545402
1,47,15.676018866396014
1,48,12.517616618763048
1,49,12.84813248431244
1,50,11.121049599918988
1,51,13.160483852089179
1,52,15.28040521140736
1,53,14.06173139231344
1,54,10.29608811831614
1,55,7.884540322127093
1,56,9.436205297610018
1,57,12.812786913972666
1,58,12.469466419384789
1,59,15.789260821774876
1,60,17.736574849800885
1,61,20.30113868820769
1,62,21.158027310828057
1,63,23.261766375615096
1,64,22.392352465455353
1,65,23.81503834651771
1,66,21.550261242794587
1,67,21.89215862944649
1,68,19.15502274171682
1,69,18.285278908448916
1,70,20.12618756113701
1,71,20.38843507393901
1,72,21.038408310979502
1,73,22.364934516343595
1,74,24.44548910650337
1,75,27.676227507617565
1,76,27.110622806492906
1,77,23.843339688401926
1,78,23.858745938512183
1,79,22.77009816846967
1,80,20.824326676283057
1,81,17.160448045296793
1,82,15.134543657751891
1,83,13.784691897005175
1,84,14.60213193991463
1,85,12.21999341533631
1,86,9.103738488458138
1,87,5.933752198529212
1,88,5.3954925998798045
1,89,5.028739052171577
1,90,7.061774682410371
1,91,9.33815395937322
1,92,10.35330353254556
1,93,10.573013767667554
1,94,11.924345691276834
1,95,11.35282623142247
1,96,14.222283833788383
1,97,16.814658935288545
1,98,17.217471115323395
1,99,20.637737821199998
1,100,22.74271281329151
1,101,25.876054966234484
1,102,29.10283043200165
1,103,30.899087251820344
1,104,27.995268014831456
1,105,28.936389875852466
1,106,26.981106656304814
1,107,28.22757974711547
1,108,29.808381867287316
1,109,27.589366428860306
1,110,24.91822894513287
2,1,3.8090514541179687
2,3,3.7977793485980893
2,4,6.382725254501708
2,5,8.409039873424032
2,6,9.663044724229296
2,7,10.834497594340359
2,8,14.27286342694759
2,9,16.227953962573455
2,10,18.997653444784447
2,11,22.096271180436265
2,12,24.535771089645912
2,13,25.275080965450826
2,14,24.339208683152666
2,15,21.265543501442497
2,16,19.406341011324503
2,17,21.164193619187305
2,18,22.17909965994493
2,19,25.293818187467128
2,20,25.14627103376982
2,21,24.169274273107785
2,22,22.033145681051085
2,23,18.55243355848298
2,24,16.42971807594981
2,25,14.967128493663738
2,26,16.81167968923497
2,27,15.492110052280308
2,28,18.521853466322202
2,29,16.959311219523165
2,30,17.141044269595213
2,31,20.354574204669042
2,32,22.089624421453085
2,33,21.63668823692616
2,34,17.79207482759307
2,35,17.828858778732627
2,36,16.9530965354987
2,37,14.296665388652496
2,38,13.60390009630555
2,39,12.525256062608134
2,40,11.639659100631482
2,41,13.18021281190692
2,42,11.311767625029512
2,43,13.230057660077136
2,44,19.09780819306699
2,45,16.560046702314533
2,46,13.308379307762747
2,47,12.248926768669921
2,48,8.991404096433834
2,49,9.596124417503892
2,50,8.718429612545252
2,51,11.411401239922283
2,52,14.06486040621316
2,53,13.779656777780149
2,54,10.049245056245285
2,55,7.419292962324078
2,56,9.135743058683685
2,57,12.232065086215927
2,58,12.456962921247904
2,59,16.045310774827456
2,60,17.198367036773682
2,61,19.539911086805
2,62,19.75502960213752
2,63,21.55776104700164
2,64,21.04487854329077
2,65,22.188562322155903
2,66,19.958446225503938
2,67,19.948687837423854
2,68,16.834691365414916
2,69,16.005261112752937
2,70,17.51014626251786
2,71,17.937342725797397
2,72,18.348690075455195
2,73,19.910195611465202
2,74,21.921163127116976
2,75,25.360661812017447
2,76,25.20044172138664
2,77,22.094693249979727
2,78,22.636956823044404
2,79,21.70685680803554
2,80,20.332450098635167
2,81,16.94931045305529
2,82,14.817822461464615
2,83,14.429221968591486
2,84,15.1250166020876
2,85,12.033405713019848
2,86,9.448305407317685
2,87,5.735930325546529
2,88,4.915972032217804
2,89,6.307232605694511
2,90,6.87676269337599
2,91,10.265245314315832
2,92,11.122166973502997
2,93,10.020668163809688
2,94,10.234496862104134
2,95,8.618991605843012
2,96,11.293342965615992
2,97,13.47229950182084
2,98,13.622657026985786
2,99,17.142104617003337
2,100,19.258719747467584
2,101,22.548830245083764
2,102,25.64839151757947
2,103,27.391374688935773
2,104,24.478614778424273
2,105,25.35720434461325
2,106,23.301786212500023
2,107,24.606396098646897
2,108,26.137177022049425
2,109,23.942380587454597
2,110,21.177085353569993
3,1,7.260520325914458
3,2,3.7977793485980893
3,4,3.8115417349798544
3,5,5.311257206257689
3,6,7.29716766151269
3,7,8.456624905944537
3,8,11.57465880719972
3,9,14.165791231159453
3,10,16.9191933413839
3,11,20.202587642291338
3,12,22.485114222860595
3,13,23.366553551256107
3,14,22.03904080576036
3,15,18.94293209497489
3,16,16.621075682826568
3,17,18.061078086402482
3,18,18.733217719254945
3,19,21.762162578294163
3,20,21.639668715322042
3,21,20.527859576801557
3,22,18.30108259724478
3,23,14.827881472357076
3,24,12.67253848538728
3,25,11.214756408783527
3,26,13.28834468829267
3,27,12.390709047021
3,28,15.731032681575401
3,29,14.69545279630576
3,30,14.548065305358644
3,31,17.613516215418088
3,32,19.011679010689235
3,33,18.83195493501149
3,34,15.00987574933478
3,35,14.532302523797263
3,36,13.779817321221017
3,37,11.303749751023355
3,38,10.747255269719197
3,39,9.667176570711932
3,40,9.785918578423804
3,41,11.774885563871175
3,42,10.936420903564967
3,43,13.75314820814705
3,44,18.088455794236996
3,45,15.371427665627557
3,46,11.82922949468725
3,47,10.005183722979233
3,48,6.309324539098218
3,49,6.118802105820767
3,50,5.832406210775586
3,51,8.728481728659741
3,52,11.861687308047856
3,53,12.561076653902091
3,54,9.213967197757418
3,55,7.2991891327342495
3,56,9.57471501355803
3,57,11.737116952893768
3,58,11.972236952101122
3,59,15.687297479526315
3,60,16.1072848740187
3,61,17.91420132182245
3,62,17.479673386527054
3,63,19.210234917099893
3,64,19.266047605028923
3,65,20.439254818464747
3,66,18.611498393444183
3,67,18.638655132742795
3,68,15.356000351779018
3,69,14.061114523696352
3,70,14.86891499760059
3,71,15.004851314527
3,72,14.964968767535792
3,73,16.473304557121697
3,74,18.34755561445987
3,75,21.872442025617
3,76,21.95178175643533
3,77,19.00298862243071
3,78,19.965363951096165
3,79,19.280591075048378
3,80,18.403272320352002
3,81,15.424813490921805
3,82,13.208233829337944
3,83,13.785823721840972
3,84,14.341445504301042
3,85,10.826119594896559
3,86,9.04302557883151
3,87,5.815429229585249
3,88,5.803646628319888
3,89,8.71783265288619
3,90,9.04957434268671
3,91,12.74296524481856
3,92,12.83518527209288
3,93,10.675799174938119
3,94,10.198907236538654
3,95,7.457160032407332
3,96,9.000465762278472
3,97,10.927302311483365
3,98,10.377429843298998
3,99,13.724028161375005
3,100,15.58601431771027
3,101,18.84706982646502
3,102,22.000066527297076
3,103,23.67629858242006
3,104,20.758508210462637
3,105,21.76689364846504
3,106,19.917887836404432
3,107,21.490791956084948
3,108,23.286415794001847
3,109,21.431364348317963
3,110,18.406705475202575
4,1,9.178000994595191
4,2,6.382725254501708
4,3,3.8115417349798544
4,5,3.8350713074283287
4,6,7.164214628216666
4,7,9.648614865293654
4,8,12.621994254421498
4,9,15.66852747194468
4,10,18.71646560004781
4,11,21.830779003969745
4,12,24.25838087067361
4,13,25.537568066687292
4,14,24.03959083378276
4,15,21.11259026765525
4,16,18.327759571032008
4,17,19.35579532795255
4,18,19.32192592911285
4,19,22.025266649402145
4,20,21.737863247932218
4,21,19.993895115044598
4,22,17.79060707518675
4,23,14.560016146125863
4,24,11.829079139536988
4,25,9.628983191455404
4,26,10.721705944896161
4,27,9.153697328891555
4,28,12.245966759023084
4,29,11.165280097952564
4,30,11.575506437752605
4,31,14.959395555860297
4,32,16.802440419876287
4,33,17.14778666104807
4,34,13.379495013334006
4,35,13.121723768442964
4,36,13.395769450839277
4,37,11.888437768739587
4,38,12.325981377295875
4,39,11.726670590686568
4,40,12.803852475868982
4,41,14.90650560384834
4,42,14.409521400521559
4,43,17.425942394626812
4,44,20.440666491738128
4,45,18.014033079857136
4,46,14.281142984608787
4,47,12.393100925876473
4,48,8.736107479978836
4,49,7.516477032807328
4,50,7.298137555019685
4,51,8.899116601677544
4,52,12.563365404892314
4,53,13.708018165178977
4,54,10.612129724419272
4,55,9.897640850012898
4,56,12.85338481239597
4,57,14.611866517617718
4,58,14.114596587353493
4,59,17.89886053172612
4,60,18.30785522640941
4,61,19.514278665461447
4,62,18.740805580398003
4,63,20.802689098185002
4,64,21.439393349285773
4,65,22.91362655376923
4,66,21.521738854891314
4,67,21.714593429211252
4,68,18.418902383162
4,69,16.760341034310173
4,70,16.85296346202952
4,71,16.33463329925007
4,72,15.407371827521914
4,73,16.154215714313622
4,74,17.282672599005004
4,75,20.637728407524055
4,76,20.42104319147624
4,77,17.841858444824414
4,78,19.145827119080092
4,79,19.19001208543224
4,80,18.25908302690928
4,81,15.602234695837705
4,82,12.69345459695786
4,83,13.497605025853536
4,84,13.043152665237246
4,85,9.25914050666092
4,86,8.787294350078447
4,87,6.120662461267403
4,88,5.165898326012269
4,89,8.523917275483457
4,90,8.78624633572084
4,91,12.257855206658112
4,92,11.350684597785804
4,93,8.472123400740495
4,94,8.025336443745605
4,95,5.402745501374572
4,96,6.054798372085385
4,97,8.868647529576428
4,98,8.90768928009221
4,99,11.862884062553496
4,100,14.097266847766006
4,101,17.00751928952361
4,102,20.260589567950184
4,103,22.411390401994495
4,104,19.925393803830673
4,105,21.564142945882097
4,106,20.10774985673083
4,107,22.27818736043209
4,108,24.17945935519867
4,109,22.585109059025722
4,110,19.19865117374392
5,1,11.891751505411447
5,2,8.409039873424032
5,3,5.311257206257689
5,4,3.8350713074283287
5,6,3.7633513859928245
5,7,6.4942855162692865
5,8,9.262284418649
5,9,12.405931388061418
5,10,15.618140684987427
5,11,18.53328606828021
5,12,21.087264117483628
5,13,22.71555433267738
5,14,21.338268902153626
5,15,18.759825159950793
5,16,15.879174227911573
5,17,17.17129027486195
5,18,17.18189582362861
5,19,20.0967658832469
5,20,20.40647671152959
5,21,18.795447131167478
5,22,16.026529755262835
5,23,12.559690358627595
5,24,10.536800946669155
5,25,7.738987110401765
5,26,9.322153505462342
5,27,9.031418119361696
5,28,12.49439311512907
5,29,12.575575956470209
5,30,13.054793754093117
5,31,16.198072142483138
5,32,17.50535602287948
5,33,18.38795077464163
5,34,14.824218703084995
5,35,13.578691140662613
5,36,13.881763669749041
5,37,12.394402975180824
5,38,12.182211038746503
5,39,10.688558334166455
5,40,12.077943324516694
5,41,13.541461844978468
5,42,13.386488432794517
5,43,16.824584942620664
5,44,17.72788073871972
5,45,15.620410039401316
5,46,11.835861649267727
5,47,10.202334765460643
5,48,7.133284076074548
5,49,6.650718607040824
5,50,8.356783127857868
5,51,10.515309969102203
5,52,14.174477905220732
5,53,15.979262422796637
5,54,13.2131400687259
5,55,12.142830737160367
5,56,14.473743992729913
5,57,16.027245482408627
5,58,16.249412250661365
5,59,19.904676534613724
5,60,19.67661769309716
5,61,20.779108159373518
5,62,19.44856897583927
5,63,20.933123732160034
5,64,21.797182312571817
5,65,22.75618647431404
5,66,21.318921542896224
5,67,20.968468078719987
5,68,17.4206648405959
5,69,16.13487987721327
5,70,15.860307016352602
5,71,15.766217433766373
5,72,14.592830334859935
5,73,15.755427789318263
5,74,16.720117830024662
5,75,20.292012162895112
5,76,20.723378217070525
5,77,18.497869225410057
5,78,20.39056036062563
5,79,20.521297147373947
5,80,20.258404520671817
5,81,17.98332021519945
5,82,15.36753312161847
5,83,16.749972398987865
5,84,16.401843329612785
5,85,12.579298524918375
5,86,12.32953484880972
5,87,9.708627689706761
5,88,8.6613012756726
5,89,11.519901264325869
5,90,10.662862348401989
5,91,14.265374793194056
5,92,13.801307666740978
5,93,10.49388492529361
5,94,8.584013999463671
5,95,4.892817944534128
5,96,4.480647224876091
5,97,5.754298400210047
5,98,5.370639018206678
5,99,8.790802453680369
5,100,11.318710379843308
5,101,14.61602123879669
5,102,17.52993698463287
5,103,19.642542125536423
5,104,17.18086595683869
5,105,18.665107566174203
5,106,16.92603593776998
5,107,19.14408877359815
5,108,20.797427320241358
5,109,19.142812348330878
5,110,15.674918726926926
6,1,13.35209670599685
6,2,9.663044724229296
6,3,7.29716766151269
6,4,7.164214628216666
6,5,3.7633513859928245
6,7,3.809180321751356
6,8,6.972330327067479
6,9,9.464433623537541
6,10,13.02287193068756
6,11,15.554443645573606
6,12,18.472396943375248
6,13,20.422850196482155
6,14,19.564674881823436
6,15,17.421727562620674
6,16,14.905227726312901
6,17,16.889189287036682
6,18,17.405541686225032
6,19,20.65233360750414
6,20,21.609681102590944
6,21,20.39290084749668
6,22,17.190076008151227
6,23,13.54452149976943
6,24,12.501553779925045
6,25,9.683488461811821
6,26,11.568855217325051
6,27,12.04365842073561
6,28,15.415720600375671
6,29,15.93278759575396
6,30,16.610330163308543
6,31,19.655678319121392
6,32,20.711509112365842
6,33,21.75087350278542
6,34,18.28300179720041
6,35,16.624265761329195
6,36,16.654858106583106
6,37,14.858078265080922
6,38,13.811199269906787
6,39,11.359105401884477
6,40,12.175579450422253
6,41,12.549028784482775
6,42,12.090549497234145
6,43,15.535714883456897
6,44,14.670328784273904
6,45,13.110486707164256
6,46,9.398854267081347
6,47,8.863579973866598
6,48,6.929868907057465
6,49,8.205806992633967
6,50,10.825677419489804
6,51,13.58615594420477
6,52,17.014868554529563
6,53,18.7991094172429
6,54,15.979052457879405
6,55,14.232020772437448
6,56,15.79531280152425
6,57,17.599658089290518
6,58,18.52077845409427
6,59,22.048496740754032
6,60,21.61321625521699
6,61,22.998630261663866
6,62,21.579237103638675
6,63,22.520770004960166
6,64,23.172837475022
6,65,23.54342865916661
6,66,21.740683061664015
6,67,20.729216015781127
6,68,16.98328629051612
6,69,16.488116574402394
6,70,16.427754958003
6,71,17.104968192303847
6,72,16.224127011323986
6,73,17.95433171104572
6,74,19.01512955318947
6,75,22.69796535207962
6,76,23.5846496481363
6,77,21.496707239672663
6,78,23.554112572376923
6,79,23.498314716661675
6,80,23.49443778363682
6,81,21.208414666605268
6,82,18.849185430493485
6,83,20.17931201233464
6,84,20.04379027394061
6,85,16.23282546937475
6,86,15.615482261529925
6,87,12.604947334855183
6,88,11.165397599013994
6,89,13.297513386159965
6,90,11.487978333195423
6,91,15.028456057400247
6,92,15.343426343742808
6,93,12.166919382645501
6,94,9.382096312245997
6,95,5.7623942300916555
6,96,6.096644792641809
6,97,5.2516444776133255
6,98,5.270255065391594
6,99,9.061860673859409
6,100,11.841674688086032
6,101,15.469425447438033
6,102,17.784724425998952
6,103,19.739000823497044
6,104,17.289843847833215
6,105,18.27404042014692
6,106,15.91748002547496
6,107,17.7700785247423
6,108,18.8068574367963
6,109,16.66797492667564
6,110,13.396801864027532
7,1,14.609971667890672
7,2,10.834497594340359
7,3,8.456624905944537
7,4,9.648614865293654
7,5,6.4942855162692865
7,6,3.809180321751356
7,8,3.78192145983919
7,9,6.064191775800479
7,10,9.415246533852075
7,11,12.249128595129326
7,12,14.974348548510278
7,13,16.708428842686406
7,14,15.919465305855441
7,15,13.804503682880663
7,16,11.605319084137678
7,17,14.0756485625472
7,18,15.240120067500989
7,19,18.784354859555894
7,20,20.129258458800813
7,21,19.559947530009936
7,22,16.244089469902814
7,23,12.489274046844953
7,24,12.385352726284538
7,25,10.445642992749178
7,26,13.22283038727769
7,27,14.43609011684866
7,28,18.043953676244925
7,29,18.762264566990925
7,30,18.83482979376162
7,31,21.507372097724033
7,32,21.990175886674347
7,33,22.768163435373296
7,34,19.40527683943166
7,35,17.29408234768441
7,36,16.611254949073007
7,37,14.351532598823947
7,38,12.421458985188142
7,39,9.247368471706846
7,40,9.674551154746867
7,41,9.321195102099816
7,42,9.322430095903526
7,43,12.968653396572279
7,44,11.296038648470969
7,45,9.460657828856554
7,46,5.776049186291413
7,47,5.4144511213065964
7,48,4.9150961469372305
7,49,7.461294015195732
7,50,10.76966060553741
7,51,13.978357375377641
7,52,16.90183725524332
7,53,18.78972094698859
7,54,16.29276086894136
7,55,14.193442457563764
7,56,14.952404793344892
7,57,16.447166970323632
7,58,18.081741362113927
7,59,21.28160618324915
7,60,20.38874892474059
7,61,21.91456133708421
7,62,20.3824792916768
7,63,20.728678945901443
7,64,21.177229520003127
7,65,21.02371913892342
7,66,19.045109177629175
7,67,17.606618572684024
7,68,13.820888778432245
7,69,13.830400403668843
7,70,13.92014644806467
7,71,15.300263733959882
7,72,14.970164564841978
7,73,17.392745184549582
7,74,18.943256121779825
7,75,22.73046347064781
7,76,24.0866833357001
7,77,21.888650140659543
7,78,23.902313847579617
7,79,23.403131002257318
7,80,23.790305291068943
7,81,21.608500627605924
7,82,19.834448429672523
7,83,21.387646885967794
7,84,21.857486602114534
7,85,18.15003355147515
7,86,17.12939255313295
7,87,14.22260428648833
7,88,13.511150152410384
7,89,15.717317916843246
7,90,14.128811974945748
7,91,17.7624924427173
7,92,18.489081103380652
7,93,15.585553053648214
7,94,12.987786667762993
7,95,9.416456590460331
7,96,9.714381545176593
7,97,8.297252170754941
7,98,6.860947442646234
7,99,10.220142889428995
7,100,12.077681196502558
7,101,15.901351457897919
7,102,17.966148192856483
7,103,19.23899241239267
7,104,16.37086723817012
7,105,16.578452932388178
7,106,13.777061577968983
7,107,14.98479600258997
7,108,15.903468812724892
7,109,13.57289987874083
7,110,10.6037970832887
8,1,18.03709783416324
8,2,14.27286342694759
8,3,11.57465880719972
8,4,12.621994254421498
8,5,9.262284418649
8,6,6.972330327067479
8,7,3.78192145983919
8,9,3.8061916967824536
8,10,6.5501771730261895
8,11,9.49922645811337
8,12,11.855854533525775
8,13,13.773665777179408
8,14,12.738543654314935
8,15,11.010741013404251
8,16,8.655182474793278
8,17,11.2335847010325
8,18,12.505003158306659
8,19,16.106193058055414
8,20,17.9957430238058
8,21,17.810154280989202
8,22,14.282083834108178
8,23,10.737307471754217
8,24,11.773522125041625
8,25,10.426701771731578
8,26,13.507348977779815
8,27,15.614788576398933
8,28,19.1955397366427
8,29,20.497689270309994
8,30,20.20287258167643
8,31,22.39933565146901
8,32,22.26877030787781
8,33,23.20960565001202
8,34,20.210933237843008
8,35,17.505540759550314
8,36,16.674722187961063
8,37,14.64976413686262
8,38,12.408681487287547
8,39,9.029873238215313
8,40,10.010787669646911
8,41,9.199269044298088
8,42,10.41729843443688
8,43,14.103641707791455
8,44,10.112363524647641
8,45,8.438160802208692
8,46,5.627491863555213
8,47,5.044853976905643
8,48,6.522958349976696
8,49,8.607182111184176
8,50,12.374190351987728
8,51,15.289921275128426
8,52,17.830022459798204
8,53,20.18601378540942
8,54,18.259093328654764
8,55,16.444101832885774
8,56,16.91633846092663
8,57,17.73166466135087
8,58,19.648698383696892
8,59,22.51162453939612
8,60,20.994122042482314
8,61,22.163449306232565
8,62,20.148201357545734
8,63,19.907043894931167
8,64,20.662598703754785
8,65,20.073707060927948
8,66,18.394848470829242
8,67,16.64644717680715
8,68,13.013808606292905
8,69,13.187254068941241
8,70,12.619523406477859
8,71,14.278403159614516
8,72,13.839706028767658
8,73,16.54362494275732
8,74,18.025683300235386
8,75,21.746148465363646
8,76,23.653535243524672
8,77,21.766032498177797
8,78,24.068519486710464
8,79,23.57242180924086
8,80,24.55131317163097
8,81,22.834596399864914
8,82,21.426845516486736
8,83,23.45773304219524
8,84,24.072799460343436
8,85,20.448985469504635
8,86,19.685284790738574
8,87,17.172584598497213
8,88,16.891576519516125
8,89,19.349735249070957
8,90,17.88377815448062
8,91,21.521682352604536
8,92,22.11737750272801
8,93,19.054093390292703
8,94,16.35007502829985
8,95,12.711713209476876
8,96,12.186895288733325
8,97,9.996681411874176
8,98,7.568598414977594
8,99,9.813110964816845
8,100,10.708838490231164
8,101,14.445402344110539
8,102,16.02529434792935
8,103,16.72209799018717
8,104,13.73090258323782
8,105,13.36920977812199
8,106,10.272366486558136
8,107,11.2521914940335
8,108,12.146859308833962
8,109,10.02782600120951
8,110,6.929904099924205
9,1,19.846844520360044
9,2,16.227953962573455
9,3,14.165791231159453
9,4,15.66852747194468
9,5,12.405931388061418
9,6,9.464433623537541
9,7,6.064191775800479
9,8,3.8061916967824536
9,10,3.8050283325204797
9,11,6.1850160378460615
9,12,9.112602302665653
9,13,11.322150045004724
9,14,11.295012425302984
9,15,10.36853045631588
9,16,9.247082830395117
9,17,12.574857510321229
9,18,14.556388757752108
9,19,18.21617729909836
9,20,20.529985265773654
9,21,20.811162626010102
9,22,17.280203277534028
9,23,13.953056847564197
9,24,15.413875656427926
9,25,14.2079676049693
9,26,17.203830694844108
9,27,19.305947747223875
9,28,22.839421124399564
9,29,24.12255413542961
9,30,23.957360543950465
9,31,26.202323361981676
9,32,26.04141513833339
9,33,26.91799887513848
9,34,23.914566073600888
9,35,21.205383234440347
9,36,20.13870051242561
9,37,17.860230299986238
9,38,15.172777439451224
9,39,11.505144443414084
9,40,11.486788234091431
9,41,9.376433025865296
9,42,10.16453578209288
9,43,13.302489183563459
9,44,6.573993540687827
9,45,5.925431194018992
9,46,4.489360371889724
9,47,6.283622894040982
9,48,8.963223010507686
9,49,11.81084428229119
9,50,15.422393839166062
9,51,18.60737253262048
9,52,20.925712230843853
9,53,23.019771308646554
9,54,21.015754062715068
9,55,18.746914281472428
9,56,18.57318259357812
9,57,19.594968848214425
9,58,21.98944279647165
9,59,24.64237129531077
9,60,23.101011349092
9,61,24.58666592090396
9,62,22.735418086529837
9,63,22.061516631204157
9,64,22.414123217667086
9,65,21.249078709251464
9,66,19.178308399868357
9,67,16.762085096030265
9,68,13.25325053729399
9,69,14.460412762863072
9,70,14.416223673175208
9,71,16.762086135287674
9,72,16.842839480590012
9,73,19.843009787229306
9,74,21.47680546589538
9,75,25.149230160147034
9,76,27.235653577658557
9,77,25.33950105444721
9,78,27.55420923929271
9,79,26.816342647541564
9,80,27.827658808885687
9,81,25.998310403860902
9,82,24.770350437514878
9,83,26.606923272347455
9,84,27.411571988328085
9,85,23.798114167298458
9,86,22.693779113796005
9,87,19.924786361595945
9,88,19.447164705254707
9,89,21.456039980861878
9,90,19.622726358997003
9,91,23.090719309872444
9,92,24.211306157898232
9,93,21.39041653475181
9,94,18.49947774158175
9,95,15.127022494101993
9,96,15.141279249864647
9,97,12.7119486259603
9,98,10.921329971303962
9,99,13.062832956430187
9,100,13.959831616635086
9,101,17.556032420837948
9,102,18.601491146047756
9,103,18.98194627405572
9,104,16.13388486630016
9,105,15.08013902214894
9,106,11.510751460802627
9,107,11.413544195180625
9,108,11.197973714041137
9,109,8.150688322868124
9,110,6.2412284423213675
10,1,22.49639998458061
10,2,18.997653444784447
10,3,16.9191933413839
10,4,18.71646560004781
10,5,15.618140684987427
10,6,13.02287193068756
10,7,9.415246533852075
10,8,6.5501771730261895
10,9,3.8050283325204797
10,11,3.804277644061711
10,12,5.620130202132578
10,13,7.5363319696933395
10,14,7.68910935071662
10,15,7.456396363187032
10,16,7.424958785710734
10,17,11.029718939463267
10,18,13.624937812708174
10,19,17.20254647048043
10,20,19.874665497152723
10,21,20.819736001730742
10,22,17.47498131949764
10,23,14.570142440445812
10,24,16.746841877057214
10,25,16.30467221269465
10,26,19.544162536466793
10,27,21.97913868747741
10,28,25.53916641258869
10,29,26.949294801167117
10,30,26.39005115758847
10,31,28.286177252356094
10,32,27.6776354348415
10,33,28.374120210759276
10,34,25.615536250243423
10,35,22.664520443829414
10,36,21.18407337768516
10,37,18.85005804701411
10,38,15.789823137528625
10,39,12.184448137197014
10,40,11.977389666861088
10,41,9.356338680678098
10,42,10.968173149524507
10,43,13.64065885067711
10,44,5.6997160098242
10,45,5.18719409040134
10,46,6.069452625390647
10,47,7.522932454309375
10,48,11.041103964238939
10,49,13.69696612286019
10,50,17.22199757813446
10,51,20.28852333393318
10,52,22.069785642461863
10,53,24.227542101288677
10,54,22.669454708748045
10,55,20.450404760786675
10,56,19.77823234894969
10,57,20.292256956650238
10,58,23.05301686468265
10,59,25.250902150170692
10,60,23.279192086439735
10,61,24.669648457493214
10,62,22.699903131677026
10,63,21.399912948235862
10,64,21.650999888734038
10,65,19.913009092833597
10,66,17.93368162873029
10,67,15.105489910751684
10,68,12.065536330623196
10,69,13.80611439363764
10,70,13.684007264679984
10,71,16.515421823449
10,72,17.036110372120454
10,73,20.350906648679153
10,74,22.215145112442226
10,75,25.737000951696185
10,76,28.1748344249713
10,77,26.336951095726448
10,78,28.485228699343125
10,79,27.4725306481664
10,80,28.848552891591478
10,81,27.26988605796084
10,82,26.518539967307415
10,83,28.538274647323572
10,84,29.68638191620703
10,85,26.22987741234343
10,86,25.026902007762853
10,87,22.508555688613814
10,88,22.474328763545948
10,89,24.60590989252037
10,90,23.014617755446857
10,91,26.524985858957095
10,92,27.70132803383799
10,93,24.945426653269312
10,94,22.18686608097933
10,95,18.735784801994438
10,96,18.613391118511014
10,97,16.188488387602852
10,98,13.951599814056562
10,99,15.572249214650517
10,100,15.654505579304171
10,101,18.958193744653443
10,102,19.68428190758596
10,103,19.329856557517857
10,104,16.344075674820115
10,105,14.43570633767818
10,106,10.759733545216438
10,107,9.427221897326982
10,108,8.825682693900415
10,109,5.707093566692303
10,110,5.452177220324443
11,1,25.575461512109708
11,2,22.096271180436265
11,3,20.202587642291338
11,4,21.830779003969745
11,5,18.53328606828021
11,6,15.554443645573606
11,7,12.249128595129326
11,8,9.49922645811337
11,9,6.1850160378460615
11,10,3.804277644061711
11,12,3.819184579293936
11,13,7.0485775049607735
11,14,8.62623018698573
11,15,9.898323494818044
11,16,10.508293240284527
11,17,13.85895083629109
11,18,16.29745650972301
11,19,19.609903041057645
11,20,22.629836836315313
11,21,23.635788126665126
11,22,20.20759365026772
11,23,17.573089803659116
11,24,19.95416109187603
11,25,19.272298394020005
11,26,22.234798365081392
11,27,24.8053165490246
11,28,28.221623647948523
11,29,29.85542454331376
11,30,29.53463677189296
11,31,31.45558320443394
11,32,30.835068846544562
11,33,31.765496480391068
11,34,29.079950943828084
11,35,26.033154621110604
11,36,24.744912509377535
11,37,22.56221804478063
11,38,19.560478708998026
11,39,15.979862351448993
11,40,15.7009005997001
11,41,12.830681169098147
11,42,14.001050592202438
11,43,16.18911442595615
11,44,5.768316877276255
11,45,7.454402136429926
11,46,9.086407596508776
11,47,11.200413740426134
11,48,14.602283058963474
11,49,17.329425000115467
11,50,20.91467726289481
11,51,23.981222358890264
11,52,25.84508681748851
11,53,28.022898280779824
11,54,26.394574964173373
11,55,24.083132465620633
11,56,23.33357195144799
11,57,23.98021504837411
11,58,26.80482059037179
11,59,28.97903881393571
11,60,26.99788753473046
11,61,28.38715006939654
11,62,26.359654691547615
11,63,24.885519774830925
11,64,25.13996022357308
11,65,23.150766946038566
11,66,21.167328279911125
11,67,18.072287891153817
11,68,15.341249571153575
11,69,17.390435638041698
11,70,17.234897854597666
11,71,20.085325938781356
11,72,20.468801429264815
11,73,23.687743323993033
11,74,25.295145293692624
11,75,28.71274842747092
11,76,31.311886778297612
11,77,29.705013409503085
11,78,32.01462091244933
11,79,31.114279606005645
11,80,32.57733330602225
11,81,31.044374612035163
11,82,30.215446412476137
11,83,32.22549902208336
11,84,33.249880965433334
11,85,29.718557299260056
11,86,28.573204439488908
11,87,25.908657304284503
11,88,25.56620102974186
11,89,27.46178048591209
11,90,25.50593788738796
11,91,28.84105581077565
11,92,30.195372494390842
11,93,27.433720294039723
11,94,24.40049478503687
11,95,21.159515845048933
11,96,21.035502869309735
11,97,18.216200598816428
11,98,16.380339549318325
11,99,17.699448149805583
11,100,17.879774752552596
11,101,20.957426795971397
11,102,21.07534636488885
11,103,20.60509532518414
11,104,18.079502864671493
11,105,15.92132271774982
11,106,12.199326752270903
11,107,10.438192090351848
11,108,8.388607977669988
11,109,4.654565586709555
11,110,6.271124062222471
12,1,27.957698074284572
12,2,24.535771089645912
12,3,22.485114222860595
12,4,24.25838087067361
12,5,21.087264117483628
12,6,18.472396943375248
12,7,14.974348548510278
12,8,11.855854533525775
12,9,9.112602302665653
12,10,5.620130202132578
12,11,3.819184579293936
12,13,3.8006599954148634
12,14,5.752634489376551
12,15,8.26210350646829
12,16,9.809076072356063
12,17,12.784462046313697
12,18,15.489427807469621
12,19,18.490458602447703
12,20,21.713623406106866
12,21,23.273064376445053
12,22,20.1461274101086
12,23,18.00186281917778
12,24,20.86122699855982
12,25,20.83350733649279
12,26,23.965894228616786
12,27,26.787400532943142
12,28,30.212166836636914
12,29,31.946699962400043
12,30,31.236056654518357
12,31,32.803121996735825
12,32,31.769744414879554
12,33,32.53425272906945
12,34,30.12120446583413
12,35,26.895546078874474
12,36,25.306102239343907
12,37,23.190860095161177
12,38,20.047605336366694
12,39,16.73286450914171
12,40,16.524466985976904
12,41,13.69887946964449
12,42,15.549143219447492
12,43,17.472266105862953
12,44,8.105721686256322
12,45,9.114959572827667
12,46,11.37560506860613
12,47,12.80167819402502
12,48,16.461470014808334
12,49,18.86031174550179
12,50,22.3254036484862
12,51,25.17659566328009
12,52,26.5743099424246
12,53,28.844446228902456
12,54,27.664750677019867
12,55,25.53601050567054
12,56,24.525233596319705
12,57,24.649862909110272
12,58,27.639539330965345
12,59,29.407579437032897
12,60,27.04403716381034
12,61,28.218250835743575
12,62,26.06089516938806
12,63,24.087388935958366
12,64,24.354374009949854
12,65,21.96288448184972
12,66,20.277564176314712
12,67,17.059862282463506
12,68,14.973284593510206
12,69,17.15015181603858
12,70,16.77198649669407
12,71,19.787220405724554
12,72,20.444729888878523
12,73,23.78687948487752
12,74,25.52943376046825
12,75,28.730119842220404
12,76,31.600565538886716
12,77,30.088417679622353
12,78,32.326134729796024
12,79,31.236086762190187
12,80,33.03567451616728
12,81,31.798019028163534
12,82,31.380362459905662
12,83,33.59252949258791
12,84,34.87872283177779
12,85,31.510275403078392
12,86,30.366679337365806
12,87,27.99658799378807
12,88,28.082085417555763
12,89,30.203007687140374
12,90,28.548640516492377
12,91,31.996095014963547
12,92,33.25950672693267
12,93,30.479699541325136
12,94,27.599688962915476
12,95,24.195406443644444
12,96,23.86307552176941
12,97,21.125638935413267
12,98,18.827992297968237
12,99,19.767385161413262
12,100,19.252658130021285
12,101,22.004851438999722
12,102,21.939844891783604
12,103,20.810843136975755
12,104,18.212582227636204
12,105,15.40862625286429
12,106,11.963933893356009
12,107,9.156414428335562
12,108,6.87166503003163
12,109,4.275914800914286
12,110,7.410708342882504
13,1,28.4758723272058
13,2,25.275080965450826
13,3,23.366553551256107
13,4,25.537568066687292
13,5,22.71555433267738
13,6,20.422850196482155
13,7,16.708428842686406
13,8,13.773665777179408
13,9,11.322150045004724
13,10,7.5363319696933395
13,11,7.0485775049607735
13,12,3.8006599954148634
13,14,3.8288140108617066
13,15,6.725618366548131
13,16,9.57285717969305
13,17,12.369652349118702
13,18,15.603212212864753
13,19,18.476924601323088
13,20,21.5176919904387
13,21,23.58875198547966
13,22,20.8632136901273
13,23,18.894401392506218
13,24,21.80876870803018
13,25,22.34424011429469
13,26,25.741207045666364
13,27,28.47939811549648
13,28,32.01409732402474
13,29,33.52647949037123
13,30,32.46589945231725
13,31,33.86320512295636
13,32,32.64233814089101
13,33,33.00529815217662
13,34,30.670956227686798
13,35,27.521288639749912
13,36,25.46210610247535
13,37,23.125077223642243
13,38,19.735016023882462
13,39,16.65435829084811
13,40,16.032606429261026
13,41,13.129775574555218
13,42,15.288098769665034
13,43,16.685635930780492
13,44,9.28615577732248
13,45,9.475863466934713
13,46,12.334888620078035
13,47,13.379776019937635
13,48,17.168358497934896
13,49,19.489906821844944
13,50,22.612420196753476
13,51,25.41187486908982
13,52,26.300764581360124
13,53,28.357134889462383
13,54,27.490525864455464
13,55,25.351444160236436
13,56,23.888542784876478
13,57,23.66964686039544
13,58,26.90354899215246
13,59,28.224326521125544
13,60,25.69130690235424
13,61,26.93474050998479
13,62,24.97480029388833
13,63,22.619991565776505
13,64,22.523576390322653
13,65,19.730104625747348
13,66,18.027772276235993
13,67,14.627231188456172
13,68,13.238713575792815
13,69,15.789151804248617
13,70,15.74104982707414
13,71,19.072797943081195
13,72,20.359164603331518
13,73,23.91331287569951
13,74,26.065429160514565
13,75,29.16575209542018
13,76,32.05426499701913
13,77,30.339586062005232
13,78,32.24817050274962
13,79,30.765533668797737
13,80,32.63904776091831
13,81,31.455300650251257
13,82,31.476764547956176
13,83,33.64046159331965
13,84,35.31103171236934
13,85,32.154810018463245
13,86,30.7578195390545
13,87,28.58907937905789
13,88,29.09175130961
13,89,31.259334882804545
13,90,29.94769511366414
13,91,33.44471761703969
13,92,34.78651704984448
13,93,32.19104931426301
13,94,29.598838132744277
13,95,26.115792867284856
13,96,25.957415172119646
13,97,23.570787764598855
13,98,21.018555653347136
13,99,22.103902239908958
13,100,21.2894675938353
13,101,24.005567458089285
13,102,24.21194188669664
13,103,22.77193333824752
13,104,19.878947540260274
13,105,16.80609579835706
13,106,13.68913459697541
13,107,10.406177800130227
13,108,8.969491631221484
13,109,7.473908540812153
13,110,10.22756886114965
14,1,27.59122742423431
14,2,24.339208683152666
14,3,22.03904080576036
14,4,24.03959083378276
14,5,21.338268902153626
14,6,19.564674881823436
14,7,15.919465305855441
14,8,12.738543654314935
14,9,11.295012425302984
14,10,7.68910935071662
14,11,8.62623018698573
14,12,5.752634489376551
14,13,3.8288140108617066
14,15,3.7956488961645545
14,16,6.518650383686081
14,17,8.755146957636802
14,18,12.018651610801088
14,19,14.783130181508929
14,20,17.77216215244548
14,21,20.006657583753594
14,22,17.49736189892729
14,23,15.823056741716128
14,24,18.925920510449405
14,25,19.94397754117987
14,26,23.397329614336638
14,27,26.25939191894048
14,28,29.7408162174195
14,29,31.31298246276676
14,30,29.937456081523575
14,31,31.03362385271955
14,32,29.549679865490678
14,33,29.833874966423288
14,34,27.729198996970364
14,35,24.480334060200157
14,36,22.341643805075304
14,37,20.230155205855972
14,38,16.98311509412676
14,39,14.27639548524266
14,40,14.270270884638911
14,41,12.084572006841656
14,42,15.00302249911494
14,43,16.906569951149997
14,44,11.207590291012421
14,45,10.216685622426105
14,46,12.23827066191366
14,47,12.153787427836441
14,48,15.729864273616915
14,49,17.432092924638212
14,50,20.45653204779115
14,51,22.895962112446163
14,52,23.5512018867118
14,53,25.85157279127515
14,54,25.35372397510405
14,55,23.6319751712331
14,56,22.425385102895927
14,57,21.724239709157104
14,58,24.752480375957244
14,59,25.972340712104575
14,60,23.159904282800102
14,61,24.008990659558943
14,62,21.777781354583812
14,63,19.322750557845023
14,64,19.605925270301103
14,65,16.952259965693603
14,66,15.780541348068756
14,67,12.80609017194933
14,68,11.507716216558666
14,69,13.363792034906131
14,70,12.66586407432947
14,71,15.789864325186095
14,72,17.000960888199486
14,73,20.508296571898725
14,74,22.68117848465799
14,75,25.64992625276039
14,76,28.61797234049907
14,77,26.984807631863863
14,78,28.898990453821025
14,79,27.450622779305267
14,80,29.55219778591358
14,81,28.664319527726796
14,82,28.854472890150205
14,83,31.26971085499111
14,84,32.968000579650756
14,85,29.950143774888215
14,86,28.783764501348863
14,87,26.97962790270076
14,88,27.837949412628603
14,89,30.36553646913773
14,90,29.40923227220934
14,91,33.05851320657591
14,92,34.03261066275563
14,93,31.2960499001264
14,94,28.890414706455
14,95,25.235042502959903
14,96,24.7081498373923
14,97,22.49877522849858
14,98,19.514413638550273
14,99,20.2852356679709
14,100,18.9644900709026
14,101,21.463326302613986
14,102,21.853259864895378
14,103,20.17420607062249
14,104,17.070522855585143
14,105,13.912023734515916
14,106,11.15849652142769
14,107,7.818636806652754
14,108,7.73440507886206
14,109,7.434514737416307
14,110,9.300361845274285
15,1,24.407897656572253
15,2,21.265543501442497
15,3,18.94293209497489
15,4,21.11259026765525
15,5,18.759825159950793
15,6,17.421727562620674
15,7,13.804503682880663
15,8,11.010741013404251
15,9,10.36853045631588
15,10,7.456396363187032
15,11,9.898323494818044
15,12,8.26210350646829
15,13,6.725618366548131
15,14,3.7956488961645545
15,16,3.772633766568373
15,17,6.466594994747841
15,18,10.180009082898078
15,19,13.34490178979533
15,20,15.791481007470606
15,21,17.916494170405098
15,22,15.531184306107289
15,23,13.519520170579318
15,24,16.260307830485672
15,25,17.521885924531524
15,26,21.16441712028718
15,27,23.752943815475255
15,28,27.327938701881124
15,29,28.591038582849784
15,30,27.04274750468664
15,31,28.171802584377485
15,32,26.794250791808384
15,33,26.791199378919973
15,34,24.555638034963366
15,35,21.49585273108884
15,36,19.102581737125508
15,37,16.737163694974665
15,38,13.356840384307999
15,39,10.720511173134293
15,40,10.669208270806982
15,41,8.90294954437034
15,42,12.244645831335886
15,43,14.398826240419993
15,44,11.162877305361722
15,45,8.939083800893034
15,46,10.277945198251548
15,47,9.333814510937444
15,48,12.69093929960085
15,49,14.189832877628774
15,50,16.961625843819718
15,51,19.38789599184309
15,52,19.9029756111717
15,53,22.09786553050207
15,54,21.654543928827124
15,55,20.000676496021967
15,56,18.80965926153228
15,57,17.969442619669238
15,58,20.967464229553176
15,59,22.197759037148355
15,60,19.423705187051265
15,61,20.372085337982796
15,62,18.270756889419957
15,63,16.00661458994778
15,64,16.172946523381054
15,65,13.765157719065243
15,66,12.453379859673962
15,67,9.71161911461535
15,68,8.01993616666917
15,69,9.596597193564438
15,70,9.047655088960358
15,71,12.377841847357324
15,72,13.955505255779343
15,73,17.632601783733712
15,74,20.167623260353146
15,75,23.286036049480202
15,76,25.994540130311634
15,77,24.034292023023557
15,78,25.713553613312914
15,79,24.087942393380597
15,80,26.01803045954606
15,81,25.00077226053513
15,82,25.27560075400332
15,83,27.619061831527514
15,84,29.45667626077739
15,85,26.544110182136546
15,86,25.26321705222361
15,87,23.605305935297284
15,88,24.73754548583138
15,89,27.37232249390487
15,90,26.748771914712542
15,91,30.446358399949517
15,92,31.306023395313975
15,93,28.677038315021015
15,94,26.576476185906518
15,95,22.883851591410203
15,96,22.47138815082798
15,97,20.720310373751055
15,98,17.594568426602414
15,99,18.690173327382478
15,100,17.43097688580593
15,101,20.144088823323116
15,102,21.172725107298778
15,103,19.799158578941004
15,104,16.308039155729716
15,105,13.638037512702502
15,106,11.022323005266877
15,107,8.580122930975739
15,108,9.790039952984806
15,109,9.237981224933907
15,110,9.662329053925832
16,1,22.737285900646704
16,2,19.406341011324503
16,3,16.621075682826568
16,4,18.327759571032008
16,5,15.879174227911573
16,6,14.905227726312901
16,7,11.605319084137678
16,8,8.655182474793278
16,9,9.247082830395117
16,10,7.424958785710734
16,11,10.508293240284527
16,12,9.809076072356063
16,13,9.57285717969305
16,14,6.518650383686081
16,15,3.772633766568373
16,17,3.8195186123466516
16,18,7.146419470046523
16,19,10.72474107194433
16,20,13.081873744958168
16,21,14.706342833319255
16,22,12.037069201843346
16,23,9.794224894839244
16,24,12.58105725914109
16,25,13.856085412139954
16,26,17.465881247138757
16,27,20.159933251816973
16,28,23.67601134127773
16,29,25.077995141771055
16,30,23.519869087603947
16,31,24.602407506548797
16,32,23.2286035411355
16,33,23.451087983535754
16,34,21.231662740617896
16,35,18.035731891777317
