1,2,3.8307361779514157
1,3,5.822580371615976
1,4,9.378522523968869
1,5,9.336049196351375
1,6,7.5789303990752055
1,7,9.046595057169057
1,8,12.417868314888517
1,9,13.082729379474996
1,10,13.418272135530838
1,11,14.699205529150145
1,12,13.622095947823514
1,13,15.305513142402225
1,14,12.624668915704865
1,15,10.585950489695088
1,16,9.246872049870161
1,17,10.129581831910443
1,18,13.809303688084869
1,19,16.314329835359107
1,20,19.216981433390384
1,21,21.81409999474167
1,22,24.32155338777417
1,23,27.857154159721137
1,24,29.225949541426644
1,25,32.83977293827365
1,26,32.36122709335648
1,27,29.70204339964002
1,28,29.989653810639407
1,29,33.51971370220656
1,30,32.69764466619576
1,31,35.5766791324241
1,32,35.50469102414514
1,33,32.61636440230913
1,34,34.56825868047763
1,35,31.56442024974578
1,36,28.932146305056403
1,37,29.884591207987203
1,38,26.40825970931083
1,39,22.72108971168224
1,40,19.456936988084866
1,41,18.21768298698738
1,42,15.735447982890676
1,43,14.796817637484393
1,44,12.655034090922904
1,45,14.057102440169764
1,46,14.264406697954369
1,47,15.174517232061842
1,48,13.826533326786908
1,49,15.63869484378888
1,50,16.57128658640436
1,51,12.03680315644238
1,52,8.685250947930076
1,53,10.277960877576302
1,54,9.22750235048727
1,55,12.932370830659236
1,56,15.634340757810808
1,57,17.259658581250044
1,58,14.89698043944757
1,59,15.33005370161474
1,60,19.01777004107411
1,61,19.282891363127
1,62,17.469630315936364
1,63,20.016466687081383
1,64,22.89918258953808
1,65,22.762595189694817
1,66,23.165497941137165
1,67,26.01630728687622
1,68,27.729973698705468
1,69,29.899776913488548
1,70,29.21552798633065
1,71,25.535752812214373
1,72,24.431875153737877
1,73,21.745124610072565
1,74,19.507685215530145
1,75,15.895172892911894
1,76,15.224605512627251
1,77,12.558671248855562
1,78,12.923174134747084
1,79,12.214081151906404
1,80,10.292187489270923
1,81,10.903189308479337
1,82,14.112981682807407
1,83,16.052910249159783
1,84,19.784013849192295
1,85,21.914616783138694
1,86,25.244672389136014
1,87,28.202105719539222
1,88,31.976333030502587
1,89,34.93147643691833
1,90,38.679110723166716
1,91,40.1319998715003
1,92,42.63576625359877
1,93,43.72692947632216
1,94,41.73435102303886
1,95,38.20835515950682
1,96,35.48813283235029
1,97,31.86469112740621
1,98,29.508068599943304
1,99,25.73029846272059
1,100,24.581411847628985
1,101,21.907137573792554
1,102,19.04849906689996
1,103,19.71959089494328
1,104,16.513939601989502
1,105,13.162023207689213
1,106,10.39520611877749
1,107,7.328216162330407
1,108,7.757221612279959
1,109,7.978735100072193
1,110,10.571414464282208
1,111,13.365472397033427
2,1,3.8307361779514157
2,3,3.796521000129781
2,4,6.927224546878981
2,5,7.9170288489697365
2,6,6.057895738575644
2,7,5.999141645169516
2,8,9.459305233829035
2,9,10.936685927549938
2,10,11.057841731717641
2,11,11.62617683002841
2,12,10.772618372649294
2,13,12.349478556885748
2,14,10.150336220830091
2,15,7.817862846783564
2,16,5.646100861304905
2,17,6.360362835066308
2,18,10.013565438514911
2,19,12.708651057008812
2,20,15.647000596912752
2,21,18.460260836113182
2,22,21.04707865123915
2,23,24.675133630045767
2,24,26.25472291747049
2,25,29.76602214067317
2,26,29.03367006261394
2,27,26.34475835366226
2,28,26.870481514785265
2,29,30.466466352292148
2,30,29.906641411684813
2,31,32.80596742608921
2,32,33.04503416267299
2,33,30.23882973180821
2,34,32.227295507910405
2,35,29.264141430134085
2,36,26.52256337956965
2,37,27.101010037101776
2,38,23.498948636105645
2,39,19.915789516685148
2,40,16.466010981948198
2,41,15.246639635769517
2,42,12.404156773019656
2,43,11.38120071925545
2,44,9.286241045711776
2,45,10.654411316868744
2,46,11.18746821575526
2,47,12.804770570995032
2,48,12.25918991256686
2,49,14.741904500920565
2,50,16.485274441269812
2,51,12.349889338464305
2,52,9.459415451312223
2,53,12.100644700429822
2,54,11.279803058244994
2,55,14.778380517576577
2,56,17.68163592806228
2,57,18.593396264623873
2,58,15.880718663067105
2,59,16.976644266215708
2,60,20.512630084793553
2,61,20.082369784750313
2,62,18.304005685460154
2,63,21.313208240218867
2,64,23.893114592804395
2,65,23.230946527693245
2,66,23.943528110270805
2,67,27.086427591989096
2,68,28.469137690769532
2,69,30.270480775074386
2,70,29.277360138569406
2,71,25.54346045125163
2,72,24.273430379786983
2,73,21.224255437996106
2,74,18.630286305368056
2,75,14.926736720984765
2,76,13.461992100775
2,77,10.228190312722614
2,78,10.726957281831593
2,79,10.131723576706877
2,80,9.350195843711994
2,81,10.300600465068563
2,82,12.921965475886578
2,83,15.021952634374001
2,84,18.53503035636872
2,85,20.270381302145477
2,86,23.745356698618302
2,87,26.369784800199678
2,88,30.126883751637273
2,89,32.94085964636231
2,90,36.744087174328
2,91,38.11419421479799
2,92,40.839607498557925
2,93,41.88094480957169
2,94,40.13885407918571
2,95,36.6405691817631
2,96,34.02693294871896
2,97,30.515551686216025
2,98,28.290300075271027
2,99,24.58569368857705
2,100,23.069410033139164
2,101,20.695217119108243
2,102,17.568333342218178
2,103,17.633526959143317
2,104,14.271944342350743
2,105,10.828000656148678
2,106,8.482162598269726
2,107,5.388038719611466
2,108,5.454021609268008
2,109,6.973467900847596
2,110,9.607059980095652
2,111,12.847792430043526
3,1,5.822580371615976
3,2,3.796521000129781
3,4,3.7877770614843373
3,5,5.459137655661921
3,6,5.692075637805415
3,7,6.172591889638958
3,8,8.39638497036664
3,9,10.289618010852406
3,10,11.641767909345154
3,11,12.407433161377485
3,12,12.6818954097083
3,13,14.651109442072013
3,14,13.15837936280379
3,15,10.746385219450367
3,16,7.632392819152293
3,17,6.290223205750774
3,18,9.514579888364079
3,19,11.17161532753405
3,20,14.066682678082222
3,21,16.30603227578157
3,22,18.97785157416501
3,23,22.401650411809502
3,24,23.967812051688927
3,25,27.575390136998145
3,26,27.097026532449007
3,27,24.715863382555952
3,28,25.244157520384068
3,29,28.668946710954682
3,30,27.77839471111914
3,31,30.442010539502
3,32,30.484350083091606
3,33,27.462062353890317
3,34,29.214128325860408
3,35,26.103294999499806
3,36,23.369729858309903
3,37,24.234400007303712
3,38,20.78839670414331
3,39,17.07835954745569
3,40,13.789260377146697
3,41,12.983498112619877
3,42,10.731007436130898
3,43,10.82174699586409
3,44,9.966975375368023
3,45,12.208807844058214
3,46,13.574152877981403
3,47,15.8387362063819
3,48,15.673269716318394
3,49,18.400624919467223
3,50,20.214051402824854
3,51,15.938189112021178
3,52,12.81588907516717
3,53,15.067347555722717
3,54,13.483762440600126
3,55,16.726793506707374
3,56,19.98500043088726
3,57,21.049581220441283
3,58,18.724377265265105
3,59,20.014489063933397
3,60,23.496248039659008
3,61,23.22966082569024
3,62,21.747873979387375
3,63,24.75174762059172
3,64,27.25661599560073
3,65,26.748738942168096
3,66,27.59823165452738
3,67,30.66062892341768
3,68,31.97752206560218
3,69,33.85648019322043
3,70,32.72285456363301
3,71,28.960559364440485
3,72,27.440252455535195
3,73,24.24669528566584
3,74,21.80628740227841
3,75,18.02524509417498
3,76,16.13279320114834
3,77,12.606449267340745
3,78,12.18344755386921
3,79,10.451785722135797
3,80,9.547307986166249
3,81,9.104173091888322
3,82,11.027798910683375
3,83,12.339011730011649
3,84,15.734831414450438
3,85,17.185952726290445
3,86,20.486256522668715
3,87,23.23287850742111
3,88,26.952286239637722
3,89,29.944503719085212
3,90,33.735525872336105
3,91,35.34839138130012
3,92,37.970526987684174
3,93,38.82261050927261
3,94,36.95290523928734
3,95,33.3714501904733
3,96,30.88609660912891
3,97,27.313619138698474
3,98,25.3049029831103
3,99,21.644538738452834
3,100,20.453754788064206
3,101,18.382750852292286
3,102,15.616227466218872
3,103,15.395909391568507
3,104,11.800201862005862
3,105,8.907004803649127
3,106,5.731703878832646
3,107,4.231508427364267
3,108,6.67657682322057
3,109,9.421054352237219
3,110,12.63531991512477
3,111,15.502146725099806
4,1,9.378522523968869
4,2,6.927224546878981
4,3,3.7877770614843373
4,5,3.821574886783212
4,6,5.790709263421994
4,7,5.628526634782917
4,8,5.939124595796511
4,9,8.388244239288685
4,10,10.541651167805316
4,11,11.189418948454446
4,12,12.582771170481482
4,13,14.905828559014877
4,14,14.376739653344066
4,15,12.378638330433972
4,16,8.6918726905284
4,17,6.254384575633076
4,18,8.087075910912487
4,19,8.632474994896414
4,20,11.761067228690528
4,21,13.60587671547498
4,22,16.661910738053454
4,23,19.924525629412457
4,24,21.875601798714634
4,25,25.387348969772994
4,26,24.754261410800012
4,27,22.727414089254264
4,28,23.667856996441532
4,29,26.96570735789022
4,30,26.107708908449535
4,31,28.48962056268364
4,32,28.711421449857095
4,33,25.549627233626055
4,34,26.97537788732119
4,35,23.69690999488946
4,36,20.825425880192444
4,37,21.533833477254824
4,38,18.163119966043222
4,39,14.489891180641349
4,40,11.13314997529158
4,41,11.24080951296804
4,42,9.221493793042372
4,43,10.415843632539133
4,44,10.623493298209375
4,45,12.816837416498533
4,46,14.465149348441873
4,47,17.276320742011634
4,48,17.86179346989522
4,49,20.756280290478102
4,50,23.00614228712467
4,51,19.10689103418818
4,52,16.25292335328312
4,53,18.74409549585437
4,54,17.23257797675168
4,55,20.396825971829546
4,56,23.71055934401589
4,57,24.621051911804482
4,58,22.224407988177116
4,59,23.647967544437446
4,60,27.097903304592137
4,61,26.612082325424993
4,62,25.079371149713367
4,63,28.18872312967577
4,64,30.63632772080912
4,65,29.881665054549433
4,66,30.74879953259768
4,67,33.94896007364004
4,68,35.19356120562874
4,69,36.861817066040636
4,70,35.64335322218415
4,71,31.893592928542596
4,72,30.35536817238359
4,73,27.016094194811902
4,74,24.384426585707843
4,75,20.66948532134905
4,76,18.34044951773574
4,77,14.594826423483592
4,78,14.130910796548166
4,79,12.22768956223554
4,80,12.115652717959586
4,81,11.217735910585471
4,82,12.014200991240527
4,83,12.536760950013118
4,84,15.360416223199495
4,85,15.97089434558576
4,86,19.037388905851756
4,87,21.54293009889174
4,88,25.11722468931493
4,89,28.17165008946398
4,90,31.966496705568318
4,91,33.789111574546816
4,92,36.489366990119834
4,93,37.03724085230191
4,94,35.25727684867483
4,95,31.612420146904327
4,96,29.448006515723577
4,97,25.94592558755602
4,98,24.38528141187173
4,99,20.936485178738284
4,100,19.84834322259766
4,101,18.437092492333328
4,102,15.932322999441736
4,103,14.85089150868744
4,104,11.049621208792948
4,105,9.047472940409259
4,106,6.142988022247795
4,107,6.679352545266612
4,108,9.2432900843522
4,109,12.515520962000789
4,110,15.531544230078138
4,111,18.488509936874934
5,1,9.336049196351375
5,2,7.9170288489697365
5,3,5.459137655661921
5,4,3.821574886783212
5,6,3.8201393780605057
5,7,5.876981913949391
5,8,6.0201523085048745
5,9,6.5205976740564475
5,10,9.357738057018894
5,11,11.281088701217216
5,12,12.845497520583008
5,13,15.858733281629513
5,14,15.326925799404757
5,15,14.030888634125201
5,16,10.629348548512237
5,17,9.219215437944417
5,18,10.995471413370526
5,19,11.550474570820205
5,20,14.965930301985894
5,21,16.634263747401306
5,22,19.93250006700025
5,23,23.02912149988473
5,24,25.17241987527292
5,25,28.6235803707184
5,26,27.91665433840607
5,27,26.111202353131947
5,28,27.24490173114888
5,29,30.46720796230543
5,30,29.557437887182303
5,31,31.749087544962453
5,32,31.91122833259364
5,33,28.60252152274277
5,34,29.717100290020255
5,35,26.261674308982467
5,36,23.386255478285555
5,37,24.23941738719948
5,38,21.07268901222675
5,39,17.449822132371338
5,40,14.241616794071508
5,41,14.851685111908123
5,42,12.915548190817665
5,43,14.052410480667445
5,44,13.849549213472672
5,45,15.511503036086129
5,46,16.434787252164647
5,47,18.811996509565343
5,48,19.29666344940029
5,49,21.690349148801666
5,50,23.797441732709927
5,51,20.0535326023667
5,52,17.213608481611143
5,53,19.47165820825236
5,54,18.21518641515958
5,55,21.668119665278645
5,56,24.733997446750354
5,57,26.08616276765663
5,58,23.633598905778925
5,59,24.489600881645067
5,60,28.126423159896103
5,61,27.940175556242018
5,62,26.03498795890631
5,63,28.844035872455013
5,64,31.635612663177067
5,65,30.958972868419142
5,66,31.374730945886082
5,67,34.55325562587096
5,68,36.15849798910032
5,69,37.884616003695264
5,70,37.027170934007444
5,71,33.32306011796092
5,72,32.13378961527624
5,73,29.01451319518425
5,74,26.271673707697598
5,75,22.610720209321045
5,76,20.708300589954266
5,77,17.103590378151715
5,78,17.133691138328498
5,79,15.510649376859218
5,80,14.920926916819155
5,81,13.968357727149602
5,82,15.186895005587797
5,83,15.41430597518041
5,84,18.29753276701855
5,85,18.849295139579226
5,86,21.595433598107533
5,87,24.28388364304556
5,88,27.747601950693998
5,89,30.99253345178327
5,90,34.73171580965031
5,91,36.79694304770792
5,92,39.36005797857124
5,93,39.69603253963635
5,94,37.73650755591604
5,95,33.99736781604877
5,96,32.0051907107698
5,97,28.42537197030019
5,98,27.066955705958254
5,99,23.655350976129682
5,100,22.983840925638876
5,101,21.59229577418115
5,102,19.323947306556317
5,103,18.403261998705503
5,104,14.616254648502204
5,105,12.717562562088657
5,106,9.44313450691696
5,107,9.478905622560784
5,108,11.883174963625889
5,109,14.573491966650737
5,110,17.406487133864225
5,111,20.598246565428507
6,1,7.5789303990752055
6,2,6.057895738575644
6,3,5.692075637805415
6,4,5.790709263421994
6,5,3.8201393780605057
6,7,3.7684485044225107
6,8,5.843110582213165
6,9,5.595137873348504
6,10,7.003956921884354
6,11,9.216384822789944
6,12,9.947741484887198
6,13,13.063002031849726
6,14,12.223461826613924
6,15,11.44924059722246
6,16,8.594436810999923
6,17,8.594300224154859
6,18,10.797518744926675
6,19,12.448798034362667
6,20,16.073490642160532
6,21,18.410617945493502
6,22,21.707007097569697
6,23,25.07447091227084
6,24,27.286848694351775
6,25,30.676625242972552
6,26,29.676467674328723
6,27,27.557237977586723
6,28,28.7465004576772
6,29,32.17559241902795
6,30,31.598153795853168
6,31,34.03780426645021
6,32,34.41937801726335
6,33,31.289907309914057
6,34,32.653929959277136
6,35,29.31843154663608
6,36,26.398492026313576
6,37,26.94076800386096
6,38,23.556916093401295
6,39,19.99776274324911
6,40,16.51227438051709
6,41,16.652653256274835
6,42,14.016775701390507
6,43,14.234478123286415
6,44,13.092166650548444
6,45,13.984981211494617
6,46,14.108354178203141
6,47,15.98088295521119
6,48,16.386609074508744
6,49,18.431496628838865
6,50,20.561824435217183
6,51,17.19895990472519
6,52,14.728062054379526
6,53,17.228290526044965
6,54,16.652799662846835
6,55,20.32564304025332
6,56,23.05271074006909
6,57,24.31884491688117
6,58,21.54089184720324
6,59,22.12686647042554
6,60,25.804859371676535
6,61,25.486180485589376
6,62,23.241834495570032
6,63,25.9767411008648
6,64,28.87462815454863
6,65,28.012033556480766
6,66,28.19216985728379
6,67,31.456539003408345
6,68,33.17443701356431
6,69,34.77130867361123
6,70,34.10884444286565
6,71,30.47240347876979
6,72,29.59401420344737
6,73,26.640959067949414
6,74,23.714585629760712
6,75,20.20490326374373
6,76,18.650304696979138
6,77,15.283838595198336
6,78,16.08650309799537
6,79,15.266110677374687
6,80,14.798191410125417
6,81,14.771433612760491
6,82,16.633919450005877
6,83,17.63042113289348
6,84,20.78933103941964
6,85,21.671703886885634
6,86,24.693920688988605
6,87,27.298189419116945
6,88,30.85144766461416
6,89,33.94599680974674
6,90,37.7340395586817
6,91,39.57827919588268
6,92,42.27296043832288
6,93,42.78563695401235
6,94,40.951311436885405
6,95,37.268488543544755
6,96,35.13667954365715
6,97,31.58197688964841
6,98,29.98692517256447
6,99,26.46534542213377
6,100,25.44145425076607
6,101,23.72462475006914
6,102,21.035899935996067
6,103,20.33043374478163
6,104,16.575199699938505
6,105,13.985492756034763
6,106,11.019909763274018
6,107,9.709403516150594
6,108,10.985451796913024
6,109,12.980676099119762
6,110,15.236582761740603
6,111,18.719310036703273
7,1,9.046595057169057
7,2,5.999141645169516
7,3,6.172591889638958
7,4,5.628526634782917
7,5,5.876981913949391
7,6,3.7684485044225107
7,8,3.8187873046413214
7,9,5.492644851317122
7,10,5.689074058122232
7,11,6.335659295695193
7,12,7.169925773315832
7,13,9.985966711249066
7,14,9.707986157096903
7,15,8.917165209597082
7,16,5.705749942466428
7,17,5.732969235491006
7,18,7.40827115053238
7,19,9.555567150268395
7,20,13.193240101459743
7,21,15.958315083369753
7,22,19.22183796951146
7,23,22.739589774006813
7,24,25.08274163023089
7,25,28.32465689977944
7,26,27.02964431280473
7,27,24.745686875937036
7,28,26.10056907298292
7,29,29.62609317720805
7,30,29.40803512571243
7,31,31.972011127690465
7,32,32.69180611346702
7,33,29.77823879328671
7,34,31.32887475621203
7,35,28.164867612141858
7,36,25.188515105026447
7,37,25.257771217496458
7,38,21.69758500654773
7,39,18.334022364967492
7,40,14.664218022634362
7,41,14.616284396238886
7,42,11.51895820056542
7,43,11.400526031836629
7,44,10.22890350940409
7,45,10.706842350542896
7,46,10.943917414170642
7,47,13.302840894722628
7,48,14.35534681939379
7,49,16.82447826634514
7,50,19.469727397379074
7,51,16.491960444433133
7,52,14.454501240766762
7,53,17.536347337703376
7,54,17.18883857356982
7,55,20.69626321097456
7,56,23.48106593069335
7,57,24.16059979176297
7,58,21.144331661179724
7,59,22.208407425236633
7,60,25.708540956004686
7,61,24.843379947628044
7,62,22.693428396092667
7,63,25.762187669834194
7,64,28.344722628201197
7,65,27.091285427045815
7,66,27.576887707034114
7,67,31.02142964947889
7,68,32.40530903459518
7,69,33.70028424746222
7,70,32.76263547739029
7,71,29.1312684135194
7,72,28.128885563485113
7,73,24.972688765980354
7,74,21.856152601020558
7,75,18.432255238636547
7,76,16.415605978133385
7,77,12.922387891593635
7,78,13.962627284625578
7,79,13.549007512899477
7,80,14.00971555687402
7,81,14.54367092948078
7,82,16.04714689584868
7,83,17.431079295522768
7,84,20.368927756394374
7,85,21.05616262294292
7,86,24.274127138313116
7,87,26.486502790725027
7,88,30.02458311104768
7,89,32.85697682031652
7,90,36.67509939966252
7,91,38.281872243159306
7,92,41.203923387348716
7,93,41.80950674763215
7,94,40.27738658486317
7,95,36.70187191631064
7,96,34.56732472436129
7,97,31.177055520953093
7,98,29.55680216102336
7,99,26.11124342286333
7,100,24.60938534957006
7,101,23.033846297466724
7,102,20.047690835718022
7,103,18.961327104161928
7,104,15.296628574492178
7,105,12.61800992766356
7,106,10.506667423685416
7,107,9.15965416838809
7,108,9.648831627869608
7,109,11.959622295697379
7,110,13.845114295236506
7,111,17.42355848528644
8,1,12.417868314888517
8,2,9.459305233829035
8,3,8.39638497036664
8,4,5.939124595796511
8,5,6.0201523085048745
8,6,5.843110582213165
8,7,3.8187873046413214
8,9,3.840824336485812
8,10,5.524770614518694
8,11,5.9974213196504245
8,12,8.64327407490818
8,13,11.62891252255189
8,14,12.438078992412175
8,15,11.944335839704353
8,16,8.561311329865129
8,17,7.374358813954257
8,18,7.275621288543514
8,19,7.943848710679507
8,20,11.712918336920945
8,21,13.970627780362031
8,22,17.566405565289227
8,23,20.816037542067274
8,24,23.52888705863347
8,25,26.605127433125503
8,26,25.151475907136362
8,27,23.288413497788145
8,28,25.05380791746437
8,29,28.391964201016194
8,30,28.201659860874862
8,31,30.440681266024868
8,32,31.319508777513015
8,33,28.307560867993043
8,34,29.499193500473435
8,35,26.220830835186526
8,36,23.17354040388769
8,37,23.060658741319358
8,38,19.675121366255336
8,39,16.504934385433096
8,40,12.954030342230691
8,41,13.827253174752203
8,42,11.128372569334502
8,43,12.01457716331972
8,44,11.917809162804229
8,45,12.493990208422785
8,46,13.128701855758043
8,47,15.921158500690074
8,48,17.531204914078415
8,49,20.10486895859848
8,50,22.982939947476535
8,51,20.20239423359399
8,52,18.206792698358417
8,53,21.287428460758967
8,54,20.733628443216176
8,55,24.162495987908777
8,56,27.095876448401498
8,57,27.732518418809914
8,58,24.77616080913368
8,59,25.97689846280586
8,60,29.447929353168927
8,61,28.496429720985024
8,62,26.408903245922374
8,63,29.53025893497346
8,64,32.04748901892654
8,65,30.679813009263555
8,66,31.21042839544255
8,67,34.707516400306694
8,68,36.02030152401674
8,69,37.17815891605103
8,70,36.15361708325391
8,71,32.546387021355294
8,72,31.476072162965504
8,73,28.206428206657332
8,74,25.035594746409107
8,75,21.675035190359992
8,76,19.31208920487021
8,77,15.707107881020834
8,78,16.43823828351685
8,79,15.667633707554534
8,80,16.475167244029528
8,81,16.47896077678195
8,82,17.23285461502824
8,83,17.98173858630214
8,84,20.42580806608111
8,85,20.419929219507026
8,86,23.323348068339403
8,87,25.27475113904891
8,88,28.599758040166353
8,89,31.45520958347
8,90,35.22337097242487
8,91,37.028092599242086
8,92,39.98266436555309
8,93,40.282277197826986
8,94,38.83449924999477
8,95,35.23264520368403
8,96,33.43070475340296
8,97,30.14724429515469
8,98,28.958707835739276
8,99,25.75421989184
8,100,24.40321717104209
8,101,23.393737302099847
8,102,20.704575049191064
8,103,18.992355563019295
8,104,15.315331923385965
8,105,13.4380384854207
8,106,11.517169822248073
8,107,11.372242181936633
8,108,12.452110073550648
8,109,15.261420358712126
8,110,17.251983720587667
8,111,20.729706834224736
9,1,13.082729379474996
9,2,10.936685927549938
9,3,10.289618010852406
9,4,8.388244239288685
9,5,6.5205976740564475
9,6,5.595137873348504
9,7,5.492644851317122
9,8,3.840824336485812
9,10,3.8298486937487057
9,11,6.556810099545285
9,12,9.14073059164593
9,13,12.774990926903742
9,14,13.548981291767463
9,15,13.831208773979153
9,16,10.953478209613086
9,17,10.659319198191287
9,18,10.955934256559834
9,19,11.68801698957514
9,20,15.427915267937934
9,21,17.485524483832826
9,22,21.173916479401885
9,23,24.27380090776882
9,24,27.09518749261367
9,25,30.12083928746913
9,26,28.61385574320424
9,27,26.92233186777214
9,28,28.804113250888893
9,29,32.085099612750255
9,30,31.856631342916224
9,31,33.96200003927466
9,32,34.79037278235812
9,33,31.666122228384488
9,34,32.62925588092311
9,35,29.217596771717915
9,36,26.175495873898335
9,37,26.190407983717826
9,38,22.98001621148663
9,39,19.83740999515314
9,40,16.426323459206657
9,41,17.534238805501246
9,42,14.943395593893108
9,43,15.72739156517507
9,44,15.233558686841684
9,45,15.42781993531285
9,46,15.316353452425146
9,47,17.51271024577972
9,48,18.98172406793614
9,49,20.977113273871645
9,50,23.703676197829402
9,51,21.201373281295442
9,52,19.32004105185733
9,53,22.202741222040448
9,54,21.951655596710392
9,55,25.602810409277275
9,56,28.277080149174115
9,57,29.255663337951376
9,58,26.227746617887433
9,59,26.908658872346557
9,60,30.513588249855882
9,61,29.795871893174272
9,62,27.345730324039028
9,63,30.164880250963208
9,64,32.98097452933821
9,65,31.644605117638136
9,66,31.716862496189584
9,67,35.19498719975486
9,68,36.84280214754393
9,69,38.004912386724556
9,70,37.34971117093388
9,71,33.82086439062777
9,72,33.12207042306414
9,73,30.091120406854614
9,74,26.823109227124476
9,75,23.56781685338335
9,76,21.650593841197
9,77,18.24539279425385
9,78,19.375004894499455
9,79,18.792356787080895
9,80,19.167469109294135
9,81,19.13472356154163
9,82,20.267387651299455
9,83,20.878966528507817
9,84,23.47461912659491
9,85,23.51151685716131
9,86,26.23385940448165
9,87,28.360146138587677
9,88,31.624448073805993
9,89,34.63314504202045
9,90,38.36532230305891
9,91,40.35445735381776
9,92,43.207364965477765
9,93,43.34764305178425
9,94,41.75761223346066
9,95,38.07824444916559
9,96,36.395906566622216
9,97,33.03672501780215
9,98,31.967828103037032
9,99,28.748294596633308
9,100,27.68730738226826
9,101,26.61833659409433
9,102,24.041335860804935
9,103,22.513882008538857
9,104,18.767932128481203
9,105,16.82404704814351
9,106,14.423902904136837
9,107,13.95740470145258
9,108,15.042214476121805
9,109,17.37022663451127
9,110,19.166654700111653
9,111,22.818471333385414
10,1,13.418272135530838
10,2,11.057841731717641
10,3,11.641767909345154
10,4,10.541651167805316
10,5,9.357738057018894
10,6,7.003956921884354
10,7,5.689074058122232
10,8,5.524770614518694
10,9,3.8298486937487057
10,11,3.8194290698126174
10,12,5.812837259794576
10,13,9.593867610022475
10,14,10.698383631333249
10,15,11.860382604973694
10,16,9.802177022109996
10,17,10.675315322121195
10,18,10.881341833569389
10,19,12.508916860762119
10,20,16.16468233329211
10,21,18.788696343247167
10,22,22.34385121121021
10,23,25.642026150266663
10,24,28.49574739032722
10,25,31.395902172582627
10,26,29.58469399647852
10,27,27.60587337617253
10,28,29.5540540949595
10,29,32.99036422927609
10,30,33.13738652691996
10,31,35.465009782576686
10,32,36.5523678711138
10,33,33.652863826303694
10,34,34.87515714764078
10,35,31.632801993312015
10,36,28.571532334613515
10,37,28.239121351438506
10,38,24.847457970229897
10,39,21.843676737992038
10,40,18.266561633406795
10,41,18.9187131364543
10,42,15.822306055996684
10,43,15.812916237853708
10,44,14.6615220766502
10,45,13.940122166827932
10,46,13.000675735707157
10,47,14.759118426771103
10,48,16.521489189688076
10,49,18.21139389803736
10,50,21.152803294403203
10,51,19.354960707387598
10,52,18.09736682958538
10,53,21.255623652005283
10,54,21.62288034763521
10,55,25.271431424228574
10,56,27.63933852430671
10,57,28.327567760998928
10,58,25.022164179943893
10,59,25.621924211830258
10,60,29.111298339715983
10,61,28.0857178418519
10,62,25.40987947593681
10,63,28.218424648718635
10,64,30.960559588521335
10,65,29.302655966800735
10,66,29.251468326726023
10,67,32.839069345218384
10,68,34.44411605336671
10,69,35.328852576067135
10,70,34.76508128089321
10,71,31.358033608845485
10,72,30.927493640407448
10,73,28.026938763166157
10,74,24.566947518052334
10,75,21.606950532726152
10,76,19.883891617834166
10,77,16.816606739643554
10,78,18.634835472946673
10,79,18.811579596476268
10,80,19.532477632326046
10,81,20.23034591803042
10,82,21.65679199632411
10,83,22.849724017705558
10,84,25.578137390706296
10,85,25.828396467842634
10,86,28.804740465598883
10,87,30.782277807997012
10,88,34.111731788347875
10,89,36.92163617425782
10,90,40.689788839678634
10,91,42.422618720271394
10,92,45.435513909112714
10,93,45.75528759531133
10,94,44.351021169377155
10,95,40.7536598925672
10,96,38.94624201806756
10,97,35.649652104230775
10,98,34.3771732323799
10,99,31.091641991459017
10,100,29.654887112464305
10,101,28.383834212908937
10,102,25.45980291704881
10,103,24.016279464295156
10,104,20.376484967572843
10,105,18.004737181122994
10,106,16.0366142480464
10,107,14.839981943082401
10,108,14.96005430810109
10,109,16.733935620610385
10,110,17.800629372605236
10,111,21.572676785477018
11,1,14.699205529150145
11,2,11.62617683002841
11,3,12.407433161377485
11,4,11.189418948454446
11,5,11.281088701217216
11,6,9.216384822789944
11,7,6.335659295695193
11,8,5.9974213196504245
11,9,6.556810099545285
11,10,3.8194290698126174
11,12,3.8179287658889915
11,13,6.8985065952457285
11,14,9.019499606948749
11,15,10.271823881245412
11,16,8.459376156536592
11,17,9.375072867230143
11,18,8.633773505144463
11,19,10.542762321282796
11,20,13.871539601659954
11,21,16.830462679969703
11,22,20.191137409481364
11,23,23.561341883610993
11,24,26.453302289899547
11,25,29.162001062869155
11,26,27.09200212771979
11,27,24.947651893531333
11,28,27.007672438569926
11,29,30.49242638951724
11,30,30.99161682966479
11,31,33.43360804902605
11,32,34.81548461111657
11,33,32.174984072513496
11,34,33.59774391547215
11,35,30.58365364094942
11,36,27.536063906332817
11,37,26.77774090477062
11,38,23.277895249282306
11,39,20.55065315823918
11,40,16.960308575265408
11,41,17.366473316941068
11,42,14.041883360580849
11,43,13.673616668118989
11,44,12.588990626993027
11,45,11.2986668100492
11,46,10.386657553449746
11,47,12.571064996214055
11,48,14.999841406485368
11,49,17.07233533348628
11,50,20.41538747188065
11,51,18.965144991540992
11,52,18.075483844455885
11,53,21.57939265285601
11,54,22.031996838485156
11,55,25.450474375301532
11,56,27.86934581178069
11,57,28.044747113713022
11,58,24.633263949670717
11,59,25.6826693379555
11,60,28.94944870391507
11,61,27.46251630725264
11,62,24.98412873915037
11,63,28.071767747306204
11,64,30.45376802695951
11,65,28.488303664674188
11,66,28.79219946922549
11,67,32.484758322076466
11,68,33.71831777201063
11,69,34.33496868780925
11,70,33.46351233632407
11,71,30.089837407308426
11,72,29.496472002586373
11,73,26.433592553771177
11,74,22.885768549479835
11,75,20.09373685673411
11,76,17.978821234841323
11,77,14.985027452681951
11,78,16.939538049331052
11,79,17.49060852169535
11,80,18.923495228416158
11,81,20.017779678915172
11,82,21.13217115280345
11,83,22.617903943387244
11,84,25.117955699943302
11,85,25.251863415776043
11,86,28.359963162846736
11,87,29.976550123956912
11,88,33.26117974078183
11,89,35.78514449396109
11,90,39.54300423818874
11,91,41.01052460864968
11,92,44.204568840399716
11,93,44.649076972853564
11,94,43.529603483509106
11,95,40.06976782309269
11,96,38.234477377485
11,97,35.11539716740432
11,98,33.789364196090965
11,99,30.600476328787423
11,100,28.76115951301471
11,101,27.602831653561566
11,102,24.490321065512397
11,103,22.79824814959333
11,104,19.397522423027382
11,105,17.066807892154948
11,106,15.882383672182987
11,107,14.72286525917007
11,108,14.258982432017607
11,109,16.125305339475354
11,110,16.820319041489537
11,111,20.48051941050898
12,1,13.622095947823514
12,2,10.772618372649294
12,3,12.6818954097083
12,4,12.582771170481482
12,5,12.845497520583008
12,6,9.947741484887198
12,7,7.169925773315832
12,8,8.64327407490818
12,9,9.14073059164593
12,10,5.812837259794576
12,11,3.8179287658889915
12,13,3.8187991962307817
12,14,5.474557362035797
12,15,7.612500724637134
12,16,7.163223823022782
12,17,9.52833047369674
12,18,9.707029684670369
12,19,12.596100506075915
12,20,15.695973826162211
12,21,19.052928252062568
12,22,22.09744512918427
12,23,25.669484793407676
12,24,28.275644358043476
12,25,31.04556628634776
12,26,29.02706106110688
12,27,26.50502415091034
12,28,28.25486767036481
12,29,31.8914493124038
12,30,32.488546609373756
12,31,35.21830980634501
12,32,36.559680487292944
12,33,34.072310422893125
12,34,35.81742617427718
12,35,32.93887921694062
12,36,29.94239255213279
12,37,29.228514963011115
12,38,25.578882262988344
12,39,22.76878217383301
12,40,19.097580226029585
12,41,18.811888892753377
12,42,15.204038102570626
12,43,13.922561004388239
12,44,11.873943110336986
12,45,9.87430111058474
12,46,7.876950683168357
12,47,9.252989854626637
12,48,11.58558327485474
12,49,13.360501520715758
12,50,16.740515013402295
12,51,15.733003490356719
12,52,15.35945721964268
12,53,18.948171516555742
12,54,19.919233358904627
12,55,23.258418647995875
12,56,25.343226422683774
12,57,25.343656572154178
12,58,21.779951273685406
12,59,22.693475621713365
12,60,25.841288792831474
12,61,24.211349176469497
12,62,21.58478738443347
12,63,24.621976717825465
12,64,26.960661887910963
12,65,24.868513856217533
12,66,25.094203566720285
12,67,28.812727126286827
12,68,30.04202799644063
12,69,30.586333377354435
12,70,29.808622791040275
12,71,26.48958561388141
12,72,26.099513656518052
12,73,23.205747254658192
12,74,19.58269708655278
12,75,16.99171148641396
12,76,15.287260618200436
12,77,12.746478238852342
12,78,15.346486276087274
12,79,16.59605642766599
12,80,17.97596075806154
12,81,19.70536577503912
12,82,21.320162047243578
12,83,23.353654609277864
12,84,26.136639958086814
12,85,26.75663429882364
12,86,30.112315392723357
12,87,31.842280940737258
12,88,35.27433211082344
12,89,37.712032727946045
12,90,41.50339339873469
12,91,42.74320425380292
12,92,45.95744002252344
12,93,46.676502960005145
12,94,45.56122183767439
12,95,42.15337549500274
12,96,40.05611566234983
12,97,36.89786682624659
12,98,35.22946898797859
12,99,31.88864632157926
12,100,29.841771370967567
12,101,28.27267910059662
12,102,24.900633547344043
12,103,23.657228752472967
12,104,20.385455349799507
12,105,17.529304416684425
12,106,16.493889461142413
12,107,14.506897260256476
12,108,13.174333009006087
12,109,14.205564145404775
12,110,14.195848813160058
12,111,17.878381243227786
13,1,15.305513142402225
13,2,12.349478556885748
13,3,14.651109442072013
13,4,14.905828559014877
13,5,15.858733281629513
13,6,13.063002031849726
13,7,9.985966711249066
13,8,11.62891252255189
13,9,12.774990926903742
13,10,9.593867610022475
13,11,6.8985065952457285
13,12,3.8187991962307817
13,14,3.8375099827473105
13,15,6.530754297002693
13,16,7.62378604501797
13,17,10.388679296655294
13,18,10.299627139618837
13,19,13.543424816836827
13,20,15.991706475118377
13,21,19.612316521170158
13,22,22.203508385300236
13,23,25.821921990252193
13,24,28.234871992656444
13,25,30.828292540929283
13,26,28.67678455795385
13,27,25.867077820593607
13,28,27.486011085195162
13,29,31.17572107131304
13,30,32.101259662569305
13,31,35.033546596592096
13,32,36.56309657804019
13,33,34.39269696037944
13,34,36.42744889740093
13,35,33.829108632721976
13,36,30.921328477965822
13,37,29.934971829162635
13,38,26.219211574358987
13,39,23.65590115109324
13,40,20.08440372248442
13,41,19.28015809007951
13,42,15.571170380800366
13,43,13.55170660532266
13,44,11.124127671832634
13,45,8.133968811421761
13,46,5.233827509106363
13,47,6.21712693170388
13,48,9.327768452030439
13,49,11.239294416704759
13,50,14.947477621947467
13,51,14.663769616891516
13,52,15.004160094991633
13,53,18.747913626812455
13,54,20.0298548909411
13,55,22.999547060932162
13,56,24.88359278400441
13,57,24.325630318691005
13,58,20.67568572117916
13,59,21.901146945941512
13,60,24.68685275251529
13,61,22.57019751726045
13,62,20.117429107978356
13,63,23.313029831997223
13,64,25.22961214626666
13,65,22.795854015944244
13,66,23.32539400251183
13,67,27.093105228896075
13,68,27.944256523820414
13,69,28.179739439938636
13,70,27.16106076224325
13,71,23.943967103168596
13,72,23.523072152068924
13,73,20.613582343060166
13,74,16.90535789842307
13,75,14.724987329671034
13,76,12.947627304145135
13,77,11.01159862405471
13,78,14.061539466295025
13,79,16.054038461518847
13,80,17.951239642855718
13,81,20.256695112792116
13,82,21.814810035512426
13,83,24.270393467967345
13,84,26.941999849612653
13,85,27.698102926139565
13,86,31.19693101097054
13,87,32.68737031741527
13,88,36.10496480016764
13,89,38.253192514096874
13,90,42.00922514488427
13,91,42.916758643907286
13,92,46.249719098354696
13,93,47.19785366642962
13,94,46.30820772012649
13,95,43.06001885294069
13,96,40.83421618673911
13,97,37.82602785751118
13,98,35.971826696814944
13,99,32.68106432443933
13,100,30.265026011230727
13,101,28.606326198600925
13,102,25.038580695356647
13,103,23.875078179829636
13,104,20.97873657325763
13,105,18.025506852566906
13,106,17.710883399079357
13,107,15.495761390448669
13,108,13.345717183465101
13,109,13.866267960639442
13,110,13.018454652984282
13,111,16.387884909137693
14,1,12.624668915704865
14,2,10.150336220830091
14,3,13.15837936280379
14,4,14.376739653344066
14,5,15.326925799404757
14,6,12.223461826613924
14,7,9.707986157096903
14,8,12.438078992412175
14,9,13.548981291767463
14,10,10.698383631333249
14,11,9.019499606948749
14,12,5.474557362035797
14,13,3.8375099827473105
14,15,3.7887230940408223
14,16,6.266488514269092
14,17,9.835557671066187
14,18,11.082958352459736
14,19,14.740783242553873
14,20,17.263726996264943
14,21,20.941181740505957
14,22,23.388297777518034
14,23,27.143252037689802
14,24,29.20189126820156
14,25,32.05402892212826
14,26,30.26856628199449
14,27,27.249840406236363
14,28,28.40588748719523
14,29,32.17599608480989
14,30,32.816458058312264
14,31,35.92964239297189
14,32,37.13565189216855
14,33,34.91751177570415
14,34,37.14150803376444
14,35,34.53579038960235
14,36,31.686323836955847
14,37,31.075748948752185
14,38,27.28476352184277
14,39,24.432036779639336
14,40,20.81663552569874
14,41,19.541810895693203
14,42,15.835004172737452
14,43,13.423279969188771
14,44,10.279204505063012
14,45,7.687371361288096
14,46,4.501358212156814
14,47,4.249033013418986
14,48,6.120816981117129
14,49,8.146525059784473
14,50,11.631349071680695
14,51,10.875653661193574
14,52,11.245827647293483
14,53,14.963670644674258
14,54,16.451398495285765
14,55,19.40475686720379
14,56,21.138194119982668
14,57,20.677993777257168
14,58,17.00103991939155
14,59,18.09140235666785
14,60,20.952551698544703
14,61,19.00836745890582
14,62,16.49069069956115
14,63,19.695954138420166
14,64,21.75895946488887
14,65,19.572473762177168
14,66,20.104956448421724
14,67,23.825784016930484
14,68,24.814247801373646
14,69,25.396742318590427
14,70,24.451708661936262
14,71,21.074570559044222
14,72,20.62549586540486
14,73,17.77733632112794
14,74,14.142914639809451
14,75,11.669489149566717
14,76,10.406659252817551
14,77,8.646152901847971
14,78,11.986552325728992
14,79,14.202837183674218
14,80,15.587400812213334
14,81,18.19080759317871
14,82,20.278905106341906
14,83,23.02989527976049
14,84,26.02020594520723
14,85,27.282133558050674
14,86,30.91581391058388
14,87,32.71471229893788
14,88,36.29436894403601
14,89,38.53614436048942
14,90,42.32286425910301
14,91,43.18696111374431
14,92,46.3925649036113
14,93,47.54129832366855
14,94,46.46026112242752
14,95,43.1905350042776
14,96,40.71407288428365
14,97,37.575966375440345
14,98,35.424707404124014
14,99,31.96104979830228
14,100,29.60368335165435
14,101,27.522116763884345
14,102,23.882699042713938
14,103,23.293175280955584
14,104,20.41558081795269
14,105,17.04929544131729
14,106,16.523557892253375
14,107,13.677750552568115
14,108,11.093364180642622
14,109,10.81554901338039
14,110,9.650310957170502
14,111,13.141261861935801
15,1,10.585950489695088
15,2,7.817862846783564
15,3,10.746385219450367
15,4,12.378638330433972
15,5,14.030888634125201
15,6,11.44924059722246
15,7,8.917165209597082
15,8,11.944335839704353
15,9,13.831208773979153
15,10,11.860382604973694
15,11,10.271823881245412
15,12,7.612500724637134
15,13,6.530754297002693
15,14,3.7887230940408223
15,16,3.805521719602475
15,17,7.2816765402965435
15,18,9.298780118286116
15,19,13.087739552958757
15,20,15.364429173647904
15,21,19.00372532591215
15,22,21.189574520106568
15,23,24.996407810308963
15,24,26.717456985034364
15,25,29.745962749012055
15,26,28.309016517925684
15,27,25.16070997607419
15,28,25.93044553840512
15,29,29.71928155798144
15,30,30.10703656281026
15,31,33.32425817283528
15,32,34.29265490414814
15,33,32.08279350473225
15,34,34.465138455531736
15,35,31.93878827750424
15,36,29.185572472933025
15,37,28.805258584814823
15,38,24.99326647141168
15,39,22.026212047990835
15,40,18.498306646633033
15,41,16.77718937209795
15,42,13.18402146798829
15,43,10.50569894429605
15,44,7.048657615438972
15,45,5.2985275456332195
15,46,3.7940430132675402
15,47,5.09780127411964
15,48,5.75017395717153
15,49,8.99168588971111
15,50,11.972736832664053
15,51,9.75248362301289
15,52,9.24227309890841
15,53,13.032964409203808
15,54,13.861182342437246
15,55,16.678989322042426
15,56,18.850217910358754
15,57,18.331892622035202
15,58,14.858478255147554
15,59,16.50947689908548
15,60,19.416135482328098
15,61,17.595806131407606
15,62,15.631794781813683
15,63,19.125544011642535
15,64,21.042105657542763
15,65,19.267508704231837
15,66,20.332237519113477
15,67,23.88696607857715
15,68,24.676123408374263
15,69,25.64717822648864
15,70,24.337271625156085
15,71,20.736278814063606
15,72,19.656868536548245
15,73,16.446528292966914
15,74,13.128245988738438
15,75,9.96134567568906
15,76,8.040297213974512
15,77,5.376292133739432
15,78,8.367380785797277
15,79,10.439729430511601
15,80,11.857461064610114
15,81,14.580181069543727
15,82,16.669516764839774
15,83,19.596638812695335
15,84,22.612012247149895
15,85,24.10987882155938
15,86,27.818218294416933
15,87,29.690280354651165
15,88,33.33176163320839
15,89,35.55429584262169
15,90,39.33375791842477
15,91,40.12932887080445
15,92,43.25931247935552
15,93,44.55053169571019
15,94,43.40355348576236
15,95,40.17362239766263
15,96,37.54370044470542
15,97,34.39643905862332
15,98,32.07531071820969
15,99,28.576010413141145
15,100,26.173983319512153
15,101,23.93658963539546
15,102,20.267367865390984
15,103,19.920040925827205
15,104,17.170532217670704
15,105,13.661303063713106
15,106,13.378962177165073
15,107,10.397149134126753
15,108,7.466978659738957
15,109,7.361634577227013
15,110,6.782003345273428
15,111,10.344132191632474
16,1,9.246872049870161
16,2,5.646100861304905
16,3,7.632392819152293
16,4,8.6918726905284
16,5,10.629348548512237
16,6,8.594436810999923
16,7,5.705749942466428
16,8,8.561311329865129
16,9,10.953478209613086
16,10,9.802177022109996
16,11,8.459376156536592
16,12,7.163223823022782
16,13,7.62378604501797
16,14,6.266488514269092
16,15,3.805521719602475
16,17,3.729971977462172
16,18,6.2622901465940135
16,19,9.89054096548681
16,20,12.59389475123414
