1,2,3.761472475639028
1,3,5.480220862913331
1,4,6.46103083336868
1,5,8.567466024408812
1,6,8.263099093208371
1,7,10.961502528583585
1,8,14.700764820424183
1,9,17.02192468671254
1,10,20.065590949968293
1,11,23.044032810114523
1,12,25.891738083488107
1,13,29.09751856386182
1,14,30.34438373432105
1,15,32.1470342924137
1,16,29.951648762292074
1,17,29.308277822480097
1,18,26.090404305283247
1,19,24.81006794546752
1,20,21.177619736527376
1,21,21.040694732476197
1,22,18.409136477457093
1,23,19.39746358374365
1,24,19.06182772752084
1,25,18.52174911589561
1,26,21.979175711045183
1,27,23.721155598155974
1,28,21.619187149796616
1,29,23.222973282012212
1,30,21.950186505334287
1,31,21.54874936474102
1,32,20.565680733261214
1,33,18.84325842203012
1,34,18.25739662406417
1,35,17.744790637372134
1,36,16.418088836993054
1,37,16.82032456157078
1,38,14.009951500120566
1,39,15.554729975685149
1,40,15.180247786664083
1,41,15.673141262972077
1,42,14.81571944492343
1,43,18.28036304176894
1,44,19.143621231908103
1,45,21.442677370472175
1,46,22.610309845493273
1,47,22.06571381750713
1,48,23.84242771617599
1,49,24.774226030326492
1,50,26.830818445933033
1,51,29.68190005615573
1,52,29.659316524441913
1,53,28.91981789953157
1,54,27.67716754598086
1,55,26.827760451519058
1,56,26.264345713137452
1,57,24.441766832604685
1,58,27.101612555030908
1,59,30.444578754664217
1,60,29.26883848153699
1,61,31.347814361544522
1,62,28.120536595181466
1,63,29.995943976755754
1,64,30.86060201999872
1,65,27.288004683414524
1,66,25.61110199865684
1,67,26.851174198445392
1,68,25.937949591864395
1,69,27.77782387666152
1,70,28.22753099055684
1,71,29.22174793260237
1,72,30.50757758676842
1,73,28.584829914618762
1,74,27.19985033345362
1,75,24.423385420756368
1,76,23.83674303082335
1,77,23.283914150804538
1,78,21.891362969195832
1,79,22.79723655276271
1,80,22.854020100847897
1,81,25.973457312363763
1,82,25.74698190309758
1,83,29.31062708934253
1,84,30.95854708396883
1,85,27.86599877302874
1,86,28.27902392701705
1,87,26.077903407348423
1,88,25.29249069337686
1,89,23.670091350466578
1,90,21.510654653030617
1,91,17.91830581033993
1,92,14.608480192028923
1,93,15.229519421741879
1,94,12.946567917367068
1,95,14.469536146240298
1,96,13.348921144100801
1,97,15.442961299705576
1,98,16.06025043930384
1,99,17.817864575951663
1,100,19.904711392997847
1,101,19.614378141143867
1,102,16.112993542439987
1,103,14.530053421454623
1,104,11.931052191079587
1,105,11.477652680766518
1,106,10.24645197748857
1,107,11.586761522497971
1,108,11.356940636346511
1,109,14.645460253094265
1,110,15.604952751800615
1,111,19.259876506658415
1,112,21.12033667992228
1,113,24.67390411815758
1,114,27.301363362078174
2,1,3.761472475639028
2,3,3.827585835416397
2,4,5.5398890437647115
2,5,6.166438805779651
2,6,5.659326357600121
2,7,7.542429192127949
2,8,11.275744284420185
2,9,13.494336948806803
2,10,16.392132521603745
2,11,19.40552260608415
2,12,22.181905722934303
2,13,25.42020246934346
2,14,26.672699377249653
2,15,28.423475045169177
2,16,26.193038878673324
2,17,25.582522023718465
2,18,22.395599917898085
2,19,21.267532669522346
2,20,17.712259606743658
2,21,17.917325865142896
2,22,15.658438152527815
2,23,17.196078047761457
2,24,17.496166250206592
2,25,17.55119329904414
2,26,21.19453443607264
2,27,23.387292681481306
2,28,21.372594613483052
2,29,22.877230710434333
2,30,21.132265087142976
2,31,21.001341867081926
2,32,19.51669912494891
2,33,17.208006792550538
2,34,16.164260312073147
2,35,15.054890656059309
2,36,13.716880669277101
2,37,13.839917462067406
2,38,11.288457080948183
2,39,13.180442382004347
2,40,13.648181317661741
2,41,14.224532673102548
2,42,13.02215121188597
2,43,16.138692847723377
2,44,16.95539302064485
2,45,18.811874489435763
2,46,20.194945845937326
2,47,20.104611814277987
2,48,22.02577962159882
2,49,23.4730993140316
2,50,25.59316409554761
2,51,28.610457470667168
2,52,28.435478175742464
2,53,27.260023709995227
2,54,25.684022279367188
2,55,24.920467842803735
2,56,24.047348647306347
2,57,22.26256462969525
2,58,24.922802600667385
2,59,28.047313310737717
2,60,26.607760174499315
2,61,28.539493478286207
2,62,25.289534960802378
2,63,27.228420287534608
2,64,27.788479302776718
2,65,24.124896621741335
2,66,22.65213284233845
2,67,24.076144295079587
2,68,23.508022208109367
2,69,25.444809864515097
2,70,26.25962580441665
2,71,27.269349484196592
2,72,28.85860959962644
2,73,27.343710689797682
2,74,25.986352511621543
2,75,22.889095906598513
2,76,21.95203232651795
2,77,20.889229201351938
2,78,19.277967122722938
2,79,19.75048405208097
2,80,19.577492129514273
2,81,22.530515218365156
2,82,22.151521277723326
2,83,25.67866822657303
2,84,27.284644730411905
2,85,24.193193373550667
2,86,24.72569043721812
2,87,22.64697704642801
2,88,22.00267775678471
2,89,20.197592786776944
2,90,17.985708564273814
2,91,14.49351070809664
2,92,11.10762391184086
2,93,11.742823896979253
2,94,9.788604870193282
2,95,11.718830838112119
2,96,11.457152345763149
2,97,14.083601675459933
2,98,15.530900372298964
2,99,17.586063122522923
2,100,20.243703639926967
2,101,20.389875332043346
2,102,16.808163856769827
2,103,15.1486709260836
2,104,11.929066519792501
2,105,10.613521013028649
2,106,8.26278544382748
2,107,8.65932530085607
2,108,7.755608115981911
2,109,10.909974262859969
2,110,11.897349112125829
2,111,15.540001771346128
2,112,17.54192664698429
2,113,21.10273316300267
2,114,23.848923555917303
3,1,5.480220862913331
3,2,3.827585835416397
3,4,3.805454957183961
3,5,5.800469934326915
3,6,7.54818390238292
3,7,9.0697052637331
3,8,12.368690457304158
3,9,13.62064383563239
3,10,16.63780493486296
3,11,19.093314362470352
3,12,21.84218880763265
3,13,24.749230635206228
3,14,25.91006075992285
3,15,28.074464688380655
3,16,26.22849199208454
3,17,26.12080873868055
3,18,23.275965045972335
3,19,22.726590125330034
3,20,19.449440200392804
3,21,20.299791795830014
3,22,18.519114245260152
3,23,20.481581107583676
3,24,21.040327546115716
3,25,21.307223253478274
3,26,24.975698355256025
3,27,27.190528175620017
3,28,25.09694101905992
3,29,26.433426728204285
3,30,24.516454462205683
3,31,24.117019828446697
3,32,22.33476177530139
3,33,19.906093537147083
3,34,18.31067500245178
3,35,16.723364410178707
3,36,14.599314180818421
3,37,13.793714298909022
3,38,10.587892677397845
3,39,11.38308973251383
3,40,11.399564809394079
3,41,12.899571478277815
3,42,12.715143562536872
3,43,16.00460525771084
3,44,17.635179489000127
3,45,19.638825796348158
3,46,21.625637283193736
3,47,22.01018175467982
3,48,24.37865407647658
3,49,26.032022368580783
3,50,28.461753809148043
3,51,31.31609242398376
3,52,30.774552476883656
3,53,29.58150906929508
3,54,27.681307729387928
3,55,26.502871936057513
3,56,25.18021913638837
3,57,22.911588342138803
3,58,25.10564269515438
3,59,28.24818877012717
3,60,27.12039844884269
3,61,29.353017132754474
3,62,26.383606521607064
3,63,28.738314131690466
3,64,29.1189974871674
3,65,25.397642334353776
3,66,24.442233099755946
3,67,26.31558562724625
3,68,26.17810248837459
3,69,28.364269547057674
3,70,29.48484377205773
3,71,30.599949639943905
3,72,32.359790432582614
3,73,31.002338045513408
3,74,29.606350315463267
3,75,26.43599460922221
3,76,25.264406669979852
3,77,23.912502040249933
3,78,21.96882254197237
3,79,21.96956389700504
3,80,21.200098410809456
3,81,23.79187277518155
3,82,22.82824946952833
3,83,26.098207233311108
3,84,27.219311369085624
3,85,23.86147660956101
3,86,23.8211236897407
3,87,21.271509525324323
3,88,20.707517552008326
3,89,19.517988624759077
3,90,16.999225172237196
3,91,13.337946288133441
3,92,10.559846633110084
3,93,12.349670635758342
3,94,11.364648522192232
3,95,14.115763159255737
3,96,14.24150010008352
3,97,17.270736686563616
3,98,18.69312211247882
3,99,21.058163543133077
3,100,23.731831906895238
3,101,23.924834199410533
3,102,20.41925955633171
3,103,18.516965279033485
3,104,15.271624656407102
3,105,14.260057133376877
3,106,11.6292728251767
3,107,11.60500324856355
3,108,9.599016766178355
3,109,11.89402865975412
3,110,11.652434883386647
3,111,15.215271279369134
3,112,16.55068476713243
3,113,19.974868328718568
3,114,22.417642316814526
4,1,6.46103083336868
4,2,5.5398890437647115
4,3,3.805454957183961
4,5,3.835499151823559
4,6,6.5167555452863075
4,7,9.010541012948181
4,8,12.001881631353015
4,9,13.288864093688902
4,10,16.788182591137808
4,11,19.130778950872717
4,12,22.29263410972078
4,13,25.252506090129103
4,14,26.907382443371535
4,15,29.25102334656402
4,16,27.219861111094016
4,17,27.34146657518714
4,18,24.41533323060419
4,19,24.019416772800188
4,20,20.789843218641167
4,21,21.563737749767476
4,22,19.834274438726517
4,23,21.58280004856451
4,24,22.3141336805645
4,25,22.144486772384113
4,26,25.631766159051217
4,27,28.027399693243723
4,28,26.359081148698646
4,29,28.149181552473493
4,30,26.529879270649147
4,31,26.525363839599
4,32,25.02529269668669
4,33,22.58249883269106
4,34,21.25186731382307
4,35,19.612707363416185
4,36,17.812669365565526
4,37,16.910649533865907
4,38,13.920266259983846
4,39,14.56888490454917
4,40,14.717944919440233
4,41,16.57128375710839
4,42,16.45003613749241
4,43,19.61368360328594
4,44,21.135272557850268
4,45,22.859392700848776
4,46,24.762234944300506
4,47,25.13133921893457
4,48,27.250551428085004
4,49,28.89739301543327
4,50,31.046617509554512
4,51,34.09198196862967
4,52,33.817564514404594
4,53,32.51820926128618
4,54,30.708743621318494
4,55,29.793119214323124
4,56,28.5167728509057
4,57,26.39692893403897
4,58,28.63994540422076
4,59,31.6589465077178
4,60,30.332276479686243
4,61,32.3697457532306
4,62,29.308797053951515
4,63,31.51210392772953
4,64,31.63932317388154
4,65,27.86128328312804
4,66,26.85493311343523
4,67,28.51168714567827
4,68,28.263406614870156
4,69,30.095950317015923
4,70,31.00435654828994
4,71,31.6903849781433
4,72,33.15004866894706
4,73,31.72977721681424
4,74,30.75783452472501
4,75,27.523366279520374
4,76,26.755032595232123
4,77,25.384060343823638
4,78,23.860559536508227
4,79,23.80862810688307
4,80,23.2867491581837
4,81,25.734831037014715
4,82,24.707036305446646
4,83,27.891251238172543
4,84,28.85833292142684
4,85,25.43050718892278
4,86,25.47057231954711
4,87,22.819424598127586
4,88,22.83261142269397
4,89,21.6447567257372
4,90,18.709352936518798
4,91,15.283779826274326
4,92,12.815912315506967
4,93,14.780142332929543
4,94,14.000153636120137
4,95,16.492702985656912
4,96,16.810650476292494
4,97,19.51967391782401
4,98,21.050324626448834
4,99,22.94476325194716
4,100,25.442008909647146
4,101,25.297652228075656
4,102,21.624011616886097
4,103,20.304060508513142
4,104,17.31110285347031
4,105,15.860042615896866
4,106,13.5088429775389
4,107,12.990837731646582
4,108,11.128388394897346
4,109,13.04676012142381
4,110,12.592866355471912
4,111,16.26751114503853
4,112,17.098032419839775
4,113,20.708060330647037
4,114,22.715116825167467
5,1,8.567466024408812
5,2,6.166438805779651
5,3,5.800469934326915
5,4,3.835499151823559
5,6,3.8560764775156904
5,7,5.708396598001143
5,8,8.299043021218322
5,9,9.715757691039407
5,10,13.323977692994353
5,11,15.83466199418329
5,12,19.15042299928334
5,13,22.29797098470491
5,14,24.227490418731705
5,15,26.436282874889176
5,16,24.148276833566126
5,17,24.244073525133317
5,18,21.23002235917636
5,19,20.909741690707524
5,20,17.7957752985321
5,21,18.684465935628165
5,22,17.308909101960726
5,23,19.260259995842517
5,24,20.5340495554839
5,25,20.602113012562633
5,26,24.040464659903968
5,27,26.8195080046911
5,28,25.458174025111678
5,29,27.36406749437028
5,30,25.589637415179602
5,31,26.041415110662165
5,32,24.404036855965348
5,33,21.619580047823433
5,34,20.242994423001573
5,35,18.270614600534696
5,36,16.89394237951147
5,37,15.944161664948037
5,38,13.599150876067352
5,39,14.750025158673084
5,40,15.84669453007628
5,41,17.531811007798222
5,42,16.868863587038923
5,43,19.523043084452244
5,44,20.681673162641086
5,45,21.798481731991917
5,46,23.621424902503612
5,47,24.222335141256476
5,48,26.157426420883137
5,49,28.11760656017838
5,50,30.054926674383367
5,51,33.30865646437049
5,52,33.14261020080497
5,53,31.467296265351944
5,54,29.55511051592315
5,55,28.97388057711778
5,56,27.622272934740696
5,57,25.796949466223612
5,58,28.163848285513073
5,59,30.884855775151507
5,60,29.155254192576585
5,61,30.842098135972535
5,62,27.685248150709008
5,63,29.703680646389717
5,64,29.49077797844601
5,65,25.692020155678783
5,66,24.723780142068527
5,67,26.271378335526787
5,68,26.161991121588244
5,69,27.794580902874586
5,70,28.816303367101394
5,71,29.274232826917427
5,72,30.790960454098578
5,73,29.67861954828273
5,74,28.944736962345072
5,75,25.504291464390416
5,76,24.70942180907805
5,77,23.000838530709867
5,78,21.634825176173155
5,79,21.27913653176361
5,80,20.84191905192446
5,81,23.088368634032445
5,82,22.06932529841948
5,83,25.20715285533079
5,84,26.212917620011492
5,85,22.874250687280014
5,86,23.281758131954945
5,87,20.907097653441262
5,88,21.302917242700133
5,89,19.73342120411747
5,90,16.67863952325445
5,91,13.606430543604699
5,92,11.179895101067842
5,93,12.94134745980373
5,94,12.544403395119362
5,95,14.89556353394478
5,96,15.923884192005286
5,97,18.606101556269095
5,98,20.728586506719356
5,99,22.485793335692552
5,100,25.262650485561394
5,101,25.304138646064317
5,102,21.568971996323825
5,103,20.525240085709065
5,104,17.350090074461374
5,105,15.15019959456361
5,106,12.43903641239939
5,107,10.919755040812605
5,108,8.799026501870593
5,109,10.12616060987708
5,110,9.79506803782894
5,111,13.4797335361203
5,112,14.402561473659924
5,113,18.165270254188574
5,114,20.22120596455576
6,1,8.263099093208371
6,2,5.659326357600121
6,3,7.54818390238292
6,4,6.5167555452863075
6,5,3.8560764775156904
6,7,3.800497099454251
6,8,7.029328956646186
6,9,9.807449539604757
6,10,13.106649885818294
6,11,16.253547652085896
6,12,19.49361898269026
6,13,22.963548233064607
6,14,24.910060414024777
6,15,26.641111590291445
6,16,23.97177656280722
6,17,23.508177815406704
6,18,20.142883715654197
6,19,19.201712639466606
6,20,15.815305268321511
6,21,16.03031971937328
6,22,14.236181255455124
6,23,15.786485220356393
6,24,16.962997994808564
6,25,16.859051278701273
6,26,20.23597268272605
6,27,23.08696462369225
6,28,21.90271221307358
6,29,23.98346573281272
6,30,22.362855722153842
6,31,23.15837888029105
6,32,21.787300207132628
6,33,19.09249547153925
6,34,18.219973880942657
6,35,16.64316016080995
6,36,16.033408323247034
6,37,15.882851232025173
6,38,14.12962182650015
6,39,16.1556222800058
6,40,17.544675751486473
6,41,18.488307480132615
6,42,17.0454229014639
6,43,19.502319467592514
6,44,19.95425014137916
6,45,20.871159334977698
6,46,22.130988811102696
6,47,22.343804324557826
6,48,23.826512345113866
6,49,25.63288107180744
6,50,27.232227643969182
6,51,30.63237160158777
6,52,30.806568067723315
6,53,29.1078660065553
6,54,27.48867069913944
6,55,27.321974839834983
6,56,26.369129901385403
6,57,25.00974514691004
6,58,27.76724527024093
6,59,30.440252027908503
6,60,28.422170199748955
6,61,29.802111797499673
6,62,26.402785825353398
6,63,28.003517463339502
6,64,27.93397609719345
6,65,24.215481739051135
6,66,22.764060454646785
6,67,23.853889233627974
6,68,23.353518264307745
6,69,24.69705866440476
6,70,25.435973248151925
6,71,25.741616592398163
6,72,27.099309420950284
6,73,25.889362168054593
6,74,25.250468996123107
6,75,21.840409042188046
6,76,21.285833285495446
6,77,19.792937330424447
6,78,18.810325468784033
6,79,18.86364885433768
6,80,19.038157275638422
6,81,21.606993233455178
6,82,21.19205219863543
6,83,24.57254213665928
6,84,26.08353870731224
6,85,23.054764669818613
6,86,24.04335477171542
6,87,22.18291650775942
6,88,22.410273014235845
6,89,20.25273589090438
6,90,17.596398129534744
6,91,14.71186909947512
6,92,11.728949870342793
6,93,12.335746601891454
6,94,11.163743761910183
6,95,12.651164711419595
6,96,13.528405177285267
6,97,15.730282604923213
6,98,17.974470926027536
6,99,19.354019515004698
6,100,22.117984670268992
6,101,22.149348420737915
6,102,18.404725816339724
6,103,17.715680219292814
6,104,14.668936359006949
6,105,12.016123448824706
6,106,9.607695051360745
6,107,7.993805986938324
6,108,7.027130726393895
6,109,9.093146192236558
6,110,10.217655244549979
6,111,13.848351582124515
6,112,15.558502911885924
6,113,19.353998743701375
6,114,21.772516430440742
7,1,10.961502528583585
7,2,7.542429192127949
7,3,9.0697052637331
7,4,9.010541012948181
7,5,5.708396598001143
7,6,3.800497099454251
7,8,3.771821233099517
7,9,6.6977529107927865
7,10,9.587507289903348
7,11,12.945827757804066
7,12,15.995086234653654
7,13,19.54585443025909
7,14,21.410968748022007
7,15,22.966323709055644
7,16,20.23519642964702
7,17,19.708698529582264
7,18,16.36005005680194
7,19,15.563017598182448
7,20,12.309812386243099
7,21,13.02457074569916
7,22,11.88515965605168
7,23,14.147418833320394
7,24,16.01419030555519
7,25,16.70050268560001
7,26,20.130353728680642
7,27,23.244694906492636
7,28,22.050935050018744
7,29,23.82074017767086
7,30,21.73896511654919
7,31,22.668168328332797
7,32,20.83844737826308
7,33,17.71609414323906
7,34,16.41624755628209
7,35,14.293801118559836
7,36,13.850526881453579
7,37,13.478625665724005
7,38,12.431920312740326
7,39,14.736466141545868
7,40,16.879121470557212
7,41,17.66150453733953
7,42,15.919639531685734
7,43,17.75211863269653
7,44,18.024109532932417
7,45,18.364123019119912
7,46,19.74549373229543
7,47,20.41680465937901
7,48,21.985080559461785
7,49,24.2428263130004
7,50,25.894414291911563
7,51,29.328407231160043
7,52,29.308088398711792
7,53,27.239289230794146
7,54,25.32152332591193
7,55,25.241039920126006
7,56,24.024909849252072
7,57,22.79296803744461
7,58,25.482624709570125
7,59,27.853732500628315
7,60,25.597999995848728
7,61,26.771339193668876
7,62,23.415971543312228
7,63,25.030812914823585
7,64,24.652946231586046
7,65,20.91327112018181
7,66,19.718463613398132
7,67,21.001407815838775
7,68,20.932660332433226
7,69,22.410833519453035
7,70,23.59849790766104
7,71,24.023536402159124
7,72,25.78031784338061
7,73,25.067031759082756
7,74,24.34609004608534
7,75,20.720042682495077
7,76,19.684310567802406
7,77,17.631249315900103
7,78,16.356252680786064
7,79,15.843903713351878
7,80,15.723802302983938
7,81,18.04061685052976
7,82,17.499155393067575
7,83,20.829345907413007
7,84,22.359967998129072
7,85,19.415905940502128
7,86,20.635450918806303
7,87,19.074964774653218
7,88,19.40045367597853
7,89,16.968070218573054
7,90,14.428036010824455
7,91,11.92561540263032
7,92,9.08895028012195
7,93,9.398184688247689
7,94,8.943676804460209
7,95,10.595189613635814
7,96,12.463796444587288
7,97,14.965159490431425
7,98,17.8030569342001
7,99,19.461046684136182
7,100,22.629652484545566
7,101,23.12039309651674
7,102,19.53532065649721
7,103,18.635020612172134
7,104,15.286016563535552
7,105,12.312026581193711
7,106,9.202012320176918
7,107,6.355055246911169
7,108,4.353970604462267
7,109,5.424632126558031
7,110,6.941446680137119
7,111,10.364753587534025
7,112,12.461867382261087
7,113,16.178734515454384
7,114,18.85173194341632
8,1,14.700764820424183
8,2,11.275744284420185
8,3,12.368690457304158
8,4,12.001881631353015
8,5,8.299043021218322
8,6,7.029328956646186
8,7,3.771821233099517
8,9,3.7664317043554085
8,10,6.411306064250045
8,11,9.83991753251191
8,12,13.029290877464998
8,13,16.67539275007823
8,14,18.918702803942367
8,15,20.389762946697527
8,16,17.43857407781824
8,17,17.10395302441256
8,18,13.817891182139872
8,19,13.479292599097214
8,20,10.771977365780563
8,21,12.015813103747723
8,22,11.904963632679088
8,23,14.479410626951436
8,24,17.07229895252451
8,25,18.080929462378936
8,26,21.230461645571793
8,27,24.649711866957475
8,28,23.83235073219076
8,29,25.610195599398207
8,30,23.4031445285465
8,31,24.694849225999597
8,32,22.716209476940616
8,33,19.359045081049693
8,34,17.91133964298275
8,35,15.385427697211163
8,36,15.257144207729947
8,37,14.53962361079772
8,38,14.19420724360055
8,39,16.352836824773902
8,40,19.007853590711264
8,41,19.915424327397922
8,42,18.158731025839035
8,43,19.3961741059189
8,44,19.534336855135308
8,45,19.170913338966074
8,46,20.591966501668754
8,47,21.68537240504095
8,48,23.115331348753156
8,49,25.7139675041696
8,50,27.169660908683465
8,51,30.681188734869753
8,52,30.657995474131834
8,53,28.210614753903794
8,54,26.11319538875814
8,55,26.2846089602449
8,56,24.857767273733394
8,57,23.849253495062097
8,58,26.392671172401737
8,59,28.331935803345196
8,60,25.772264215635907
8,61,26.56641933731051
8,62,23.310465065627447
8,63,24.782356141739744
8,64,23.851556187813703
8,65,20.18399203507739
8,66,19.32246219930389
8,67,20.5756837143735
8,68,20.896642764209155
8,69,22.12880349047989
8,70,23.561224677235156
8,71,23.690187733012014
8,72,25.540001223029485
8,73,25.324074379517374
8,74,24.92965285508673
8,75,21.159841172627868
8,76,20.048558443749172
8,77,17.489179649937267
8,78,16.391711450837764
8,79,15.201277273916427
8,80,14.96201948135517
8,81,16.63825712035226
8,82,15.868207763776782
8,83,18.879804273055047
8,84,20.21332885505216
8,85,17.397225099842135
8,86,18.926153533948725
8,87,17.68355795533419
8,88,18.61112913806005
8,89,16.02307440207363
8,90,13.387225609119774
8,91,11.762948654745434
8,92,9.816936723695756
8,93,10.081097563149477
8,94,10.672731498913308
8,95,12.089561040988892
8,96,14.695476434969127
8,97,17.0348632482703
8,98,20.248377164635006
8,99,21.760702049478397
8,100,25.04243010195026
8,101,25.677730770342322
8,102,22.20601345338398
8,103,21.53829325344256
8,104,18.24500167829781
8,105,14.984177563592759
8,106,11.9121425561759
8,107,8.40328506289508
8,108,6.406954975291435
8,109,5.003328010712013
8,110,6.097096988567291
8,111,8.618481411109746
8,112,10.447486692309097
8,113,14.031506265403987
8,114,16.503826573293395
9,1,17.02192468671254
9,2,13.494336948806803
9,3,13.62064383563239
9,4,13.288864093688902
9,5,9.715757691039407
9,6,9.807449539604757
9,7,6.6977529107927865
9,8,3.7664317043554085
9,10,3.796387259900843
9,11,6.4856133737176735
9,12,9.932452328288036
9,13,13.394340423312308
9,14,15.82383155966344
9,15,17.712092640745716
9,16,15.046092436455902
9,17,15.451510065837788
9,18,12.719259367058632
9,19,13.44013715224439
9,20,11.532953633960128
9,21,13.751681639363861
9,22,14.45906191930432
9,23,17.443249025208377
9,24,20.26855386087092
9,25,21.593310162830054
9,26,24.7321429754219
9,27,28.176205536776738
9,28,27.283360680428082
9,29,28.8470563360076
9,30,26.39787838979843
9,31,27.521067578396654
9,32,25.205576364823745
9,33,21.667016245085406
9,34,19.700052562510756
9,35,16.662482054519877
9,36,16.043435277756267
9,37,14.487299548961248
9,38,14.254536254342916
9,39,15.760363386721767
9,40,18.677606211823793
9,41,20.02252360278489
9,42,18.720588206951064
9,43,19.634590571243645
9,44,20.20868426567433
9,45,19.579403654437762
9,46,21.50693774865599
9,47,23.17432124315322
9,48,24.940947361664506
9,49,27.845798043149646
9,50,29.52461754963403
9,51,32.9108890026292
9,52,32.55218807584235
9,53,29.931306826603123
9,54,27.470613339375706
9,55,27.393721086482106
9,56,25.49722316176594
9,57,24.235264738188327
9,58,26.342609272898073
9,59,28.023905264046203
9,60,25.540259979722023
9,61,26.38059166618679
9,62,23.452085118694896
9,63,25.239383338220332
9,64,23.88818058191076
9,65,20.24291421906801
9,66,20.089405484213295
9,67,21.802200538519983
9,68,22.72259612345397
9,69,24.167278457053932
9,70,26.00890185505849
9,71,26.245095021275255
9,72,28.33292111482894
9,73,28.441500346651978
9,74,28.009445405966748
9,75,24.201739122182175
9,76,22.77287120038662
9,77,19.860744495405584
9,78,18.409464757373044
9,79,16.540731051379183
9,80,15.538726254821503
9,81,16.46569358080754
9,82,14.892978886785823
9,83,17.40539453776023
9,84,18.08704283281421
9,85,15.027157740256584
9,86,16.211729682875774
9,87,14.763303069375139
9,88,16.250348328658895
9,89,14.038121558851971
9,90,10.995438732848092
9,91,9.972032710350476
9,92,9.24961604585239
9,93,10.414529139355038
9,94,12.194880992514271
9,95,14.218246259865463
9,96,17.187432773762502
9,97,19.874325374269613
9,98,23.16038498191608
9,99,24.977005384401547
9,100,28.381702982007507
9,101,29.16009770590881
9,102,25.722008294112893
9,103,24.801130305959315
9,104,21.346519027965673
9,105,18.276563684836212
9,106,14.922522748658775
9,107,11.444158158651307
9,108,8.649634514271542
9,109,5.887653290072317
9,110,4.646991967800947
9,111,6.2187324884884525
9,112,7.0401450423656575
9,113,10.61676371688436
9,114,12.819104419005578
10,1,20.065590949968293
10,2,16.392132521603745
10,3,16.63780493486296
10,4,16.788182591137808
10,5,13.323977692994353
10,6,13.106649885818294
10,7,9.587507289903348
10,8,6.411306064250045
10,9,3.796387259900843
10,11,3.7850149468690257
10,12,6.6362500385158585
10,13,10.33318579062049
10,14,12.71673315091648
10,15,14.214317583857483
10,16,11.340094908734025
10,17,11.742996967422057
10,18,9.211710217480476
10,19,10.555470158447225
10,20,9.545020672892866
10,21,12.425042940778006
10,22,14.096508966732495
10,23,17.386329268504156
10,24,20.59457463500026
10,25,22.449462963578693
10,26,25.423239152820738
10,27,28.930980172958105
10,28,28.091028708371528
10,29,29.359595688433924
10,30,26.650515840986923
10,31,27.88091713889031
10,32,25.315441489263186
10,33,21.63118016425207
10,34,19.461324081445653
10,35,16.174267712942637
10,36,15.89675017560076
10,37,14.281104098501157
10,38,14.982504022194915
10,39,16.58455377627442
10,40,19.9402624414803
10,41,20.96290709590452
10,42,19.439110461695496
10,43,19.61083837746537
10,44,19.88397584011842
10,45,18.564868392605444
10,46,20.447782908970034
10,47,22.50989695598684
10,48,24.198592760314252
10,49,27.401618496142998
10,50,29.007381702723023
10,51,32.3155605565265
10,52,31.816842976852445
10,53,28.895617503214787
10,54,26.240487836099266
10,55,26.320345305715588
10,56,24.243472942957126
10,57,23.25605240125301
10,58,25.192373152017424
10,59,26.401194212117634
10,60,23.671044180615578
10,61,24.137917512562634
10,62,21.399710859232055
10,63,23.06928697924928
10,64,21.280406891571417
10,65,17.811134582008695
10,66,18.091138921849964
10,67,19.909301474825586
10,68,21.327814724045542
10,69,22.778588684140818
10,70,25.007136267268027
10,71,25.314458454785864
10,72,27.701267390890255
10,73,28.301135548587222
10,74,27.837859521312087
10,75,24.029528827831363
10,76,22.25048711128094
10,77,18.951344052505256
10,78,17.366105666152727
10,79,14.863636920819179
10,80,13.500755289666573
10,81,13.690590278613087
10,82,11.868674188913127
10,83,14.025066091518518
10,84,14.645062225853549
10,85,11.851973304244542
10,86,13.552443259307822
10,87,12.842249171149103
10,88,14.564197215484466
10,89,12.025546840287696
10,90,9.507253011495685
10,91,9.761782195238423
10,92,9.865390799108827
10,93,10.36559594151941
10,94,12.794932783778682
10,95,14.484858394453202
10,96,17.920761642812504
10,97,20.509696816832804
10,98,24.032544002024817
10,99,25.913671714014114
10,100,29.473257239223244
10,101,30.559736837981113
10,102,27.34495276239889
10,103,26.35566436660759
10,104,22.889771661737058
10,105,19.791581060281857
10,106,16.411602252788292
10,107,12.785171402651423
10,108,10.22873585155549
10,109,6.605808800200655
10,110,5.647201771360824
10,111,4.680503100972607
10,112,5.84775274551042
10,113,8.572772134237098
10,114,11.074597945044204
11,1,23.044032810114523
11,2,19.40552260608415
11,3,19.093314362470352
11,4,19.130778950872717
11,5,15.83466199418329
11,6,16.253547652085896
11,7,12.945827757804066
11,8,9.83991753251191
11,9,6.4856133737176735
11,10,3.7850149468690257
11,12,3.753439254552678
11,13,7.048582197608914
11,14,9.972917396404904
11,15,12.004382819341961
11,16,9.606694371387443
11,17,11.20438603999803
11,18,9.837719606986228
11,19,12.313464186649275
11,20,12.286964921670153
11,21,15.513783700274503
11,22,17.584321999879414
11,23,20.93664089258704
11,24,24.23191439405967
11,25,26.18246149971553
11,26,29.095889170375084
11,27,32.62664849804673
11,28,31.805362102943707
11,29,32.98094090344454
11,30,30.170993350326178
11,31,31.319164098803554
11,32,28.58727163465416
11,33,24.854628151094843
11,34,22.42091826161798
11,35,18.920562749655907
11,36,18.324277378253157
11,37,16.159297082425038
11,38,16.917012267085394
11,39,17.85472249705798
11,40,21.255296799093138
11,41,22.620233589693793
11,42,21.530187009609737
11,43,21.427935054632716
11,44,22.033926525728084
11,45,20.51293117011637
11,46,22.713106622040886
11,47,25.16022424953175
11,48,27.025400296325067
11,49,30.392576553860884
11,50,32.099563821994884
11,51,35.28571285398496
11,52,34.56162945231208
11,53,31.527817275823036
11,54,28.645668232511305
11,55,28.56098978541998
11,56,26.146348106315664
11,57,25.005985338042336
11,58,26.481020769651415
11,59,27.355195095654576
11,60,24.738734823503076
11,61,25.16163102513068
11,62,22.852843398463413
11,63,24.701934263861514
11,64,22.50635274445708
11,65,19.26525207681417
11,66,20.196211452523755
11,67,22.26730790988973
11,68,24.107521614204643
11,69,25.60433892752445
11,70,28.057378668168255
11,71,28.35603180780671
11,72,30.82817914434431
11,73,31.668798078508118
11,74,31.261541535371812
11,75,27.473034934689643
11,76,25.577588146072905
11,77,22.126552945694282
11,78,20.43767054357743
11,79,17.567592785482425
11,80,15.740878261147428
11,81,15.108425585324378
11,82,12.587599671980712
11,83,13.788769370388348
11,84,13.424914707720953
11,85,10.578628937788793
11,86,11.828022813279286
11,87,11.104917066147157
11,88,13.676028726423146
11,89,11.798974282994594
11,90,9.188237199756633
11,91,10.502997874431886
11,92,11.83764902044779
11,93,12.92494467894189
11,94,15.86747684009656
11,95,17.814001500355207
11,96,21.320437893909443
11,97,24.039812147439935
11,98,27.55699555132061
11,99,29.566726312481197
11,100,33.163915075871934
11,101,34.301181842139634
11,102,31.09332919373354
11,103,30.00827523902754
11,104,26.482575375305355
11,105,23.4836270262599
11,106,20.019263508901503
11,107,16.467439844225765
11,108,13.67552292078548
11,109,9.995000433258102
11,110,8.00130033405317
11,111,5.775914379405342
11,112,4.569915783062536
11,113,6.0051329425571085
11,114,7.718488029679587
12,1,25.891738083488107
12,2,22.181905722934303
12,3,21.84218880763265
12,4,22.29263410972078
12,5,19.15042299928334
12,6,19.49361898269026
12,7,15.995086234653654
12,8,13.029290877464998
12,9,9.932452328288036
12,10,6.6362500385158585
12,11,3.753439254552678
12,13,3.7673178699808942
12,14,6.4860824713365375
12,15,8.281211207304358
12,16,6.124045960107497
12,17,8.468508415031156
12,18,8.317572985614932
12,19,11.627286361832315
12,20,12.634243446881813
12,21,16.19761445910637
12,22,18.817152842988243
12,23,22.3134731063017
12,24,25.709228030853946
12,25,28.054270177173485
12,26,30.877043892226457
12,27,34.35017185403493
12,28,33.45363865914477
12,29,34.29721710816171
12,30,31.262681707224385
12,31,32.33485038641565
12,32,29.369688276101346
12,33,25.60846365046933
12,34,22.95382722992078
12,35,19.335885599898322
12,36,18.830619888145947
12,37,16.56184595537777
12,38,17.959098104177723
12,39,18.769625664918976
12,40,22.366928519349674
12,41,23.481765692584133
12,42,22.373251414243168
12,43,21.635240990369407
12,44,22.120435847596976
12,45,20.10844917814599
12,46,22.349482049693382
12,47,25.168685949074536
12,48,27.064903007029624
12,49,30.63189718217761
12,50,32.37298265536326
12,51,35.36332979150231
12,52,34.39804947435103
12,53,31.189365602349614
12,54,28.105300795837472
12,55,27.999607495219628
12,56,25.354849890693895
12,57,24.356983218814428
12,58,25.473708743510436
12,59,25.8491654126756
12,60,23.183545143975707
12,61,23.34056911175424
12,62,21.448561419817327
12,63,23.302400445410683
12,64,20.720643585673916
12,65,17.822808350708325
12,66,19.375783276794152
12,67,21.65687708171991
12,68,23.999654734633364
12,69,25.616289039757493
12,70,28.42195445608482
12,71,28.91812570552638
12,72,31.663962662271537
12,73,32.862222410615765
12,74,32.314032067862804
12,75,28.61403539429598
12,76,26.382531482258372
12,77,22.74294108355853
12,78,20.83603506763317
12,79,17.546507666980098
12,80,15.257402655005825
12,81,13.76587922323773
12,82,10.80185061516604
12,83,11.076016825009903
12,84,10.104417521225997
12,85,7.588331045744899
12,86,9.108128476015256
12,87,9.368182778663051
12,88,12.162411856287521
12,89,10.389742898205876
12,90,8.739601809847729
12,91,11.258885609423656
12,92,13.267377147011786
12,93,13.981114042646519
12,94,17.274486206390453
12,95,19.063576936440022
12,96,22.735909629134618
12,97,25.42827145448092
12,98,28.997641002892006
12,99,31.149203354347495
12,100,34.839229355244896
12,101,36.23214215845053
12,102,33.220765339433925
12,103,31.968069805120965
12,104,28.42873024280441
12,105,25.564067860338024
12,106,22.08257293739269
12,107,18.632778061266336
12,108,15.94855395708158
12,109,12.151363235824435
12,110,10.356837329865876
12,111,7.061957212493625
12,112,6.010088779859058
12,113,4.99801725013469
12,114,6.729758788483453
13,1,29.09751856386182
13,2,25.42020246934346
13,3,24.749230635206228
13,4,25.252506090129103
13,5,22.29797098470491
13,6,22.963548233064607
13,7,19.54585443025909
13,8,16.67539275007823
13,9,13.394340423312308
13,10,10.33318579062049
13,11,7.048582197608914
13,12,3.7673178699808942
13,14,3.8058490328949177
13,15,6.321837095092899
13,16,5.861981595825884
13,17,9.382058138854186
13,18,10.628960335652897
13,19,14.311276147541092
13,20,15.849171523593643
13,21,19.492484348578465
13,22,22.287649017967997
13,23,25.81955758649698
13,24,29.22104380124015
13,25,31.687605519998332
13,26,34.48434149347607
13,27,37.92972970051165
13,28,36.98482971022664
13,29,37.675923387136365
13,30,34.53273624631387
13,31,35.482273198240954
13,32,32.368445154444025
13,33,28.61742480309182
13,34,25.76936738233826
13,35,22.077895991076844
13,36,21.356580998484617
13,37,18.794074029320672
13,38,20.27247773643652
13,39,20.57749448294034
13,40,24.110651524417236
13,41,25.363432680718503
13,42,24.590366536983602
13,43,23.55339755757938
13,44,24.256791462274045
13,45,22.101693281462033
13,46,24.53096113638589
13,47,27.6292128158338
13,48,29.657521404439084
13,49,33.32167433340181
13,50,35.160237961825715
13,51,37.97390605617295
13,52,36.772617107800926
13,53,33.50939998838773
13,54,30.254847179966145
13,55,29.979125333463642
13,56,27.075582598945747
13,57,25.985697814156815
13,58,26.60985567274122
13,59,26.595157246819138
13,60,24.13220731531078
13,61,24.22944447426798
13,62,22.871529466972078
13,63,24.84893544366056
13,64,21.994789495215027
13,65,19.48285475409057
13,66,21.582898496107884
13,67,24.049242617075855
13,68,26.718030001405275
13,69,28.4139637861052
13,70,31.406719403199084
13,71,31.9846770083792
13,72,34.834876862944036
13,73,36.220933542874775
13,74,35.63473787625529
13,75,31.991726437918054
13,76,29.618566609065514
13,77,25.91798360867278
13,78,23.89196918538354
13,79,20.426681973028106
13,80,17.835782945212692
13,81,15.781240139106472
13,82,12.487570313559866
13,83,11.639308334978097
13,84,9.453450222332316
13,85,7.458852212485586
13,86,8.097169274343623
13,87,8.791167657222221
13,88,12.107058397209286
13,89,11.264915224465312
13,90,10.158413069131344
13,91,13.283270223566372
13,92,15.936196883593382
13,93,16.890548712478775
13,94,20.397386023376242
13,95,22.31116024313952
13,96,25.98115952291645
13,97,28.754083901683423
13,98,32.28483981195165
13,99,34.56939084551738
13,100,38.292778672380734
13,101,39.77360351190911
13,102,36.8094020540047
13,103,35.426912621121915
13,104,31.84686533023946
13,105,29.107636310752675
13,106,25.57129900602963
13,107,22.218886357050827
13,108,19.417988204018084
13,109,15.656364383062328
13,110,13.537207662453568
13,111,10.093152990305176
13,112,8.276179057316675
13,113,5.467594772993335
13,114,5.4805072082024875
14,1,30.34438373432105
14,2,26.672699377249653
14,3,25.91006075992285
14,4,26.907382443371535
14,5,24.227490418731705
14,6,24.910060414024777
14,7,21.410968748022007
14,8,18.918702803942367
14,9,15.82383155966344
14,10,12.71673315091648
14,11,9.972917396404904
14,12,6.4860824713365375
14,13,3.8058490328949177
14,15,3.7938935904221407
14,16,5.510119055182625
14,17,8.963566713323813
14,18,11.083118403516133
14,19,14.756946279602944
14,20,16.5788899925412
14,21,20.337749894655474
14,22,23.21472096500298
14,23,26.863234422602936
14,24,30.125303348427252
14,25,32.88574395266053
14,26,35.738466687613254
14,27,39.01344037534917
14,28,37.80712437861079
14,29,38.12793764557054
14,30,34.779962914282564
14,31,35.4445196937634
14,32,32.108922029458384
14,33,28.421038451524225
14,34,25.32632469961657
14,35,21.61975179186581
14,36,20.75025896510627
14,37,18.087072951878213
14,38,19.948979338951048
14,39,20.049658730916075
14,40,23.595093058740567
14,41,24.575411850491964
14,42,23.89532017702788
14,43,22.356095007472934
14,44,23.09082132320432
14,45,20.738951248215553
14,46,23.303306067264003
14,47,26.678759239523377
14,48,28.885897063868207
14,49,32.62573102063794
14,50,34.65314800339763
14,51,37.185626103459676
14,52,35.655225839414854
14,53,32.404736510693276
14,54,28.966469492148054
14,55,28.444219053864767
14,56,25.305101032924444
14,57,24.165521509437504
14,58,24.344290782077483
14,59,23.972126727846277
14,60,21.70884273235122
14,61,21.82816343441583
14,62,20.966162945574165
14,63,23.15618465141996
14,64,20.246145994975286
14,65,18.04906105477908
14,66,20.68193665642702
14,67,23.477463240668794
14,68,26.489821413739506
14,69,28.505488370369253
14,70,31.76488105307656
14,71,32.72810382410868
14,72,35.83870819379772
14,73,37.322186517818
14,74,36.4132840102053
14,75,32.88708385975748
14,76,30.175427188537316
14,77,26.47915847610806
14,78,24.08728154863322
14,79,20.509735188226333
14,80,17.46293839730455
14,81,15.040957043870836
14,82,11.464681650893219
14,83,9.863059737735526
14,84,6.845981050256347
14,85,5.213672710837919
14,86,5.145534573402891
14,87,7.034365002652961
14,88,9.95583171159251
14,89,9.596427856048718
14,90,9.66333104227123
14,91,13.295346544748258
14,92,16.300912843713174
14,93,17.057804115610136
14,94,20.720003702945636
14,95,22.64913366030865
14,96,26.270067168587403
14,97,29.11440270918044
14,98,32.538522034688945
14,99,35.06700348984039
14,100,38.83915115839168
14,101,40.536790812693006
14,102,37.74922482663189
14,103,36.07322882349121
14,104,32.47091341435688
14,105,30.02490469805559
14,106,26.457232838203236
14,107,23.380987384414187
14,108,20.578937609706948
14,109,16.958928110694934
14,110,14.929258621416302
14,111,11.23969188810965
14,112,9.955694110112283
14,113,6.520128559385189
14,114,7.125326974043306
15,1,32.1470342924137
15,2,28.423475045169177
15,3,28.074464688380655
15,4,29.25102334656402
15,5,26.436282874889176
15,6,26.641111590291445
15,7,22.966323709055644
15,8,20.389762946697527
15,9,17.712092640745716
15,10,14.214317583857483
15,11,12.004382819341961
15,12,8.281211207304358
15,13,6.321837095092899
15,14,3.7938935904221407
15,16,3.801048330124882
15,17,6.711528635381718
15,18,9.845699887427015
15,19,13.468041121106195
15,20,16.006686614168576
15,21,19.595822911820573
15,22,22.820024536432246
15,23,26.345019751612497
15,24,29.668296427971708
15,25,32.66562129826836
15,26,35.280277576825135
15,27,38.494929882789236
15,28,37.391158463932086
15,29,37.506420580646605
15,30,34.10507801533984
15,31,34.907062882024796
15,32,31.569765018444254
15,33,27.96485001260232
15,34,25.01590539238226
15,35,21.49634622502736
15,36,21.18592908317564
15,37,19.016499713321178
15,38,21.44684951800659
15,39,22.001104845811977
15,40,25.666627800337398
15,41,26.149784847795797
15,42,25.048189845229395
15,43,23.08957748158954
15,44,23.268945503875702
15,45,20.43338699847915
15,46,22.558547212246747
15,47,25.96036816935768
15,48,27.84976927522928
15,49,31.639048846145997
15,50,33.434785083408144
15,51,35.851570894184334
15,52,34.34820305276918
15,53,30.93002311051379
15,54,27.53965613852864
15,55,27.32923961560459
15,56,24.319336875561078
15,57,23.69947255035293
15,58,23.896618157225518
15,59,23.051067690664706
15,60,20.48869515281852
15,61,20.002710249139817
15,62,19.363989910859463
15,63,21.131543332562686
15,64,17.888875346695876
15,65,16.21201182660816
15,66,19.069027311766355
15,67,21.662884295156324
15,68,24.902955612711356
15,69,26.7693190747295
15,70,30.16703228739028
15,71,31.158611452953938
15,72,34.38206443163089
15,73,36.18179308474686
15,74,35.269405882574986
15,75,31.902682367343417
15,76,29.06713778130579
15,77,25.327631022958244
15,78,23.045228133676968
15,79,19.323539363094934
15,80,16.360107709774212
15,81,13.334881795140065
15,82,10.120810724939615
15,83,7.516318103419258
15,84,4.230646610675105
