1,2,3.7910270916598976
1,3,6.886754443437684
1,4,10.501137578521533
1,5,13.788334056439652
1,6,16.872714802328122
1,7,20.36634548850322
1,8,23.536684870633888
1,9,26.46356539703248
1,10,27.490247870487543
1,11,28.35909527270486
1,12,26.259748760030885
1,13,22.47714617925306
1,14,20.86006753851767
1,15,17.581928124137924
1,16,16.135337898581817
1,17,15.819569292056336
1,18,12.681962411467861
1,19,11.63009473079738
1,20,11.795406005037105
1,21,14.744853258402314
1,22,17.014371581035608
1,23,20.703127835617504
1,24,22.639617948518815
1,25,26.404677386524643
1,26,28.716590431345736
1,27,32.23271344751868
1,28,35.137990880255145
1,29,36.48027908482127
1,30,39.56378300772514
1,31,39.35993475664943
1,32,39.25115822451074
1,33,36.33357842898296
1,34,38.18642265017119
1,35,35.525652127025744
1,36,32.49355913355594
1,37,30.789309658799652
1,38,28.287274427379312
1,39,29.43639115638785
1,40,28.482293709881407
1,41,31.654289317183032
1,42,32.23118032873306
1,43,35.58854158378038
1,44,35.755466811070406
1,45,34.58333489806261
1,46,32.12821887985143
1,47,31.301470786470198
1,48,27.827297394104427
1,49,28.472585015763137
1,50,31.17233923577993
1,51,31.214287046807225
1,52,34.56592176300743
1,53,34.7668158542238
1,54,37.04497529630166
1,55,36.414063855710076
1,56,32.59829847100061
1,57,30.24569176405916
1,58,31.813829864076013
1,59,29.89620863544238
1,60,31.289432468491828
1,61,32.283886625974546
1,62,29.51945277606581
1,63,26.761704700502015
1,64,24.767068693245594
1,65,24.330847005337514
1,66,23.711971931702887
1,67,19.975422527712723
1,68,20.24831525877993
1,69,22.24355562768581
1,70,22.758025238908882
1,71,25.674315891551768
1,72,25.585041847731926
1,73,28.48656225972363
1,74,28.62851318783551
1,75,31.558050645938128
1,76,34.49719487447126
1,77,34.56534652746588
1,78,32.033528653519085
1,79,29.611382026379783
1,80,26.214753671493256
1,81,25.49879671026413
1,82,22.04846549658554
1,83,21.047685269486635
1,84,17.530192523491664
1,85,16.988505653223253
1,86,14.105870116993037
1,87,13.388092236552549
1,88,16.217776961740725
1,89,18.95809164350677
1,90,22.307362745306172
1,91,23.90462550962035
1,92,22.26504428118083
1,93,23.81650866740749
1,94,26.992148291221252
1,95,28.264125102211583
1,96,26.969829138439575
1,97,29.58881787300411
1,98,29.358964874660355
1,99,32.845719346563335
1,100,33.94420594007197
1,101,37.39445697702412
1,102,38.6866365393834
1,103,42.034663468563465
1,104,44.17201872725498
1,105,42.39185250244818
1,106,41.58954839815363
1,107,38.90198675637546
1,108,36.114789316888775
1,109,33.78336221246769
1,110,30.568972999008608
1,111,29.659134036761387
1,112,26.350888379494545
1,113,26.657816453126653
1,114,23.38342244800022
1,115,23.601018622886713
1,116,21.262857829497236
1,117,21.599955034586674
2,1,3.7910270916598976
2,3,3.7942341251407825
2,4,7.031471452965029
2,5,10.600920449681643
2,6,13.463750754763392
2,7,16.959814631024983
2,8,20.056246600516914
2,9,23.070785543250246
2,10,24.052125921859126
2,11,25.120380213315467
2,12,23.246411728526358
2,13,19.46163517163004
2,14,18.26841259317261
2,15,15.124046793750084
2,16,14.31240439374557
2,17,14.094404942832922
2,18,10.940741455503979
2,19,9.16764612722762
2,20,8.455550421114681
2,21,11.186342590737285
2,22,13.273781349982588
2,23,16.992978888038728
2,24,18.924662189753402
2,25,22.689215276385312
2,26,25.071795607699652
2,27,28.573689076147506
2,28,31.537585004539448
2,29,32.99840689789363
2,30,36.072709106456
2,31,35.745136170276936
2,32,35.62812087248786
2,33,32.66282389760205
2,34,34.478563766911336
2,35,31.798900902048846
2,36,28.731015957313094
2,37,27.043785056352636
2,38,24.56899332549792
2,39,25.831352082556275
2,40,25.041481094177623
2,41,28.274530367823907
2,42,29.087761417207922
2,43,32.52345872068478
2,44,32.52275427360359
2,45,31.159408258458537
2,46,28.748782897605576
2,47,27.78418823656089
2,48,24.326902025964895
2,49,24.900017202597816
2,50,27.536320484390863
2,51,27.588868493911203
2,52,30.969290496751295
2,53,31.241081895305967
2,54,33.62726920856353
2,55,33.015684038743665
2,56,29.206182765852553
2,57,26.823794836520403
2,58,28.41258412143713
2,59,26.550024936206064
2,60,27.96239594583877
2,61,29.191727785009878
2,62,26.646825868622535
2,63,23.70163223345732
2,64,21.79931578595482
2,65,21.03071600863948
2,66,20.504528964626925
2,67,16.800301773986636
2,68,16.768893818402375
2,69,18.606051787231966
2,70,19.15960358842008
2,71,22.084852768095427
2,72,22.16016305168158
2,73,25.146065600513115
2,74,25.456874479351292
2,75,28.5227104975109
2,76,31.308573593223034
2,77,31.2193133765582
2,78,28.579546493756045
2,79,26.05586205064556
2,80,22.595807595766704
2,81,21.756829165821035
2,82,18.273113517896544
2,83,17.285849765299236
2,84,13.823716338104182
2,85,13.499864188243908
2,86,10.940239316624847
2,87,10.943462137708714
2,88,13.653686210602803
2,89,16.824058063450504
2,90,20.107571409454273
2,91,21.456616907132517
2,92,19.40388537680641
2,93,20.955733999738012
2,94,23.93138737202142
2,95,24.937065047865705
2,96,23.432123403364432
2,97,25.928665238076032
2,98,25.599794964363173
2,99,29.06608396879796
2,100,30.157455235097416
2,101,33.61100646361376
2,102,34.93833529623102
2,103,38.31594380559453
2,104,40.462066527558605
2,105,38.67001314204768
2,106,37.81698663626337
2,107,35.12361086700591
2,108,32.36978997601388
2,109,30.062557867047563
2,110,26.90728813996314
2,111,26.096465607897308
2,112,22.893145648584802
2,113,23.441303279272397
2,114,20.300709216580593
2,115,20.94129060129443
2,116,18.96311132584756
2,117,19.845977543272415
3,1,6.886754443437684
3,2,3.7942341251407825
3,4,3.77641125758423
3,5,6.99523383591713
3,6,9.994292015066435
3,7,13.503063016162981
3,8,16.67078471250195
3,9,19.591859201418007
3,10,20.76601277826167
3,11,21.850324009370862
3,12,20.09709915036909
3,13,16.380119022452156
3,14,15.432344156691373
3,15,12.707606034872535
3,16,12.633146726231779
3,17,13.294684978447144
3,18,10.847555587999642
3,19,7.935020977104799
3,20,6.902225898000773
3,21,8.671558980985337
3,22,10.67084604134848
3,23,14.226207493182162
3,24,16.09428273150642
3,25,19.847244271582767
3,26,22.21930110598408
3,27,25.85182126629459
3,28,28.610926471516166
3,29,30.113485471686413
3,30,33.35052684823728
3,31,33.16290077617804
3,32,33.36243553402876
3,33,30.527689625699555
3,34,32.52774439160675
3,35,29.986789079164428
3,36,26.80966554976367
3,37,25.27527078272712
3,38,22.768424143819434
3,39,24.126275609927553
3,40,23.389126873284003
3,41,26.458469988473176
3,42,27.477140964836927
3,43,31.072954443896258
3,44,31.14081011698139
3,45,29.590741890027484
3,46,27.522062590739747
3,47,26.531911285445645
3,48,23.281680274345884
3,49,23.852940223200914
3,50,26.291011721508337
3,51,26.307871633915283
3,52,29.66921730667667
3,53,29.899205874588656
3,54,32.60539538736131
3,55,32.22992565993949
3,56,28.46578794353417
3,57,26.16313737584768
3,58,27.833142694107494
3,59,26.08625924286343
3,60,27.390805630259358
3,61,28.993963860027737
3,62,26.81006724785219
3,63,23.701164811201107
3,64,22.132818897864393
3,65,20.782709306264156
3,66,20.47857714623947
3,67,16.964263200212624
3,68,16.209055415261975
3,69,17.495663844117967
3,70,17.891873620054103
3,71,20.48818627110234
3,72,20.44634189623151
3,73,23.19940062840126
3,74,23.244732527971866
3,75,26.18102912039255
3,76,28.789682779751775
3,77,28.900596432402768
3,78,26.05530323011412
3,79,23.754907752188885
3,80,20.18540149427427
3,81,19.55365663141567
3,82,16.13661528610775
3,83,15.468754418689553
3,84,12.426458453949362
3,85,12.215660408899039
3,86,10.575979452147225
3,87,11.07562580415689
3,88,12.894100431368361
3,89,16.322040940618923
3,90,19.159717444423816
3,91,20.712563544674186
3,92,18.292600540543447
3,93,19.27487667160996
3,94,21.963294644253715
3,95,22.663487210609528
3,96,21.198989135967587
3,97,23.562717630696916
3,98,23.18263562379086
3,99,26.70100947166554
3,100,27.766496331185824
3,101,31.336879318807657
3,102,32.508713934065554
3,103,35.88330106467663
3,104,37.86862433618033
3,105,35.90212543304828
3,106,35.229222006087674
3,107,32.536319563751576
3,108,29.571164821522398
3,109,27.268951287175277
3,110,23.970001850896498
3,111,23.257372034944822
3,112,20.033151301824013
3,113,20.750518840042346
3,114,17.855946244668225
3,115,18.59898901081696
3,116,17.108045563618195
3,117,18.084468923427973
4,1,10.501137578521533
4,2,7.031471452965029
4,3,3.77641125758423
4,5,3.7967805798094916
4,6,6.564160521325845
4,7,9.93589676563211
4,8,13.152465113532475
4,9,16.049790661098385
4,10,17.092525678980547
4,11,18.322412246374558
4,12,16.806880122830684
4,13,13.142370713511681
4,14,12.792779510165692
4,15,10.503987201485645
4,16,11.44805345496196
4,17,12.398306335086234
4,18,10.53813597334224
4,19,6.9942476203225254
4,20,4.836398199033431
4,21,5.186460603508665
4,22,7.031396873924298
4,23,10.485454713469862
4,24,12.526835749547962
4,25,16.27349795362337
4,26,18.85658803666904
4,27,22.52450451612167
4,28,25.280493409014817
4,29,27.02647549977304
4,30,30.31244875111002
4,31,29.966410545844234
4,32,30.263301674809146
4,33,27.386603003173132
4,34,29.326375810263407
4,35,26.759325701546928
4,36,23.467317083082772
4,37,21.91020713837706
4,38,19.343077651321973
4,39,20.729787340985546
4,40,20.093301965697233
4,41,23.10277434584701
4,42,24.3519574546355
4,43,28.02516195266268
4,44,28.005630278871475
4,45,26.283956382704073
4,46,24.41180336356389
4,47,23.378287324685296
4,48,20.302451316088437
4,49,20.91321060014664
4,50,23.256332299118306
4,51,23.398391173179434
4,52,26.796042410898018
4,53,27.19272799869265
4,54,30.082179355706725
4,55,29.723942847234586
4,56,26.04101169493904
4,57,23.684058686768648
4,58,25.26418887596241
4,59,23.545318765744646
4,60,24.705740140559698
4,61,26.575686652484887
4,62,24.72981570289515
4,63,21.530035754924874
4,64,20.31510904045863
4,65,18.525283314591128
4,66,18.559906072476767
4,67,15.303135720765006
4,68,13.84649136539306
4,69,14.768843216285005
4,70,15.31932891919918
4,71,17.79564766197019
4,72,18.052260238152922
4,73,20.810609085066066
4,74,21.027415318601772
4,75,24.055909136619448
4,76,26.339399186718204
4,77,26.288915034331744
4,78,23.21706983314008
4,79,20.851450934262168
4,80,17.15283221238149
4,81,16.31201147616914
4,82,12.850435440540902
4,83,12.169251689567433
4,84,9.507246449526608
4,85,9.423942828519284
4,86,8.850803474462959
4,87,10.182778122830996
4,88,11.19633393558771
4,89,14.849717932493656
4,90,17.299168599797895
4,91,18.632510796983524
4,92,15.794771177103854
4,93,16.51728181479994
4,94,18.859158989555702
4,95,19.223544240633025
4,96,17.631787282891334
4,97,19.88221708912418
4,98,19.49989293083349
4,99,23.0521720756106
4,100,24.215063817698187
4,101,27.837989669109653
4,102,29.0796082995886
4,103,32.52017115873137
4,104,34.4586388152132
4,105,32.37323611799301
4,106,31.635927031711926
4,107,28.870124293055564
4,108,25.8780173230356
4,109,23.51234113295539
4,110,20.19825007041266
4,111,19.51165601095808
4,112,16.355840579291094
4,113,17.314415098878822
4,114,14.657823859346175
4,115,15.870221798628362
4,116,14.967804671624855
4,117,16.51952080636932
5,1,13.788334056439652
5,2,10.600920449681643
5,3,6.99523383591713
5,4,3.7967805798094916
5,6,3.839692530318169
5,7,6.7364873167961985
5,8,10.230243117340887
5,9,12.755650034944109
5,10,13.949617857178147
5,11,15.056353092471795
5,12,13.648131016861017
5,13,10.169638332658616
5,14,10.247381723814271
5,15,8.934235949483217
5,16,10.911850114215481
5,17,12.809633201282809
5,18,12.035984291062752
5,19,8.232942951408203
5,20,6.687408546413413
5,21,4.957806515314896
5,22,6.297727053488782
5,23,8.740662966388848
5,24,10.76406571165082
5,25,14.289665470298477
5,26,16.91385773227495
5,27,20.694587296408855
5,28,23.100865610512866
5,29,24.979874448723834
5,30,28.460066301297033
5,31,28.245016007851852
5,32,28.963159514892688
5,33,26.273359282377623
5,34,28.344814809778686
5,35,25.953424264114098
5,36,22.557347747641458
5,37,21.14952947411009
5,38,18.539195199708544
5,39,19.858009910406736
5,40,19.18633948008882
5,41,21.816910767894836
5,42,23.197167074510467
5,43,26.961366863429475
5,44,27.11292744662836
5,45,25.2884773559512
5,46,23.921145399278554
5,47,23.005426120330135
5,48,20.352303794441273
5,49,21.0630334147062
5,50,23.14395687566254
5,51,23.354204962856596
5,52,26.660110105433017
5,53,27.08724179680334
5,54,30.26982672779166
5,55,30.120543685380348
5,56,26.60188205211436
5,57,24.345066526943462
5,58,25.861840351013043
5,59,24.243474345651112
5,60,25.139646698515094
5,61,27.288936973061617
5,62,25.8401415174798
5,63,22.67339906890798
5,64,21.938396685905133
5,65,19.72310710287786
5,66,20.105881639773056
5,67,17.247228594747714
5,68,15.110914886223876
5,69,15.40291701115813
5,70,15.87199262923565
5,71,17.806597885102974
5,72,18.022786052831606
5,73,20.372699770244534
5,74,20.291163990951745
5,75,23.059450293711382
5,76,24.98457945869932
5,77,25.157713965107718
5,78,21.834963889440413
5,79,19.81668930498717
5,80,16.084497711801003
5,81,15.451802713594988
5,82,12.293299117977174
5,83,11.97002230505671
5,84,10.308820811454042
5,85,10.135389233745748
5,86,10.750797479542582
5,87,12.105371926852436
5,88,11.944381897155274
5,89,15.37056352668542
5,90,17.07386621041173
5,91,18.634972922775784
5,92,15.629449788230042
5,93,15.49724507714454
5,94,17.363402807406015
5,95,17.37791365921163
5,96,16.03360908086437
5,97,18.115265110871558
5,98,17.825364968919956
5,99,21.403519076359522
5,100,22.626580480166325
5,101,26.352170617892877
5,102,27.446306850279576
5,103,30.87249640872839
5,104,32.57208728290906
5,105,30.219716354657773
5,106,29.669037264870934
5,107,26.867554592934674
5,108,23.62043120758979
5,109,21.193352275733435
5,110,17.67185723013877
5,111,16.997084128684097
5,112,13.802325218992548
5,113,14.868516346242732
5,114,12.660645388953345
5,115,13.889066802512108
5,116,13.728804853764224
5,117,15.278825730833365
6,1,16.872714802328122
6,2,13.463750754763392
6,3,9.994292015066435
6,4,6.564160521325845
6,5,3.839692530318169
6,7,3.8109384627939966
6,8,6.687569977385669
6,9,9.739913676474435
6,10,11.450550487537809
6,11,13.339068324276075
6,12,12.903820329670179
6,13,10.005600338074919
6,14,11.436920611563457
6,15,11.139127393173082
6,16,13.843511988632933
6,17,15.67306819850219
6,18,15.070462873334531
6,19,11.395839618662007
6,20,9.083083956510745
6,21,6.017865990768885
6,22,4.826307982702649
6,23,6.212654897249757
6,24,7.297776126023685
6,25,10.709778070818217
6,26,13.127633442441649
6,27,16.920552722991793
6,28,19.286997409910914
6,29,21.143540764837613
6,30,24.625929854611197
6,31,24.446998859275308
6,32,25.26825094616126
6,33,22.704635992626876
6,34,24.94092600818561
6,35,22.780752347545615
6,36,19.492995539769378
6,37,18.50823910064313
6,38,16.299123177350232
6,39,18.097552330830364
6,40,18.04355733247037
6,41,20.634712124592127
6,42,22.5731666698472
6,43,26.353066356071604
6,44,26.13316659219782
6,45,23.873353644091917
6,46,22.7096340353744
6,47,21.391931274950863
6,48,18.9399408329235
6,49,19.19640556439417
6,50,20.78293423888505
6,51,20.69254262042904
6,52,23.788612658853804
6,53,24.038946175827988
6,54,27.393591987346717
6,55,27.532901122576163
6,56,24.15670981152917
6,57,22.20405200820669
6,58,23.93653609212496
6,59,22.74081579290942
6,60,23.805057325585764
6,61,26.379127469619146
6,62,25.431809222665894
6,63,22.087143637051312
6,64,21.42318955417715
6,65,18.691718023782748
6,66,18.949502858385465
6,67,16.645993297591627
6,68,14.256626727093916
6,69,13.615484183496067
6,70,13.584800194018536
6,71,14.916166528119495
6,72,15.000388304259117
6,73,17.06440922213993
6,74,16.944134059100488
6,75,19.67062892179365
6,76,21.365663035853295
6,77,21.504927190391047
6,78,18.102068316239716
6,79,16.211366565344292
6,80,12.522320845522865
6,81,12.205053151887677
6,82,9.5138642024867
6,83,10.124230228801796
6,84,9.614223376720766
6,85,10.498613756747377
6,86,12.210749193777229
6,87,14.40741946341794
6,88,13.98043231925047
6,89,17.406342601352172
6,90,18.752697625597545
6,91,19.803397094708572
6,92,16.393590590994844
6,93,16.099028785232264
6,94,17.211025351429704
6,95,16.39343087311864
6,96,14.52700663777251
6,97,15.906119115425156
6,98,15.039663658685086
6,99,18.40655308025749
6,100,19.2838947668277
6,101,22.990777596530222
6,102,23.84953116168783
6,103,27.200218915775547
6,104,28.855999165840917
6,105,26.555948325750446
6,106,26.167585791202786
6,107,23.53977554737783
6,108,20.24155673792941
6,109,18.117916695747613
6,110,14.73766198566905
6,111,14.727240848891704
6,112,12.074485157300995
6,113,14.040312771252909
6,114,12.69148153242414
6,115,14.731987908039791
6,116,15.464875342656173
6,117,17.517409508337703
7,1,20.36634548850322
7,2,16.959814631024983
7,3,13.503063016162981
7,4,9.93589676563211
7,5,6.7364873167961985
7,6,3.8109384627939966
7,8,3.80382972620249
7,9,6.114208903374736
7,10,7.68217133811821
7,11,9.699331755959122
7,12,9.831380704623204
7,13,7.6787858370629944
7,14,10.176677137960764
7,15,11.088748127894542
7,16,14.45817732348108
7,17,16.53459929391783
7,18,16.69659371840567
7,19,13.26283138199586
7,20,11.318351830063866
7,21,7.701775086115904
7,22,6.162152867715834
7,23,5.0364301411629695
7,24,6.050540837244781
7,25,8.63266705320116
7,26,11.342212143933532
7,27,15.070929933407788
7,28,17.098101623859005
7,29,19.370085656405866
7,30,22.94959818269709
7,31,22.627132220162412
7,32,23.786286773437567
7,33,21.32702469863138
7,34,23.442555642922965
7,35,21.367578059887098
7,36,17.980180404034954
7,37,17.021521024222128
7,38,14.77505112992385
7,39,16.335167688100103
7,40,16.280331767741284
7,41,18.384302724776134
7,42,20.48146910314431
7,43,24.233483642337657
7,44,24.10095077877059
7,45,21.763614004073787
7,46,21.14503970868278
7,47,20.011223460491927
7,48,18.144056697621537
7,49,18.59085930560417
7,50,19.920881598518186
7,51,20.10750056745319
7,52,23.084616724834994
7,53,23.590277641920586
7,54,27.115795742227558
7,55,27.286180180881633
7,56,24.195488914188896
7,57,22.25927300829341
7,58,23.696763485953817
7,59,22.5354859257325
7,60,23.19980574145321
7,61,25.9448979981948
7,62,25.43103379324129
7,63,22.273050751675047
7,64,22.19040590087243
7,65,19.220599288352087
7,66,19.981318525995597
7,67,18.17211768867572
7,68,15.2226054404085
7,69,14.161100522178273
7,70,14.377736232538917
7,71,15.201568348175128
7,72,15.658550727404233
7,73,17.352181472568468
7,74,17.300739086498275
7,75,19.795072847619068
7,76,20.836194542108437
7,77,20.89591299308951
7,78,17.23704104165879
7,79,15.58423304288205
7,80,12.046360465517584
7,81,11.543918623542805
7,82,9.465699236787833
7,83,10.100803842293923
7,84,10.772645184202494
7,85,11.368260253268582
7,86,13.901033843072893
7,87,16.065854609834222
7,88,14.78798513306385
7,89,17.780234174065622
7,90,18.37605685922467
7,91,19.313872767132025
7,92,15.859600603900446
7,93,14.862862093907006
7,94,15.22594523565284
7,95,13.877180392401877
7,96,12.229841868073246
7,97,13.280317380931935
7,98,12.626683581949216
7,99,15.953962803358493
7,100,17.07032579460156
7,101,20.819231028895505
7,102,21.720527681406182
7,103,25.107223521978206
7,104,26.543274766375035
7,105,23.926816959694328
7,106,23.528570999603907
7,107,20.76271943587963
7,108,17.297778804582748
7,109,14.987990301460572
7,110,11.426603146793532
7,111,11.394313237071644
7,112,8.933070260809085
7,113,11.236518570416438
7,114,10.769994565634791
7,115,13.104949879059115
7,116,14.745442226153898
7,117,17.018645003846267
8,1,23.536684870633888
8,2,20.056246600516914
8,3,16.67078471250195
8,4,13.152465113532475
8,5,10.230243117340887
8,6,6.687569977385669
8,7,3.80382972620249
8,9,3.8340923139420524
8,10,6.529991977807387
8,11,9.596921640492967
8,12,11.109705983816344
8,13,10.110386820184665
8,14,13.239129412506994
8,15,14.622711018181363
8,16,18.118522648328987
8,17,20.099760885438307
8,18,20.25921854545248
8,19,16.90329432766281
8,20,14.642756955332327
8,21,10.913230346659276
8,22,8.370096482692526
8,23,6.041025839909896
8,24,4.726836846616081
8,25,5.826418402914789
8,26,7.936446273746229
8,27,11.591719891306665
8,28,13.36317263038088
8,29,15.645592025419559
8,30,19.25701145766029
8,31,19.030711317072196
8,32,20.442637321467267
8,33,18.262150961379394
8,34,20.598769852931547
8,35,18.94127593258975
8,36,15.815337206950282
8,37,15.54043458307486
8,38,14.000524825808796
8,39,16.03113737431228
8,40,16.708144081236266
8,41,18.574006269374877
8,42,21.185659729643554
8,43,24.799657524673208
8,44,24.289203110320717
8,45,21.543995060976645
8,46,21.23817281004411
8,47,19.71476019176562
8,48,18.230430556158293
8,49,18.137887418538277
8,50,18.75724741113282
8,51,18.56335530678256
8,52,21.128496984318385
8,53,21.38805680174837
8,54,25.06951197222954
8,55,25.618833041312204
8,56,22.814421156829606
8,57,21.33251910287105
8,58,22.957085949808413
8,59,22.32774143842486
8,60,23.13400197020023
8,61,26.241584628326233
8,62,26.254878182763125
8,63,23.042142570569123
8,64,23.027043992921513
8,65,19.700956350986342
8,66,20.28980597760589
8,67,19.12152567254613
8,68,16.174832378495076
8,69,14.243771214297364
8,70,13.86229063262434
8,71,13.737585281189208
8,72,13.978460388147175
8,73,15.034682427330415
8,74,14.857624812044625
8,75,17.070983828316358
8,76,17.646268792362378
8,77,17.71845531966391
8,78,13.986042057111135
8,79,12.742383216767942
8,80,9.59995990947154
8,81,9.722533978829912
8,82,8.930410747251534
8,83,10.652565181972898
8,84,12.408914841494449
8,85,13.736710473150806
8,86,16.691229260258442
8,87,19.252845982624677
8,88,17.96935482635958
8,89,20.870389478652857
8,90,21.23165380174538
8,91,21.758162522110336
8,92,18.175613541413526
8,93,17.10895795756186
8,94,16.732677396430876
8,95,14.577706611435124
8,96,12.52733506475404
8,97,12.448842008046915
8,98,11.000240229126044
8,99,13.768439175787453
8,100,14.31795500494915
8,101,17.96906821340352
8,102,18.462435513016143
8,103,21.698232861951162
8,104,23.002942693037262
8,105,20.40442284702277
8,106,20.303811644399868
8,107,17.8195869013367
8,108,14.242173419961029
8,109,12.475933197084805
8,110,9.259250248389229
8,111,10.423835997439745
8,112,9.21168926398371
8,113,12.34428958384796
8,114,12.913776981325716
8,115,15.646751502596853
8,116,17.81045745159617
8,117,20.258665038974776
9,1,26.46356539703248
9,2,23.070785543250246
9,3,19.591859201418007
9,4,16.049790661098385
9,5,12.755650034944109
9,6,9.739913676474435
9,7,6.114208903374736
9,8,3.8340923139420524
9,10,3.7570715620567
9,11,6.671893656262901
9,12,9.045861009483625
9,13,9.396187414393689
9,14,12.895531872772043
9,15,15.177719506618129
9,16,18.89303096431157
9,17,21.14280180269963
9,18,21.94355972839464
9,19,18.793109179221336
9,20,17.063025549311618
9,21,13.33055477095534
9,22,11.35255456217626
9,23,8.447147027921162
9,24,7.751737850152053
9,25,7.402230777673247
9,26,9.266604762339885
9,27,12.29812207746633
9,28,13.245000667393775
9,29,15.891237682129992
9,30,19.51565381374629
9,31,19.24098570728424
9,32,21.116566204805224
9,33,19.212506704051382
9,34,21.32053991337786
9,35,19.83430792593067
9,36,16.74204687999087
9,37,16.43390733053719
9,38,14.844050022274889
9,39,16.28207529144266
9,40,16.69596658531698
9,41,17.8031207353278
9,42,20.314982888255734
9,43,23.782886104180168
9,44,23.567359715347376
9,45,20.957645775943618
9,46,21.319352813712957
9,47,20.22224978770631
9,48,19.399202288337317
9,49,19.66631157519217
9,50,20.134687958844687
9,51,20.318236214682038
9,52,22.697247171859487
9,53,23.22904951945556
9,54,26.94851041047104
9,55,27.473234996153487
9,56,24.98728013977939
9,57,23.4892102219174
9,58,24.723972788683692
9,59,24.014888873407532
9,60,24.328269553065812
9,61,27.406124965765066
9,62,27.692991149797415
9,63,24.78488080413091
9,64,25.28253543885852
9,65,21.98056050277971
9,66,23.021366014078087
9,67,22.059356599571732
9,68,18.81473049219735
9,69,16.940923561797174
9,70,16.91917542345864
9,71,16.57669533403602
9,72,17.073456865046527
9,73,17.761423685579267
9,74,17.517887677305424
9,75,19.28637815335571
9,76,19.222612795141686
9,77,19.371204904984378
9,78,15.621344227158708
9,79,14.860189064419957
9,80,12.242837752511555
9,81,12.18466732028703
9,82,11.850241861436011
9,83,13.094825646404255
9,84,15.158141426617592
9,85,15.89435664047147
9,86,19.041040576148585
9,87,21.266273710867576
9,88,19.379865322052357
9,89,21.794426328537586
9,90,21.48790934337987
9,91,22.11691487881009
9,92,18.77429706135114
9,93,16.996915592345765
9,94,15.985419746597694
9,95,13.533950050224675
9,96,12.215345568309214
9,97,11.840168931383912
9,98,11.023206512352274
9,99,13.485001744193891
9,100,14.387622099844323
9,101,17.89256943584021
9,102,18.389013422467627
9,103,21.5291817310694
9,104,22.437192918757678
9,105,19.401357776451082
9,106,19.371095737679376
9,107,16.757467946607225
9,108,12.98969521057867
9,109,10.984757172446123
9,110,7.6199952839473974
9,111,8.614348616717038
9,112,7.9517040071338
9,113,10.908754263481727
9,114,12.439523127894988
9,115,14.917609849942538
9,116,17.709119649218085
9,117,20.014465878467256
10,1,27.490247870487543
10,2,24.052125921859126
10,3,20.76601277826167
10,4,17.092525678980547
10,5,13.949617857178147
10,6,11.450550487537809
10,7,7.68217133811821
10,8,6.529991977807387
10,9,3.7570715620567
10,11,3.6722267298338918
10,12,6.633738137336082
10,13,7.850511434696991
10,14,11.641152274745938
10,15,14.237469364573549
10,16,18.00657463306961
10,17,19.98574773153638
10,18,21.205549664971006
10,19,18.504773807042035
10,20,17.054281029590662
10,21,13.420188574308618
10,22,11.890731074804464
10,23,8.547822595340062
10,24,8.94740767576316
10,25,8.38784019588892
10,26,10.999131491270592
10,27,13.615043888508202
10,28,14.699695737562786
10,29,17.868824587480066
10,30,21.240261749626836
10,31,20.370153291483533
10,32,22.03238512578144
10,33,19.84895067363423
10,34,21.343127890579456
10,35,19.47757211214774
10,36,16.165324064699874
10,37,15.230899558619214
10,38,13.189477920481371
10,39,13.855774560304644
10,40,13.843680287207311
10,41,14.483544212084066
10,42,16.856592417995174
10,43,20.247067478372415
10,44,20.233026474423077
10,45,17.836630936872005
10,46,18.536118384041345
10,47,17.926535274647776
10,48,17.556059138356876
10,49,18.3849382828828
10,50,19.104704217478396
10,51,19.968485004753685
10,52,22.505645960624705
10,53,23.636999390370537
10,54,27.21815352146977
10,55,27.309995719999332
10,56,24.965263280118496
10,57,23.1098315406989
10,58,23.77385487483682
10,59,22.712435395735874
10,60,22.48056319384974
10,61,25.366732019855515
10,62,25.765716482141052
10,63,23.20725506502003
10,64,24.231879306477037
10,65,21.105791842387557
10,66,22.737785522169467
10,67,21.906121320270994
10,68,18.351533746319152
10,69,16.819130518835067
10,70,17.551848932219563
10,71,17.566759516631453
10,72,18.803185103544255
10,73,19.85888174959197
10,74,20.18813827390219
10,75,22.192591720319133
10,76,21.906117502266014
10,77,21.564126408552685
10,78,17.802096521312865
10,79,16.618279926631544
10,80,13.998793755003847
10,81,12.96929811587344
10,82,12.416174229074237
10,83,12.717241053283836
10,84,14.96698064142586
10,85,15.082181198164069
10,86,18.451217464100832
10,87,20.46416636039826
10,88,18.08200849969055
10,89,19.998894565763873
10,90,19.18575750438248
10,91,19.591397269179314
10,92,16.445080893214566
10,93,14.321840575798243
10,94,12.776353010220221
10,95,10.111158718290845
10,96,9.318650645937215
10,97,9.112232993189124
10,98,9.366183148900692
10,99,12.01459807237651
10,100,13.825189822416869
10,101,17.284495164055024
10,102,18.443410495612575
10,103,21.77851232849708
10,104,22.70896401115299
10,105,19.45540563596667
10,106,18.809199935510993
10,107,15.708494900199875
10,108,12.16915364981616
10,109,9.296962905622914
10,110,5.606563898921293
10,111,5.251528859267274
10,112,4.721043431227387
10,113,7.621885199039583
10,114,9.893750679644997
10,115,12.53446578836187
10,116,15.738272891936056
10,117,18.30884845159259
11,1,28.35909527270486
11,2,25.120380213315467
11,3,21.850324009370862
11,4,18.322412246374558
11,5,15.056353092471795
11,6,13.339068324276075
11,7,9.699331755959122
11,8,9.596921640492967
11,9,6.671893656262901
11,10,3.6722267298338918
11,12,3.791964147222115
11,13,6.594891923328703
11,14,10.031951074922361
11,15,13.242806708536687
11,16,16.918495941790496
11,17,19.100914965222355
11,18,20.93589357835624
11,19,18.56023759449959
11,20,17.836864962099142
11,21,14.546774315224846
11,22,13.9129876998423
11,23,10.96147293029729
11,24,12.189142455234808
11,25,11.991196306971204
11,26,14.660564125105164
11,27,17.14833951004817
11,28,17.984553330890982
11,29,21.18045903676962
11,30,24.516738568632498
11,31,23.625922134130363
11,32,25.375754597569923
11,33,23.219025645349877
11,34,24.46338756478677
11,35,22.484678782383387
11,36,19.121087718044482
11,37,17.783244323012255
11,38,15.34582835075734
11,39,15.170010944341511
11,40,14.310167123662422
11,41,14.295783191328578
11,42,15.971770848183581
11,43,19.241897059591338
11,44,19.900985245591286
11,45,18.08658858208041
11,46,19.153175715742623
11,47,19.25658998744566
11,48,19.161812574987298
11,49,20.579133505375093
11,50,21.630671978488515
11,51,22.92052459828735
11,52,25.558919436613607
11,53,26.95502749261093
11,54,30.45280908140538
11,55,30.312406951119677
11,56,27.999639768625457
11,57,25.89197569741658
11,58,26.193463823922315
11,59,24.756548289306163
11,60,24.064914349826793
11,61,26.609010578395893
11,62,26.859746542587413
11,63,24.643463970034453
11,64,25.996953364510258
11,65,23.16695059181974
11,66,25.16009074191068
11,67,24.114134739660365
11,68,20.447338798613586
11,69,19.434592474769005
11,70,20.59768189345085
11,71,20.94400029802289
11,72,22.31963365634998
11,73,23.4996434992816
11,74,23.784921204658954
11,75,25.737712856909347
11,76,25.436435536687508
11,77,25.185193131219492
11,78,21.43504525466119
11,79,20.28269015635966
11,80,17.612806377446237
11,81,16.377958015403053
11,82,15.44665667004644
11,83,15.092475544431965
11,84,16.904609868228224
11,85,16.2187990470683
11,86,19.339437368220075
11,87,20.74085590829669
11,88,17.882536542496133
11,89,19.23197837681282
11,90,17.839117874306957
11,91,18.62842701464484
11,92,15.978951128983356
11,93,13.162708245258742
11,94,11.450701099172948
11,95,9.322366895152353
11,96,9.96663374826721
11,97,10.52322929603093
11,98,11.887264597751052
11,99,14.502449439068412
11,100,16.777196594452544
11,101,20.065881585150656
11,102,21.436480648154504
11,103,24.71731941503562
11,104,25.46528396688284
11,105,22.022846346447214
11,106,21.24517878638942
11,107,17.99832657981003
11,108,14.670604961935519
11,109,11.510361590968417
11,110,8.133669930795207
11,111,6.230719372598794
11,112,5.027486206819525
11,113,5.9422949713421485
11,114,8.668642642278606
11,115,10.45080677732589
11,116,13.999482796922644
11,117,16.21474120080673
12,1,26.259748760030885
12,2,23.246411728526358
12,3,20.09709915036909
12,4,16.806880122830684
12,5,13.648131016861017
12,6,12.903820329670179
12,7,9.831380704623204
12,8,11.109705983816344
12,9,9.045861009483625
12,10,6.633738137336082
12,11,3.791964147222115
12,13,3.810396175638557
12,14,6.5569510617139315
12,15,10.024193251956538
12,16,13.547477451782383
12,17,15.890623241549356
12,18,18.087618207045423
12,19,15.957154788940128
12,20,15.908985004479199
12,21,13.112001209772814
12,22,13.49330860361505
12,23,11.323806688669983
12,24,13.505707236537049
12,25,14.254372461757313
12,26,17.3096098678807
12,27,20.152852858885005
12,28,21.327105747403117
12,29,24.438722573321066
12,30,27.85756003181013
12,31,26.977194266779755
12,32,28.527194842453188
12,33,26.13407310072987
12,34,27.327147663327406
12,35,25.032551226439203
12,36,21.471010698802775
12,37,19.660108525777755
12,38,16.70054572066381
12,39,16.12788032780783
12,40,14.482241959564192
12,41,14.649305661604835
12,42,15.566767975192706
12,43,18.942987159944213
12,44,20.12522977961091
12,45,18.849188218258696
12,46,19.587129400307994
12,47,20.11573167520762
12,48,19.679339167888198
12,49,21.555736588281047
12,50,23.184627366572798
12,51,24.710554993640915
12,52,27.676202996880374
12,53,29.197746795519166
12,54,32.60503203373714
12,55,32.19357205442876
12,56,29.627381500861112
12,57,27.18130939627716
12,58,27.355412267579318
12,59,25.477347859521263
12,60,24.651020051039747
12,61,26.812952645915505
12,62,26.56623237450008
12,63,24.47609593149659
12,64,25.81158994471046
12,65,23.341275306560522
12,66,25.47583040350186
12,67,23.953948261956516
12,68,20.335623793536957
12,69,20.004469430943786
12,70,21.544362244930177
12,71,22.49257204875046
12,72,23.937065751087093
12,73,25.529105223621585
12,74,25.83828925648847
12,75,28.026579513500447
12,76,28.128224927338227
12,77,27.92103981525235
12,78,24.12971727304457
12,79,22.67716098855666
12,80,19.620459453327936
12,81,18.138276319966042
12,82,16.446893630092923
12,83,15.43987476721745
12,84,16.45407295070955
12,85,15.012356176201106
12,86,17.651341980880222
12,87,18.436152408044805
12,88,15.353350445365171
12,89,16.42574781232203
12,90,14.916705713181182
12,91,16.290465049944448
12,92,13.98747418263422
12,93,10.871852346411412
12,94,9.93349897925794
12,95,9.088740521703249
12,96,10.463504265784055
12,97,12.23163533346675
12,98,14.085072841884234
12,99,17.14851798508758
12,100,19.68411322047465
12,101,23.093028174036156
12,102,24.702918033189388
12,103,28.11348726197301
12,104,29.022195060052965
12,105,25.649272611917464
12,106,24.702772655631218
12,107,21.32312076515695
12,108,18.10980570442206
12,109,14.745838141708491
12,110,11.253223485346787
12,111,8.66043343954004
12,112,5.957797135993699
12,113,4.836452403468332
12,114,6.312221556264735
12,115,7.084401635722453
12,116,10.55292224048926
12,117,12.488723740574832
13,1,22.47714617925306
13,2,19.46163517163004
13,3,16.380119022452156
13,4,13.142370713511681
13,5,10.169638332658616
13,6,10.005600338074919
13,7,7.6787858370629944
13,8,10.110386820184665
13,9,9.396187414393689
13,10,7.850511434696991
13,11,6.594891923328703
13,12,3.810396175638557
13,14,3.81991098313011
13,15,6.669053422748206
13,16,10.392448166850832
13,17,12.752877703603081
13,18,14.598299584536987
13,19,12.230729843460258
13,20,12.175010345168342
13,21,9.535212443295462
13,22,10.48964568060829
13,23,9.15671863376347
13,24,11.972397141734048
13,25,13.693589083288757
13,26,17.02135161111786
13,27,20.270946997149405
13,28,21.970000507309273
13,29,24.903386684560317
13,30,28.390545392188198
13,31,27.55543997826153
13,32,28.793911719845152
13,33,26.15033098291051
13,34,27.48322326975295
13,35,24.96078711680248
13,36,21.27237152451066
13,37,19.28528771648252
13,38,16.094810061291867
13,39,15.84257825159289
13,40,14.14094855482557
13,41,15.20555497889062
13,42,16.09809541230127
13,43,19.726323770949975
13,44,20.72055292176085
13,45,19.404218640063682
13,46,19.402536225538633
13,47,19.689977609258552
13,48,18.556022621722462
13,49,20.399966594949948
13,50,22.40401909279774
13,51,23.798748817978915
13,52,27.028257982483893
13,53,28.43491458847306
13,54,31.77731512905869
13,55,31.270438989629444
13,56,28.38669847971707
13,57,25.790629182124245
13,58,26.169724576549726
13,59,24.137906698091406
13,60,23.62888401844302
13,61,25.691156851573208
13,62,24.99215257898185
13,63,22.667186476047306
13,64,23.60907994291814
13,65,21.279854233069887
13,66,23.207206522355666
13,67,21.269519275029776
13,68,17.830265428368666
13,69,17.888859036728192
13,70,19.491511498681586
13,71,20.9076665630754
13,72,22.281540414203878
13,73,24.25421728078642
13,74,24.62175374982886
13,75,27.107035411790353
13,76,27.701395256165217
13,77,27.475668890927363
13,78,23.699382936490043
13,79,21.8980784106696
13,80,18.484055575075327
13,81,16.90589343872219
13,82,14.560260083369927
13,83,13.278656840819108
13,84,13.5844370747625
13,85,11.938442821028538
13,86,14.250894754384815
13,87,14.981932509999965
13,88,12.153893131097123
13,89,13.75276727690445
13,90,12.980354780880978
13,91,14.59754352242847
13,92,12.003041828339791
13,93,9.490640260785131
13,94,9.814073221846307
13,95,9.663872242302178
13,96,10.292327689155494
13,97,12.714258169017608
13,98,14.225636648539771
13,99,17.734786918925558
13,100,20.150555463699444
13,101,23.766458583696288
13,102,25.43904189687001
13,103,28.992353892584486
13,104,30.21266264840623
13,105,27.08683472087772
13,106,26.08321312816017
13,107,22.706586368948866
13,108,19.47976790208116
13,109,16.15242857539416
13,110,12.445398112298527
13,111,10.091024965843024
13,112,6.489534188312573
13,113,5.787864195730263
13,114,4.859891032594896
13,115,5.903646438797366
13,116,8.454258160757755
13,117,10.65141319225286
14,1,20.86006753851767
14,2,18.26841259317261
14,3,15.432344156691373
14,4,12.792779510165692
14,5,10.247381723814271
14,6,11.436920611563457
14,7,10.176677137960764
14,8,13.239129412506994
14,9,12.895531872772043
14,10,11.641152274745938
14,11,10.031951074922361
14,12,6.5569510617139315
14,13,3.81991098313011
14,15,3.782023473937178
14,16,7.117675435299401
14,17,9.974951666158995
14,18,12.335108928794423
14,19,10.352631130750112
14,20,11.472615311675835
14,21,9.925044494299526
14,22,12.079325183282648
14,23,11.80396487890519
14,24,14.94856746990038
14,25,17.130047556022923
14,26,20.480609346285902
14,27,23.85791173576602
14,28,25.647843955908066
14,29,28.470079481997296
14,30,32.00202203004401
14,31,31.238830950356647
14,32,32.39555175790117
14,33,29.665870913100246
14,34,30.979952153260424
14,35,28.31296740866839
14,36,24.57681453621603
14,37,22.356124240944
14,38,18.952300104282152
14,39,18.421832810340195
14,40,16.21750277617099
14,41,17.313685541930806
14,42,17.48892576010073
14,43,20.983012945677547
14,44,22.416123864127876
14,45,21.61055718533091
14,46,21.372596185815304
14,47,22.006308502802383
14,48,20.639494018295217
14,49,22.774404271008695
14,50,25.155647007577333
14,51,26.66859648292075
14,52,30.062100469169703
14,53,31.5077602699438
14,54,34.74529003314248
14,55,34.06110986885856
14,56,31.018148640046235
14,57,28.22047411102413
14,58,28.50978308030568
14,59,26.16607385630407
14,60,25.570534279230863
14,61,27.2248285113141
14,62,26.05034745369559
14,63,23.911378327565266
14,64,24.760511844187242
14,65,22.870876734307583
14,66,24.818292555992812
14,67,22.445280611434125
14,68,19.25504244447449
14,69,19.95711954157715
14,70,21.760946771691533
14,71,23.5959887186437
14,72,24.91063550845523
14,73,27.107747785649355
14,74,27.406500576001925
14,75,29.967229475443716
14,76,30.853910157654354
14,77,30.735861659540138
14,78,26.994839950336523
14,79,25.094564262796297
14,80,21.527603182778048
14,81,19.91925066568288
14,82,17.150765700836867
14,83,15.476638595475332
14,84,14.901522630718071
14,85,12.559779679355993
14,86,13.928715169328449
14,87,13.688670330001496
14,88,10.777050481438584
14,89,11.974559661760132
14,90,11.264371782091452
14,91,13.753465415067138
14,92,11.845333206402072
14,93,9.388735813728806
14,94,10.829519353634764
14,95,11.90446421049225
14,96,13.009388909355529
14,97,15.92903499892836
14,98,17.65705118235837
14,99,21.258171623506932
14,100,23.761855803257824
14,101,27.386854504923196
14,102,29.148629136507484
14,103,32.733913672563375
14,104,34.006240095023664
14,105,30.90203375995813
14,106,29.851863940349496
14,107,26.431961459569365
14,108,23.266940554717
14,109,19.88566489811817
14,110,16.216763666739414
14,111,13.661572762139125
14,112,9.997368799608013
14,113,8.348116285391178
14,114,6.081228349691764
14,115,4.805002842246479
14,116,5.913666163760262
14,117,7.228437938054828
15,1,17.581928124137924
15,2,15.124046793750084
15,3,12.707606034872535
15,4,10.503987201485645
15,5,8.934235949483217
15,6,11.139127393173082
15,7,11.088748127894542
15,8,14.622711018181363
15,9,15.177719506618129
15,10,14.237469364573549
15,11,13.242806708536687
15,12,10.024193251956538
15,13,6.669053422748206
15,14,3.782023473937178
15,16,3.776552844973386
15,17,6.542271386635954
15,18,8.610936076135259
15,19,6.729261954876852
15,20,8.516168295866391
15,21,8.09695634735514
15,22,11.18752990656778
15,23,12.025967959138539
15,24,15.483097959819226
15,25,18.247959766904007
15,26,21.700865119106762
15,27,25.20854337188236
15,28,27.401312622858118
15,29,30.103743035908067
15,30,33.58277617522855
15,31,32.756226525000514
15,32,33.57162859345762
15,33,30.624834228324072
15,34,31.905396276563927
15,35,29.02589798661155
15,36,25.273958922329765
15,37,22.856117487724475
15,38,19.344445229903446
15,39,18.914672972869432
15,40,16.641318114586465
15,41,18.32359997548499
15,42,18.32516624837677
